 #N                         h                    T-rule,eT                    S-rule,eS                    G-Quad,eG
  5        0.250000000000E+00           0.174785453405E+01           0.154179757747E+01           0.157259088783E+01
                                        0.112718724635E+00           0.184612045057E-01           0.114242518131E-02

  9        0.125000000000E+00           0.166990957218E+01           0.156059458489E+01           0.157113879121E+01
                                        0.630974221314E-01           0.649465825751E-02           0.217991783441E-03

 13        0.833333333333E-01           0.164002079304E+01           0.156525277589E+01           0.157091516784E+01
                                        0.440696348902E-01           0.352916184135E-02           0.756287276533E-04

 17        0.625000000000E-01           0.162412651891E+01           0.156719883449E+01           0.157085079393E+01
                                        0.339510259948E-01           0.229026249458E-02           0.346470256299E-04

 21        0.500000000000E-01           0.161423243988E+01           0.156822353213E+01           0.157082567471E+01
                                        0.276522598261E-01           0.163791973676E-02           0.186556361034E-04

 25        0.416666666667E-01           0.160746840319E+01           0.156883982880E+01           0.157081390887E+01
                                        0.233461404502E-01           0.124557310342E-02           0.111652719795E-04

 29        0.357142857143E-01           0.160254638340E+01           0.156924412211E+01           0.157080767950E+01
                                        0.202126854214E-01           0.988191995510E-03           0.719952859545E-05

 33        0.312500000000E-01           0.159880121144E+01           0.156952610895E+01           0.157080407762E+01
                                        0.178284349634E-01           0.808673602346E-03           0.490649896636E-05

 37        0.277777777778E-01           0.159585423863E+01           0.156973197580E+01           0.157080185177E+01
                                        0.159523338562E-01           0.677614698212E-03           0.348948119689E-05

 41        0.250000000000E-01           0.159347386711E+01           0.156988767619E+01           0.157080040283E+01
                                        0.144369423230E-01           0.578492755546E-03           0.256705647791E-05

 45        0.227272727273E-01           0.159151038818E+01           0.157000879964E+01           0.157079941934E+01
                                        0.131869528492E-01           0.501383172178E-03           0.194094978105E-05

 49        0.208333333333E-01           0.158986267983E+01           0.157010521649E+01           0.157079872845E+01
                                        0.121379891648E-01           0.440002300452E-03           0.150111458375E-05

 53        0.192307692308E-01           0.158845994859E+01           0.157018344842E+01           0.157079822895E+01
                                        0.112449827488E-01           0.390198305161E-03           0.118312289585E-05

 57        0.178571428571E-01           0.158725113684E+01           0.157024795942E+01           0.157079785890E+01
                                        0.104754293072E-01           0.349129333811E-03           0.947541718335E-06

 61        0.166666666667E-01           0.158619848398E+01           0.157030189712E+01           0.157079757894E+01
                                        0.980528969859E-02           0.314791525611E-03           0.769313164940E-06

 65        0.156250000000E-01           0.158527345639E+01           0.157034753804E+01           0.157079736324E+01
                                        0.921639886327E-02           0.285735614397E-03           0.631993786229E-06

 69        0.147058823529E-01           0.158445408754E+01           0.157038656509E+01           0.157079719437E+01
                                        0.869477246681E-02           0.260890222196E-03           0.524488225136E-06

 73        0.138888888889E-01           0.158372318890E+01           0.157042024639E+01           0.157079706028E+01
                                        0.822946795179E-02           0.239448040897E-03           0.439125035014E-06

 77        0.131578947368E-01           0.158306711609E+01           0.157044955371E+01           0.157079695246E+01
                                        0.781179904192E-02           0.220790420738E-03           0.370484732481E-06

 81        0.125000000000E-01           0.158247489898E+01           0.157047524294E+01           0.157079686478E+01
                                        0.743478193391E-02           0.204436151235E-03           0.314664778466E-06

 85        0.119047619048E-01           0.158193761625E+01           0.157049790993E+01           0.157079679275E+01
                                        0.709273712972E-02           0.190005901418E-03           0.268806431271E-06

 89        0.113636363636E-01           0.158144793775E+01           0.157051803003E+01           0.157079673302E+01
                                        0.678099812627E-02           0.177197043889E-03           0.230783030737E-06

 93        0.108695652174E-01           0.158099978450E+01           0.157053598664E+01           0.157079668308E+01
                                        0.649569491455E-02           0.165765514695E-03           0.198990284773E-06

 97        0.104166666667E-01           0.158058807228E+01           0.157055209198E+01           0.157079664100E+01
                                        0.623359077958E-02           0.155512533927E-03           0.172202493018E-06

101        0.100000000000E-01           0.158020851589E+01           0.157056660267E+01           0.157079660530E+01
                                        0.599195768463E-02           0.146274743810E-03           0.149472285586E-06

105        0.961538461538E-02           0.157985747794E+01           0.157057973132E+01           0.157079657480E+01
                                        0.576847999343E-02           0.137916788168E-03           0.130059590255E-06

109        0.925925925926E-02           0.157953185074E+01           0.157059165543E+01           0.157079654860E+01
                                        0.556117928163E-02           0.130325661554E-03           0.113380582586E-06

113        0.892857142857E-02           0.157922896311E+01           0.157060252425E+01           0.157079652597E+01
                                        0.536835503419E-02           0.123406358320E-03           0.989705149952E-07

117        0.862068965517E-02           0.157894650629E+01           0.157061246404E+01           0.157079650631E+01
                                        0.518853744353E-02           0.117078488396E-03           0.864563210086E-07

121        0.833333333333E-02           0.157868247439E+01           0.157062158231E+01           0.157079648916E+01
                                        0.502044952058E-02           0.111273620156E-03           0.755361871994E-07

125        0.806451612903E-02           0.157843511625E+01           0.157062997106E+01           0.157079647412E+01
                                        0.486297644183E-02           0.105933175890E-03           0.659641694797E-07

129        0.781250000000E-02           0.157820289620E+01           0.157063770947E+01           0.157079646089E+01
                                        0.471514056888E-02           0.101006751397E-03           0.575384880945E-07

133        0.757575757576E-02           0.157798446186E+01           0.157064486600E+01           0.157079644919E+01
                                        0.457608095155E-02           0.964507640503E-04           0.500925239666E-07

137        0.735294117647E-02           0.157777861755E+01           0.157065150011E+01           0.157079643882E+01
                                        0.444503640252E-02           0.922273574080E-04           0.434879653784E-07

141        0.714285714286E-02           0.157758430224E+01           0.157065766368E+01           0.157079642958E+01
                                        0.432133143728E-02           0.883035077903E-04           0.376092199502E-07

145        0.694444444444E-02           0.157740057105E+01           0.157066340214E+01           0.157079642134E+01
                                        0.420436452886E-02           0.846502910617E-04           0.323592606941E-07

149        0.675675675676E-02           0.157722657977E+01           0.157066875543E+01           0.157079641395E+01
                                        0.409359824409E-02           0.812422773330E-04           0.276562157526E-07

153        0.657894736842E-02           0.157706157181E+01           0.157067375881E+01           0.157079640731E+01
                                        0.398855091886E-02           0.780570285301E-04           0.234306825976E-07

157        0.641025641026E-02           0.157690486709E+01           0.157067844347E+01           0.157079640133E+01
                                        0.388878959907E-02           0.750746791591E-04           0.196235634146E-07

161        0.625000000000E-02           0.157675585260E+01           0.157068283714E+01           0.157079639593E+01
                                        0.379392402818E-02           0.722775847798E-04           0.161843266833E-07

165        0.609756097561E-02           0.157661397431E+01           0.157068696450E+01           0.157079639104E+01
                                        0.370360150456E-02           0.696500258551E-04           0.130695848327E-07

169        0.595238095238E-02           0.157647873025E+01           0.157069084761E+01           0.157079638659E+01
                                        0.361750246529E-02           0.671779571802E-04           0.102419536243E-07

173        0.581395348837E-02           0.157634966453E+01           0.157069450625E+01           0.157079638255E+01
                                        0.353533667925E-02           0.648487949527E-04           0.766910250857E-08

177        0.568181818182E-02           0.157622636216E+01           0.157069795817E+01           0.157079637887E+01
                                        0.345683995366E-02           0.626512351273E-04           0.532296542357E-08

181        0.555555555556E-02           0.157610844455E+01           0.157070121936E+01           0.157079637550E+01
                                        0.338177127498E-02           0.605750978668E-04           0.317911358969E-08

185        0.543478260870E-02           0.157599556562E+01           0.157070430426E+01           0.157079637242E+01
                                        0.330991031872E-02           0.586111938450E-04           0.121620477883E-08

189        0.531914893617E-02           0.157588740837E+01           0.157070722591E+01           0.157079636959E+01
                                        0.324105527379E-02           0.567512089477E-04           0.584452492250E-09

193        0.520833333333E-02           0.157578368187E+01           0.157070999618E+01           0.157079636699E+01
                                        0.317502093592E-02           0.549876045072E-04           0.223928359697E-08

197        0.510204081633E-02           0.157568411866E+01           0.157071262581E+01           0.157079636460E+01
                                        0.311163703218E-02           0.533135307001E-04           0.376275652478E-08

201        0.500000000000E-02           0.157558847242E+01           0.157071512460E+01           0.157079636239E+01
                                        0.305074674442E-02           0.517227511486E-04           0.516765060267E-08

205        0.490196078431E-02           0.157549651590E+01           0.157071750148E+01           0.157079636035E+01
                                        0.299220540471E-02           0.502095770858E-04           0.646528181982E-08

209        0.480769230769E-02           0.157540803912E+01           0.157071976464E+01           0.157079635847E+01
                                        0.293587933976E-02           0.487688097137E-04           0.766569521577E-08

213        0.471698113208E-02           0.157532284777E+01           0.157072192153E+01           0.157079635672E+01
                                        0.288164484487E-02           0.473956895883E-04           0.877782758350E-08

217        0.462962962963E-02           0.157524076176E+01           0.157072397902E+01           0.157079635510E+01
                                        0.282938727082E-02           0.460858520779E-04           0.980964670702E-08

221        0.454545454545E-02           0.157516161395E+01           0.157072594340E+01           0.157079635359E+01
                                        0.277900020927E-02           0.448352880635E-04           0.107682720811E-07

225        0.446428571429E-02           0.157508524898E+01           0.157072782047E+01           0.157079635219E+01
                                        0.273038476473E-02           0.436403091703E-04           0.116600834741E-07

229        0.438596491228E-02           0.157501152230E+01           0.157072961556E+01           0.157079635089E+01
                                        0.268344890234E-02           0.424975169534E-04           0.124907995233E-07

233        0.431034482759E-02           0.157494029919E+01           0.157073133361E+01           0.157079634967E+01
                                        0.263810686254E-02           0.414037755237E-04           0.132655652352E-07

237        0.423728813559E-02           0.157487145397E+01           0.157073297915E+01           0.157079634853E+01
                                        0.259427863466E-02           0.403561871752E-04           0.139890119211E-07

241        0.416666666667E-02           0.157480486924E+01           0.157073455642E+01           0.157079634747E+01
                                        0.255188948269E-02           0.393520706369E-04           0.146653209504E-07

245        0.409836065574E-02           0.157474043523E+01           0.157073606930E+01           0.157079634648E+01
                                        0.251086951727E-02           0.383889416436E-04           0.152982664397E-07

249        0.403225806452E-02           0.157467804915E+01           0.157073752141E+01           0.157079634554E+01
                                        0.247115330868E-02           0.374644955189E-04           0.158912727862E-07

253        0.396825396825E-02           0.157461761469E+01           0.157073891613E+01           0.157079634467E+01
                                        0.243267953641E-02           0.365765915716E-04           0.164474378499E-07

257        0.390625000000E-02           0.157455904148E+01           0.157074025657E+01           0.157079634385E+01
                                        0.239539067124E-02           0.357232390458E-04           0.169695822882E-07

261        0.384615384615E-02           0.157450224465E+01           0.157074154565E+01           0.157079634308E+01
                                        0.235923268643E-02           0.349025844890E-04           0.174602638323E-07

265        0.378787878788E-02           0.157444714442E+01           0.157074278609E+01           0.157079634235E+01
                                        0.232415479492E-02           0.341129003474E-04           0.179218206846E-07

269        0.373134328358E-02           0.157439366574E+01           0.157074398040E+01           0.157079634167E+01
                                        0.229010920989E-02           0.333525746759E-04           0.183563812722E-07

273        0.367647058824E-02           0.157434173791E+01           0.157074513097E+01           0.157079634103E+01
                                        0.225705092620E-02           0.326201018145E-04           0.187658892674E-07

277        0.362318840580E-02           0.157429129429E+01           0.157074623999E+01           0.157079634042E+01
                                        0.222493752074E-02           0.319140739500E-04           0.191521243672E-07

281        0.357142857143E-02           0.157424227201E+01           0.157074730955E+01           0.157079633985E+01
                                        0.219372896968E-02           0.312331734524E-04           0.195167199630E-07

285        0.352112676056E-02           0.157419461171E+01           0.157074834158E+01           0.157079633931E+01
                                        0.216338748112E-02           0.305761659196E-04           0.198611659680E-07

289        0.347222222222E-02           0.157414825729E+01           0.157074933789E+01           0.157079633880E+01
                                        0.213387734144E-02           0.299418938346E-04           0.201868406225E-07

293        0.342465753425E-02           0.157410315569E+01           0.157075030019E+01           0.157079633831E+01
                                        0.210516477434E-02           0.293292707913E-04           0.204949989027E-07

297        0.337837837838E-02           0.157405925670E+01           0.157075123010E+01           0.157079633785E+01
                                        0.207721781103E-02           0.287372762344E-04           0.207868087082E-07

301        0.333333333333E-02           0.157401651276E+01           0.157075212910E+01           0.157079633742E+01
                                        0.205000617087E-02           0.281649506404E-04           0.210633378573E-07

305        0.328947368421E-02           0.157397487877E+01           0.157075299863E+01           0.157079633701E+01
                                        0.202350115127E-02           0.276113911154E-04           0.213255720390E-07

309        0.324675324675E-02           0.157393431197E+01           0.157075384002E+01           0.157079633662E+01
                                        0.199767552614E-02           0.270757473650E-04           0.215744237192E-07

313        0.320512820513E-02           0.157389477177E+01           0.157075465452E+01           0.157079633625E+01
                                        0.197250345206E-02           0.265572179951E-04           0.218107389255E-07

317        0.316455696203E-02           0.157385621960E+01           0.157075544333E+01           0.157079633589E+01
                                        0.194796038155E-02           0.260550471215E-04           0.220352934304E-07

321        0.312500000000E-02           0.157381861882E+01           0.157075620757E+01           0.157079633556E+01
                                        0.192402298276E-02           0.255685212457E-04           0.222488125417E-07

325        0.308641975309E-02           0.157378193458E+01           0.157075694828E+01           0.157079633524E+01
                                        0.190066906506E-02           0.250969663898E-04           0.224519621969E-07

329        0.304878048780E-02           0.157374613368E+01           0.157075766648E+01           0.157079633494E+01
                                        0.187787751012E-02           0.246397454505E-04           0.226453684704E-07

333        0.301204819277E-02           0.157371118456E+01           0.157075836312E+01           0.157079633465E+01
                                        0.185562820777E-02           0.241962557650E-04           0.228296068307E-07

337        0.297619047619E-02           0.157367705711E+01           0.157075903907E+01           0.157079633437E+01
                                        0.183390199655E-02           0.237659268642E-04           0.230052154276E-07

341        0.294117647059E-02           0.157364372263E+01           0.157075969521E+01           0.157079633411E+01
                                        0.181268060838E-02           0.233482183889E-04           0.231726901448E-07

345        0.290697674419E-02           0.157361115375E+01           0.157076033232E+01           0.157079633386E+01
                                        0.179194661701E-02           0.229426181759E-04           0.233324993014E-07

349        0.287356321839E-02           0.157357932435E+01           0.157076095118E+01           0.157079633362E+01
                                        0.177168339009E-02           0.225486404825E-04           0.234850763009E-07

353        0.284090909091E-02           0.157354820947E+01           0.157076155251E+01           0.157079633339E+01
                                        0.175187504439E-02           0.221658243278E-04           0.236308272648E-07

357        0.280898876404E-02           0.157351778528E+01           0.157076213699E+01           0.157079633317E+01
                                        0.173250640409E-02           0.217937319837E-04           0.237701252368E-07

361        0.277777777778E-02           0.157348802899E+01           0.157076270528E+01           0.157079633296E+01
                                        0.171356296177E-02           0.214319475425E-04           0.239033264391E-07

365        0.274725274725E-02           0.157345891880E+01           0.157076325800E+01           0.157079633276E+01
                                        0.169503084203E-02           0.210800756109E-04           0.240307622147E-07

369        0.271739130435E-02           0.157343043386E+01           0.157076379574E+01           0.157079633257E+01
                                        0.167689676735E-02           0.207377400847E-04           0.241527371901E-07

373        0.268817204301E-02           0.157340255420E+01           0.157076431906E+01           0.157079633238E+01
                                        0.165914802627E-02           0.204045830082E-04           0.242695428455E-07

377        0.265957446809E-02           0.157337526070E+01           0.157076482850E+01           0.157079633221E+01
                                        0.164177244348E-02           0.200802635192E-04           0.243814518604E-07

381        0.263157894737E-02           0.157334853503E+01           0.157076532457E+01           0.157079633204E+01
                                        0.162475835184E-02           0.197644568567E-04           0.244887155693E-07

385        0.260416666667E-02           0.157332235961E+01           0.157076580775E+01           0.157079633188E+01
                                        0.160809456610E-02           0.194568534494E-04           0.245915737154E-07

389        0.257731958763E-02           0.157329671761E+01           0.157076627851E+01           0.157079633172E+01
                                        0.159177035828E-02           0.191571580473E-04           0.246902486546E-07

393        0.255102040816E-02           0.157327159284E+01           0.157076673729E+01           0.157079633157E+01
                                        0.157577543453E-02           0.188650889265E-04           0.247849541204E-07

397        0.252525252525E-02           0.157324696979E+01           0.157076718452E+01           0.157079633143E+01
                                        0.156009991333E-02           0.185803771349E-04           0.248758844799E-07

401        0.250000000000E-02           0.157322283355E+01           0.157076762059E+01           0.157079633129E+01
                                        0.154473430508E-02           0.183027657934E-04           0.249632284461E-07

405        0.247524752475E-02           0.157319916979E+01           0.157076804589E+01           0.157079633116E+01
                                        0.152966949280E-02           0.180320094431E-04           0.250471593238E-07

409        0.245098039216E-02           0.157317596477E+01           0.157076846080E+01           0.157079633104E+01
                                        0.151489671406E-02           0.177678734264E-04           0.251278423605E-07

413        0.242718446602E-02           0.157315320523E+01           0.157076886565E+01           0.157079633091E+01
                                        0.150040754386E-02           0.175101333117E-04           0.252054340394E-07

417        0.240384615385E-02           0.157313087846E+01           0.157076926080E+01           0.157079633080E+01
                                        0.148619387851E-02           0.172585743593E-04           0.252800801008E-07

421        0.238095238095E-02           0.157310897220E+01           0.157076964656E+01           0.157079633068E+01
                                        0.147224792051E-02           0.170129910103E-04           0.253519200649E-07

425        0.235849056604E-02           0.157308747466E+01           0.157077002325E+01           0.157079633057E+01
                                        0.145856216416E-02           0.167731864078E-04           0.254210832742E-07

429        0.233644859813E-02           0.157306637449E+01           0.157077039115E+01           0.157079633047E+01
                                        0.144512938205E-02           0.165389719627E-04           0.254876946892E-07

433        0.231481481481E-02           0.157304566076E+01           0.157077075056E+01           0.157079633037E+01
                                        0.143194261225E-02           0.163101669163E-04           0.255518716371E-07

437        0.229357798165E-02           0.157302532293E+01           0.157077110174E+01           0.157079633027E+01
                                        0.141899514626E-02           0.160865979675E-04           0.256137208430E-07

441        0.227272727273E-02           0.157300535084E+01           0.157077144495E+01           0.157079633018E+01
                                        0.140628051754E-02           0.158680988779E-04           0.256733476188E-07

445        0.225225225225E-02           0.157298573469E+01           0.157077178046E+01           0.157079633009E+01
                                        0.139379249069E-02           0.156545101401E-04           0.257308547317E-07

449        0.223214285714E-02           0.157296646504E+01           0.157077210849E+01           0.157079633000E+01
                                        0.138152505123E-02           0.154456786415E-04           0.257863326507E-07

453        0.221238938053E-02           0.157294753278E+01           0.157077242928E+01           0.157079632992E+01
                                        0.136947239590E-02           0.152414573488E-04           0.258398694419E-07

457        0.219298245614E-02           0.157292892909E+01           0.157077274305E+01           0.157079632984E+01
                                        0.135762892341E-02           0.150417050249E-04           0.258915520404E-07

461        0.217391304348E-02           0.157291064550E+01           0.157077305001E+01           0.157079632976E+01
                                        0.134598922579E-02           0.148462859474E-04           0.259414560729E-07

465        0.215517241379E-02           0.157289267379E+01           0.157077335038E+01           0.157079632968E+01
                                        0.133454808005E-02           0.146550696441E-04           0.259896612651E-07

469        0.213675213675E-02           0.157287500604E+01           0.157077364433E+01           0.157079632961E+01
                                        0.132330044041E-02           0.144679306545E-04           0.260362350448E-07

473        0.211864406780E-02           0.157285763458E+01           0.157077393208E+01           0.157079632954E+01
                                        0.131224143076E-02           0.142847482947E-04           0.260812500701E-07

477        0.210084033613E-02           0.157284055203E+01           0.157077421379E+01           0.157079632947E+01
                                        0.130136633764E-02           0.141054064251E-04           0.261247692452E-07

481        0.208333333333E-02           0.157282375121E+01           0.157077448964E+01           0.157079632940E+01
                                        0.129067060349E-02           0.139297932640E-04           0.261668558985E-07

485        0.206611570248E-02           0.157280722520E+01           0.157077475980E+01           0.157079632934E+01
                                        0.128014982024E-02           0.137578011717E-04           0.262075651596E-07

489        0.204918032787E-02           0.157279096730E+01           0.157077502444E+01           0.157079632928E+01
                                        0.126979972325E-02           0.135893264721E-04           0.262469548440E-07

493        0.203252032520E-02           0.157277497104E+01           0.157077528371E+01           0.157079632922E+01
                                        0.125961618550E-02           0.134242692778E-04           0.262850789503E-07

497        0.201612903226E-02           0.157275923013E+01           0.157077553777E+01           0.157079632916E+01
                                        0.124959521212E-02           0.132625333133E-04           0.263219852577E-07

501        0.200000000000E-02           0.157274373850E+01           0.157077578675E+01           0.157079632910E+01
                                        0.123973293506E-02           0.131040257683E-04           0.263577660728E-07

505        0.198412698413E-02           0.157272849027E+01           0.157077603080E+01           0.157079632905E+01
                                        0.123002560817E-02           0.129486571375E-04           0.263923820981E-07

509        0.196850393701E-02           0.157271347973E+01           0.157077627006E+01           0.157079632900E+01
                                        0.122046960239E-02           0.127963410780E-04           0.264259213997E-07

513        0.195312500000E-02           0.157269870136E+01           0.157077650465E+01           0.157079632895E+01
                                        0.121106140125E-02           0.126469942867E-04           0.264584210133E-07

517        0.193798449612E-02           0.157268414981E+01           0.157077673471E+01           0.157079632890E+01
                                        0.120179759646E-02           0.125005363482E-04           0.264899251840E-07

521        0.192307692308E-02           0.157266981989E+01           0.157077696035E+01           0.157079632885E+01
                                        0.119267488386E-02           0.123568896354E-04           0.265204682618E-07

525        0.190839694656E-02           0.157265570656E+01           0.157077718169E+01           0.157079632880E+01
                                        0.118369005941E-02           0.122159791762E-04           0.265500901096E-07

529        0.189393939394E-02           0.157264180494E+01           0.157077739885E+01           0.157079632876E+01
                                        0.117484001546E-02           0.120777325539E-04           0.265788225330E-07

533        0.187969924812E-02           0.157262811030E+01           0.157077761193E+01           0.157079632871E+01
                                        0.116612173715E-02           0.119420797956E-04           0.266067017197E-07

537        0.186567164179E-02           0.157261461804E+01           0.157077782105E+01           0.157079632867E+01
                                        0.115753229895E-02           0.118089532751E-04           0.266337545275E-07

541        0.185185185185E-02           0.157260132370E+01           0.157077802629E+01           0.157079632863E+01
                                        0.114906886136E-02           0.116782876157E-04           0.266600150239E-07

545        0.183823529412E-02           0.157258822296E+01           0.157077822778E+01           0.157079632859E+01
                                        0.114072866782E-02           0.115500195979E-04           0.266855113390E-07

549        0.182481751825E-02           0.157257531160E+01           0.157077842559E+01           0.157079632855E+01
                                        0.113250904166E-02           0.114240880809E-04           0.267102701896E-07

553        0.181159420290E-02           0.157256258554E+01           0.157077861983E+01           0.157079632851E+01
                                        0.112440738325E-02           0.113004339048E-04           0.267343189989E-07

557        0.179856115108E-02           0.157255004082E+01           0.157077881057E+01           0.157079632848E+01
                                        0.111642116720E-02           0.111789998323E-04           0.267576823635E-07

561        0.178571428571E-02           0.157253767359E+01           0.157077899792E+01           0.157079632844E+01
                                        0.110854793981E-02           0.110597304526E-04           0.267803841727E-07

565        0.177304964539E-02           0.157252548009E+01           0.157077918195E+01           0.157079632841E+01
                                        0.110078531644E-02           0.109425721292E-04           0.268024500123E-07

569        0.176056338028E-02           0.157251345668E+01           0.157077936275E+01           0.157079632837E+01
                                        0.109313097919E-02           0.108274729180E-04           0.268238984002E-07

573        0.174825174825E-02           0.157250159983E+01           0.157077954039E+01           0.157079632834E+01
                                        0.108558267452E-02           0.107143825038E-04           0.268447508229E-07

577        0.173611111111E-02           0.157248990610E+01           0.157077971496E+01           0.157079632831E+01
                                        0.107813821105E-02           0.106032521464E-04           0.268650335730E-07

581        0.172413793103E-02           0.157247837212E+01           0.157077988651E+01           0.157079632828E+01
                                        0.107079545743E-02           0.104940346145E-04           0.268847607861E-07

585        0.171232876712E-02           0.157246699466E+01           0.157078005514E+01           0.157079632825E+01
                                        0.106355234029E-02           0.103866841284E-04           0.269039512630E-07

589        0.170068027211E-02           0.157245577054E+01           0.157078022090E+01           0.157079632822E+01
                                        0.105640684230E-02           0.102811563084E-04           0.269226242284E-07

593        0.168918918919E-02           0.157244469667E+01           0.157078038387E+01           0.157079632819E+01
                                        0.104935700026E-02           0.101774081193E-04           0.269408003204E-07

597        0.167785234899E-02           0.157243377006E+01           0.157078054411E+01           0.157079632816E+01
                                        0.104240090331E-02           0.100753978303E-04           0.269584907064E-07

601        0.166666666667E-02           0.157242298778E+01           0.157078070168E+01           0.157079632813E+01
                                        0.103553669121E-02           0.997508495514E-05           0.269757136216E-07

605        0.165562913907E-02           0.157241234699E+01           0.157078085665E+01           0.157079632811E+01
                                        0.102876255265E-02           0.987643021083E-05           0.269924839085E-07

609        0.164473684211E-02           0.157240184491E+01           0.157078100907E+01           0.157079632808E+01
                                        0.102207672365E-02           0.977939547890E-05           0.270088169751E-07

613        0.163398692810E-02           0.157239147886E+01           0.157078115900E+01           0.157079632806E+01
                                        0.101547748606E-02           0.968394376369E-05           0.270247278055E-07

617        0.162337662338E-02           0.157238124619E+01           0.157078130651E+01           0.157079632803E+01
                                        0.100896316602E-02           0.959003913809E-05           0.270402292632E-07

621        0.161290322581E-02           0.157237114434E+01           0.157078145164E+01           0.157079632801E+01
                                        0.100253213261E-02           0.949764672286E-05           0.270553344944E-07

625        0.160256410256E-02           0.157236117083E+01           0.157078159444E+01           0.157079632798E+01
                                        0.996182796423E-03           0.940673265005E-05           0.270700539597E-07

629        0.159235668790E-02           0.157235132321E+01           0.157078173498E+01           0.157079632796E+01
                                        0.989913608277E-03           0.931726400910E-05           0.270844027844E-07

633        0.158227848101E-02           0.157234159912E+01           0.157078187330E+01           0.157079632794E+01
                                        0.983723057953E-03           0.922920882782E-05           0.270983919943E-07

637        0.157232704403E-02           0.157233199623E+01           0.157078200944E+01           0.157079632792E+01
                                        0.977609672971E-03           0.914253604562E-05           0.271120307778E-07

641        0.156250000000E-02           0.157232251230E+01           0.157078214347E+01           0.157079632790E+01
                                        0.971572017411E-03           0.905721546588E-05           0.271253319985E-07

645        0.155279503106E-02           0.157231314513E+01           0.157078227541E+01           0.157079632788E+01
                                        0.965608690802E-03           0.897321773534E-05           0.271383068236E-07

649        0.154320987654E-02           0.157230389257E+01           0.157078240532E+01           0.157079632786E+01
                                        0.959718327015E-03           0.889051432330E-05           0.271509621796E-07

653        0.153374233129E-02           0.157229475253E+01           0.157078253324E+01           0.157079632784E+01
                                        0.953899593229E-03           0.880907747213E-05           0.271633102234E-07

657        0.152439024390E-02           0.157228572295E+01           0.157078265921E+01           0.157079632782E+01
                                        0.948151188915E-03           0.872888019518E-05           0.271753590124E-07

661        0.151515151515E-02           0.157227680186E+01           0.157078278328E+01           0.157079632780E+01
                                        0.942471844873E-03           0.864989623605E-05           0.271871192897E-07

665        0.150602409639E-02           0.157226798730E+01           0.157078290548E+01           0.157079632778E+01
                                        0.936860322273E-03           0.857210005122E-05           0.271985984060E-07

669        0.149700598802E-02           0.157225927737E+01           0.157078302586E+01           0.157079632777E+01
                                        0.931315411776E-03           0.849546678444E-05           0.272098045600E-07

673        0.148809523810E-02           0.157225067023E+01           0.157078314444E+01           0.157079632775E+01
                                        0.925835932645E-03           0.841997223961E-05           0.272207470814E-07

677        0.147928994083E-02           0.157224216405E+01           0.157078326128E+01           0.157079632773E+01
                                        0.920420731909E-03           0.834559287227E-05           0.272314317658E-07

681        0.147058823529E-02           0.157223375707E+01           0.157078337640E+01           0.157079632771E+01
                                        0.915068683553E-03           0.827230575404E-05           0.272418670947E-07

685        0.146198830409E-02           0.157222544757E+01           0.157078348984E+01           0.157079632770E+01
                                        0.909778687730E-03           0.820008855867E-05           0.272520594293E-07

689        0.145348837209E-02           0.157221723384E+01           0.157078360163E+01           0.157079632768E+01
                                        0.904549670008E-03           0.812891954872E-05           0.272620195127E-07

693        0.144508670520E-02           0.157220911426E+01           0.157078371181E+01           0.157079632767E+01
                                        0.899380580636E-03           0.805877754423E-05           0.272717473449E-07

697        0.143678160920E-02           0.157220108720E+01           0.157078382041E+01           0.157079632765E+01
                                        0.894270393851E-03           0.798964192191E-05           0.272812560723E-07

701        0.142857142857E-02           0.157219315108E+01           0.157078392745E+01           0.157079632764E+01
                                        0.889218107171E-03           0.792149257459E-05           0.272905459775E-07

705        0.142045454545E-02           0.157218530438E+01           0.157078403298E+01           0.157079632762E+01
                                        0.884222740767E-03           0.785430992178E-05           0.272996292174E-07

709        0.141242937853E-02           0.157217754558E+01           0.157078413703E+01           0.157079632761E+01
                                        0.879283336810E-03           0.778807487055E-05           0.273085096085E-07

713        0.140449438202E-02           0.157216987322E+01           0.157078423961E+01           0.157079632760E+01
                                        0.874398958856E-03           0.772276881619E-05           0.273171908262E-07

717        0.139664804469E-02           0.157216228585E+01           0.157078434076E+01           0.157079632758E+01
                                        0.869568691258E-03           0.765837361825E-05           0.273256783836E-07

721        0.138888888889E-02           0.157215478207E+01           0.157078444051E+01           0.157079632757E+01
                                        0.864791638593E-03           0.759487159030E-05           0.273339807619E-07

725        0.138121546961E-02           0.157214736051E+01           0.157078453888E+01           0.157079632756E+01
                                        0.860066925095E-03           0.753224548368E-05           0.273420973959E-07

729        0.137362637363E-02           0.157214001982E+01           0.157078463591E+01           0.157079632754E+01
                                        0.855393694132E-03           0.747047847200E-05           0.273500408663E-07

733        0.136612021858E-02           0.157213275867E+01           0.157078473161E+01           0.157079632753E+01
                                        0.850771107680E-03           0.740955415434E-05           0.273578117386E-07

737        0.135869565217E-02           0.157212557580E+01           0.157078482601E+01           0.157079632752E+01
                                        0.846198345817E-03           0.734945651668E-05           0.273654124160E-07

741        0.135135135135E-02           0.157211846992E+01           0.157078491913E+01           0.157079632751E+01
                                        0.841674606241E-03           0.729016994051E-05           0.273728519452E-07

745        0.134408602151E-02           0.157211143982E+01           0.157078501101E+01           0.157079632750E+01
                                        0.837199103801E-03           0.723167918815E-05           0.273801325881E-07

749        0.133689839572E-02           0.157210448428E+01           0.157078510166E+01           0.157079632749E+01
                                        0.832771070028E-03           0.717396937857E-05           0.273872558995E-07

753        0.132978723404E-02           0.157209760212E+01           0.157078519111E+01           0.157079632748E+01
                                        0.828389752715E-03           0.711702599287E-05           0.273942321986E-07

757        0.132275132275E-02           0.157209079219E+01           0.157078527937E+01           0.157079632746E+01
                                        0.824054415471E-03           0.706083485640E-05           0.274010597891E-07

761        0.131578947368E-02           0.157208405335E+01           0.157078536648E+01           0.157079632745E+01
                                        0.819764337315E-03           0.700538213191E-05           0.274077461630E-07

765        0.130890052356E-02           0.157207738450E+01           0.157078545244E+01           0.157079632744E+01
                                        0.815518812274E-03           0.695065430401E-05           0.274142934407E-07

769        0.130208333333E-02           0.157207078454E+01           0.157078553729E+01           0.157079632743E+01
                                        0.811317148995E-03           0.689663817594E-05           0.274207045906E-07

773        0.129533678756E-02           0.157206425242E+01           0.157078562104E+01           0.157079632742E+01
                                        0.807158670361E-03           0.684332085530E-05           0.274269852671E-07

777        0.128865979381E-02           0.157205778709E+01           0.157078570372E+01           0.157079632741E+01
                                        0.803042713139E-03           0.679068975487E-05           0.274331358942E-07

781        0.128205128205E-02           0.157205138753E+01           0.157078578533E+01           0.157079632740E+01
                                        0.798968627618E-03           0.673873256688E-05           0.274391597233E-07

785        0.127551020408E-02           0.157204505274E+01           0.157078586590E+01           0.157079632740E+01
                                        0.794935777262E-03           0.668743727760E-05           0.274450653770E-07

789        0.126903553299E-02           0.157203878175E+01           0.157078594546E+01           0.157079632739E+01
                                        0.790943538392E-03           0.663679214061E-05           0.274508481907E-07

793        0.126262626263E-02           0.157203257358E+01           0.157078602401E+01           0.157079632738E+01
                                        0.786991299840E-03           0.658678567680E-05           0.274565169285E-07

797        0.125628140704E-02           0.157202642731E+01           0.157078610157E+01           0.157079632737E+01
                                        0.783078462664E-03           0.653740666686E-05           0.274620735694E-07

801        0.125000000000E-02           0.157202034201E+01           0.157078617817E+01           0.157079632736E+01
                                        0.779204439820E-03           0.648864414297E-05           0.274675174067E-07

