 #  Runge-Kutta for damped harmonic oscillator
                #x                 y        analytical    Relative-error
 
      0.500000D-01      0.959770D+00      0.309017D+00      0.210588D+01
      0.100000D+00      0.868560D+00      0.587785D+00      0.477682D+00
      0.150000D+00      0.756779D+00      0.809017D+00      0.645693D-01
      0.200000D+00      0.642147D+00      0.951057D+00      0.324807D+00
      0.250000D+00      0.534323D+00      0.100000D+01      0.465677D+00
      0.300000D+00      0.437968D+00      0.951057D+00      0.539494D+00
      0.350000D+00      0.354733D+00      0.809017D+00      0.561526D+00
      0.400000D+00      0.284547D+00      0.587785D+00      0.515900D+00
      0.450000D+00      0.226423D+00      0.309017D+00      0.267280D+00
      0.500000D+00      0.178958D+00      0.566554D-15      0.315872D+15
      0.550000D+00      0.140630D+00     -0.309017D+00      0.145509D+01
      0.600000D+00      0.109962D+00     -0.587785D+00      0.118708D+01
      0.650000D+00      0.856083D-01     -0.809017D+00      0.110582D+01
      0.700000D+00      0.663941D-01     -0.951057D+00      0.106981D+01
      0.750000D+00      0.513181D-01     -0.100000D+01      0.105132D+01
      0.800000D+00      0.395454D-01     -0.951057D+00      0.104158D+01
      0.850000D+00      0.303906D-01     -0.809017D+00      0.103756D+01
      0.900000D+00      0.232979D-01     -0.587785D+00      0.103964D+01
      0.950000D+00      0.178207D-01     -0.309017D+00      0.105767D+01
      0.100000D+01      0.136034D-01      0.153143D-14      0.888284D+13
      0.105000D+01      0.103649D-01      0.309017D+00      0.966459D+00
      0.110000D+01      0.788383D-02      0.587785D+00      0.986587D+00
      0.115000D+01      0.598721D-02      0.809017D+00      0.992599D+00
      0.120000D+01      0.454023D-02      0.951057D+00      0.995226D+00
      0.125000D+01      0.343830D-02      0.100000D+01      0.996562D+00
      0.130000D+01      0.260053D-02      0.951057D+00      0.997266D+00
      0.135000D+01      0.196458D-02      0.809017D+00      0.997572D+00
      0.140000D+01      0.148252D-02      0.587785D+00      0.997478D+00
      0.145000D+01      0.111760D-02      0.309017D+00      0.996383D+00
      0.150000D+01      0.841689D-03     -0.318532D-14      0.264240D+12
      0.155000D+01      0.633319D-03     -0.309017D+00      0.100205D+01
      0.160000D+01      0.476125D-03     -0.587785D+00      0.100081D+01
      0.165000D+01      0.357659D-03     -0.809017D+00      0.100044D+01
      0.170000D+01      0.268463D-03     -0.951057D+00      0.100028D+01
      0.175000D+01      0.201366D-03     -0.100000D+01      0.100020D+01
      0.180000D+01      0.150935D-03     -0.951057D+00      0.100016D+01
      0.185000D+01      0.113061D-03     -0.809017D+00      0.100014D+01
      0.190000D+01      0.846376D-04     -0.587785D+00      0.100014D+01
      0.195000D+01      0.633227D-04     -0.309017D+00      0.100020D+01
      0.200000D+01      0.473490D-04      0.483921D-14      0.978444D+10
      0.205000D+01      0.353858D-04      0.309017D+00      0.999885D+00
      0.210000D+01      0.264317D-04      0.587785D+00      0.999955D+00
      0.215000D+01      0.197337D-04      0.809017D+00      0.999976D+00
      0.220000D+01      0.147261D-04      0.951057D+00      0.999985D+00
      0.225000D+01      0.109843D-04      0.100000D+01      0.999989D+00
      0.230000D+01      0.818976D-05      0.951057D+00      0.999991D+00
      0.235000D+01      0.610365D-05      0.809017D+00      0.999992D+00
      0.240000D+01      0.454710D-05      0.587785D+00      0.999992D+00
      0.245000D+01      0.338622D-05      0.309017D+00      0.999989D+00
      0.250000D+01      0.252078D-05      0.594139D-14      0.424274D+09
      0.255000D+01      0.187587D-05     -0.309017D+00      0.100001D+01
      0.260000D+01      0.139547D-05     -0.587785D+00      0.100000D+01
      0.265000D+01      0.103776D-05     -0.809017D+00      0.100000D+01
      0.270000D+01      0.771498D-06     -0.951057D+00      0.100000D+01
      0.275000D+01      0.573378D-06     -0.100000D+01      0.100000D+01
      0.280000D+01      0.426008D-06     -0.951057D+00      0.100000D+01
      0.285000D+01      0.316426D-06     -0.809017D+00      0.100000D+01
      0.290000D+01      0.234966D-06     -0.587785D+00      0.100000D+01
      0.295000D+01      0.174431D-06     -0.309017D+00      0.100000D+01
      0.300000D+01      0.129458D-06     -0.184984D-13      0.699833D+07
      0.305000D+01      0.960559D-07      0.309017D+00      0.100000D+01
      0.310000D+01      0.712549D-07      0.587785D+00      0.100000D+01
      0.315000D+01      0.528450D-07      0.809017D+00      0.100000D+01
      0.320000D+01      0.391826D-07      0.951057D+00      0.100000D+01
      0.325000D+01      0.290460D-07      0.100000D+01      0.100000D+01
      0.330000D+01      0.215271D-07      0.951057D+00      0.100000D+01
      0.335000D+01      0.159513D-07      0.809017D+00      0.100000D+01
      0.340000D+01      0.118172D-07      0.587785D+00      0.100000D+01
      0.345000D+01      0.875289D-08      0.309017D+00      0.100000D+01
      0.350000D+01      0.648192D-08      0.292790D-13      0.221384D+06
      0.355000D+01      0.479926D-08     -0.309017D+00      0.100000D+01
      0.360000D+01      0.355276D-08     -0.587785D+00      0.100000D+01
      0.365000D+01      0.262955D-08     -0.809017D+00      0.100000D+01
      0.370000D+01      0.194590D-08     -0.951057D+00      0.100000D+01
      0.375000D+01      0.143976D-08     -0.100000D+01      0.100000D+01
      0.380000D+01      0.106509D-08     -0.951057D+00      0.100000D+01
      0.385000D+01      0.787793D-09     -0.809017D+00      0.100000D+01
      0.390000D+01      0.582601D-09     -0.587785D+00      0.100000D+01
      0.395000D+01      0.430789D-09     -0.309017D+00      0.100000D+01
      0.400000D+01      0.318489D-09     -0.400596D-13      0.795138D+04
      0.405000D+01      0.235429D-09      0.309017D+00      0.100000D+01
      0.410000D+01      0.174007D-09      0.587785D+00      0.100000D+01
      0.415000D+01      0.128591D-09      0.809017D+00      0.100000D+01
      0.420000D+01      0.950163D-10      0.951057D+00      0.100000D+01
      0.425000D+01      0.701985D-10      0.100000D+01      0.100000D+01
      0.430000D+01      0.518563D-10      0.951057D+00      0.100000D+01
      0.435000D+01      0.383020D-10      0.809017D+00      0.100000D+01
      0.440000D+01      0.282870D-10      0.587785D+00      0.100000D+01
      0.445000D+01      0.208882D-10      0.309017D+00      0.100000D+01
      0.450000D+01      0.154228D-10      0.508402D-13      0.302358D+03
      0.455000D+01      0.113861D-10     -0.309017D+00      0.100000D+01
      0.460000D+01      0.840503D-11     -0.587785D+00      0.100000D+01
      0.465000D+01      0.620376D-11     -0.809017D+00      0.100000D+01
      0.470000D+01      0.457850D-11     -0.951057D+00      0.100000D+01
      0.475000D+01      0.337867D-11     -0.100000D+01      0.100000D+01
      0.480000D+01      0.249301D-11     -0.951057D+00      0.100000D+01
      0.485000D+01      0.183932D-11     -0.809017D+00      0.100000D+01
      0.490000D+01      0.135690D-11     -0.587785D+00      0.100000D+01
      0.495000D+01      0.100091D-11     -0.309017D+00      0.100000D+01
      0.500000D+01      0.738246D-12     -0.616208D-13      0.129805D+02
      0.505000D+01      0.544461D-12      0.309017D+00      0.100000D+01
      0.510000D+01      0.401506D-12      0.587785D+00      0.100000D+01
      0.515000D+01      0.296059D-12      0.809017D+00      0.100000D+01
      0.520000D+01      0.218286D-12      0.951057D+00      0.100000D+01
      0.525000D+01      0.160929D-12      0.100000D+01      0.100000D+01
      0.530000D+01      0.118634D-12      0.951057D+00      0.100000D+01
      0.535000D+01      0.874469D-13      0.809017D+00      0.100000D+01
      0.540000D+01      0.644533D-13      0.587785D+00      0.100000D+01
      0.545000D+01      0.475018D-13      0.309017D+00      0.100000D+01
      0.550000D+01      0.350059D-13      0.759541D-13      0.539118D+00
      0.555000D+01      0.257952D-13     -0.309017D+00      0.100000D+01
      0.560000D+01      0.190065D-13     -0.587785D+00      0.100000D+01
      0.565000D+01      0.140034D-13     -0.809017D+00      0.100000D+01
      0.570000D+01      0.103165D-13     -0.951057D+00      0.100000D+01
      0.575000D+01      0.759974D-14     -0.100000D+01      0.100000D+01
      0.580000D+01      0.559802D-14     -0.951057D+00      0.100000D+01
      0.585000D+01      0.412325D-14     -0.809017D+00      0.100000D+01
      0.590000D+01      0.303680D-14     -0.587785D+00      0.100000D+01
      0.595000D+01      0.223646D-14     -0.309017D+00      0.100000D+01
      0.600000D+01      0.164694D-14     -0.867347D-13      0.101899D+01
      0.605000D+01      0.121274D-14      0.309017D+00      0.100000D+01
      0.610000D+01      0.892948D-15      0.587785D+00      0.100000D+01
      0.615000D+01      0.657443D-15      0.809017D+00      0.100000D+01
      0.620000D+01      0.484020D-15      0.951057D+00      0.100000D+01
      0.625000D+01      0.356321D-15      0.100000D+01      0.100000D+01
      0.630000D+01      0.262297D-15      0.951057D+00      0.100000D+01
      0.635000D+01      0.193072D-15      0.809017D+00      0.100000D+01
      0.640000D+01      0.142108D-15      0.587785D+00      0.100000D+01
      0.645000D+01      0.104591D-15      0.309017D+00      0.100000D+01
      0.650000D+01      0.769738D-16      0.975153D-13      0.999211D+00
      0.655000D+01      0.566459D-16     -0.309017D+00      0.100000D+01
      0.660000D+01      0.416841D-16     -0.587785D+00      0.100000D+01
      0.665000D+01      0.306724D-16     -0.809017D+00      0.100000D+01
      0.670000D+01      0.225684D-16     -0.951057D+00      0.100000D+01
      0.675000D+01      0.166048D-16     -0.100000D+01      0.100000D+01
      0.680000D+01      0.122163D-16     -0.951057D+00      0.100000D+01
      0.685000D+01      0.898725D-17     -0.809017D+00      0.100000D+01
      0.690000D+01      0.661136D-17     -0.587785D+00      0.100000D+01
      0.695000D+01      0.486332D-17     -0.309017D+00      0.100000D+01
      0.700000D+01      0.357728D-17     -0.108296D-12      0.100003D+01
      0.705000D+01      0.263119D-17      0.309017D+00      0.100000D+01
      0.710000D+01      0.193522D-17      0.587785D+00      0.100000D+01
      0.715000D+01      0.142327D-17      0.809017D+00      0.100000D+01
      0.720000D+01      0.104671D-17      0.951057D+00      0.100000D+01
      0.725000D+01      0.769739D-18      0.100000D+01      0.100000D+01
      0.730000D+01      0.566033D-18      0.951057D+00      0.100000D+01
      0.735000D+01      0.416217D-18      0.809017D+00      0.100000D+01
      0.740000D+01      0.306040D-18      0.587785D+00      0.100000D+01
      0.745000D+01      0.225019D-18      0.309017D+00      0.100000D+01
      0.750000D+01      0.165440D-18      0.119077D-12      0.999999D+00
      0.755000D+01      0.121630D-18     -0.309017D+00      0.100000D+01
      0.760000D+01      0.894183D-19     -0.587785D+00      0.100000D+01
      0.765000D+01      0.657344D-19     -0.809017D+00      0.100000D+01
      0.770000D+01      0.483216D-19     -0.951057D+00      0.100000D+01
      0.775000D+01      0.355200D-19     -0.100000D+01      0.100000D+01
      0.780000D+01      0.261087D-19     -0.951057D+00      0.100000D+01
      0.785000D+01      0.191903D-19     -0.809017D+00      0.100000D+01
      0.790000D+01      0.141046D-19     -0.587785D+00      0.100000D+01
      0.795000D+01      0.103663D-19     -0.309017D+00      0.100000D+01
      0.800000D+01      0.761853D-20     -0.129857D-12      0.100000D+01
      0.805000D+01      0.559888D-20      0.309017D+00      0.100000D+01
      0.810000D+01      0.411448D-20      0.587785D+00      0.100000D+01
      0.815000D+01      0.302352D-20      0.809017D+00      0.100000D+01
      0.820000D+01      0.222175D-20      0.951057D+00      0.100000D+01
      0.825000D+01      0.163253D-20      0.100000D+01      0.100000D+01
      0.830000D+01      0.119954D-20      0.951057D+00      0.100000D+01
      0.835000D+01      0.881353D-21      0.809017D+00      0.100000D+01
      0.840000D+01      0.647546D-21      0.587785D+00      0.100000D+01
      0.845000D+01      0.475748D-21      0.309017D+00      0.100000D+01
      0.850000D+01      0.349518D-21      0.908997D-13      0.100000D+01
      0.855000D+01      0.256771D-21     -0.309017D+00      0.100000D+01
      0.860000D+01      0.188629D-21     -0.587785D+00      0.100000D+01
      0.865000D+01      0.138566D-21     -0.809017D+00      0.100000D+01
      0.870000D+01      0.101787D-21     -0.951057D+00      0.100000D+01
      0.875000D+01      0.747676D-22     -0.100000D+01      0.100000D+01
      0.880000D+01      0.549188D-22     -0.951057D+00      0.100000D+01
      0.885000D+01      0.403380D-22     -0.809017D+00      0.100000D+01
      0.890000D+01      0.296275D-22     -0.587785D+00      0.100000D+01
      0.895000D+01      0.217602D-22     -0.309017D+00      0.100000D+01
      0.900000D+01      0.159815D-22     -0.448369D-13      0.100000D+01
      0.905000D+01      0.117370D-22      0.309017D+00      0.100000D+01
      0.910000D+01      0.861957D-23      0.587785D+00      0.100000D+01
      0.915000D+01      0.632997D-23      0.809017D+00      0.100000D+01
      0.920000D+01      0.464841D-23      0.951057D+00      0.100000D+01
      0.925000D+01      0.341346D-23      0.100000D+01      0.100000D+01
      0.930000D+01      0.250653D-23      0.951057D+00      0.100000D+01
      0.935000D+01      0.184052D-23      0.809017D+00      0.100000D+01
      0.940000D+01      0.135143D-23      0.587785D+00      0.100000D+01
      0.945000D+01      0.992286D-24      0.309017D+00      0.100000D+01
      0.950000D+01      0.728564D-24      0.587954D-14      0.100000D+01
      0.955000D+01      0.534917D-24     -0.309017D+00      0.100000D+01
      0.960000D+01      0.392730D-24     -0.587785D+00      0.100000D+01
      0.965000D+01      0.288330D-24     -0.809017D+00      0.100000D+01
      0.970000D+01      0.211678D-24     -0.951057D+00      0.100000D+01
      0.975000D+01      0.155399D-24     -0.100000D+01      0.100000D+01
      0.980000D+01      0.114080D-24     -0.951057D+00      0.100000D+01
      0.985000D+01      0.837458D-25     -0.809017D+00      0.100000D+01
      0.990000D+01      0.614758D-25     -0.587785D+00      0.100000D+01
      0.995000D+01      0.451267D-25     -0.309017D+00      0.100000D+01
      0.100000D+02      0.331248D-25      0.401833D-13      0.100000D+01
