 #  Runge-Kutta for damped harmonic oscillator
                #x                 y        analytical    Relative-error
 
      0.500000D-01      0.966985D+00      0.309017D+00      0.212923D+01
      0.100000D+00      0.930910D+00      0.587785D+00      0.583759D+00
      0.150000D+00      0.894155D+00      0.809017D+00      0.105236D+00
      0.200000D+00      0.857857D+00      0.951057D+00      0.979955D-01
      0.250000D+00      0.822545D+00      0.100000D+01      0.177455D+00
      0.300000D+00      0.788447D+00      0.951057D+00      0.170978D+00
      0.350000D+00      0.755644D+00      0.809017D+00      0.659730D-01
      0.400000D+00      0.724147D+00      0.587785D+00      0.231993D+00
      0.450000D+00      0.693935D+00      0.309017D+00      0.124562D+01
      0.500000D+00      0.664969D+00      0.566554D-15      0.117371D+16
      0.550000D+00      0.637205D+00     -0.309017D+00      0.306204D+01
      0.600000D+00      0.610597D+00     -0.587785D+00      0.203881D+01
      0.650000D+00      0.585098D+00     -0.809017D+00      0.172322D+01
      0.700000D+00      0.560664D+00     -0.951057D+00      0.158952D+01
      0.750000D+00      0.537249D+00     -0.100000D+01      0.153725D+01
      0.800000D+00      0.514812D+00     -0.951057D+00      0.154131D+01
      0.850000D+00      0.493312D+00     -0.809017D+00      0.160977D+01
      0.900000D+00      0.472710D+00     -0.587785D+00      0.180422D+01
      0.950000D+00      0.452968D+00     -0.309017D+00      0.246583D+01
      0.100000D+01      0.434051D+00      0.153143D-14      0.283429D+15
      0.105000D+01      0.415923D+00      0.309017D+00      0.345956D+00
      0.110000D+01      0.398553D+00      0.587785D+00      0.321941D+00
      0.115000D+01      0.381908D+00      0.809017D+00      0.527936D+00
      0.120000D+01      0.365958D+00      0.951057D+00      0.615208D+00
      0.125000D+01      0.350675D+00      0.100000D+01      0.649325D+00
      0.130000D+01      0.336030D+00      0.951057D+00      0.646678D+00
      0.135000D+01      0.321996D+00      0.809017D+00      0.601991D+00
      0.140000D+01      0.308548D+00      0.587785D+00      0.475066D+00
      0.145000D+01      0.295662D+00      0.309017D+00      0.432162D-01
      0.150000D+01      0.283315D+00     -0.318532D-14      0.889439D+14
      0.155000D+01      0.271483D+00     -0.309017D+00      0.187854D+01
      0.160000D+01      0.260145D+00     -0.587785D+00      0.144258D+01
      0.165000D+01      0.249280D+00     -0.809017D+00      0.130813D+01
      0.170000D+01      0.238869D+00     -0.951057D+00      0.125116D+01
      0.175000D+01      0.228893D+00     -0.100000D+01      0.122889D+01
      0.180000D+01      0.219334D+00     -0.951057D+00      0.123062D+01
      0.185000D+01      0.210174D+00     -0.809017D+00      0.125979D+01
      0.190000D+01      0.201397D+00     -0.587785D+00      0.134264D+01
      0.195000D+01      0.192986D+00     -0.309017D+00      0.162451D+01
      0.200000D+01      0.184926D+00      0.483921D-14      0.382141D+14
      0.205000D+01      0.177203D+00      0.309017D+00      0.426560D+00
      0.210000D+01      0.169802D+00      0.587785D+00      0.711115D+00
      0.215000D+01      0.162711D+00      0.809017D+00      0.798878D+00
      0.220000D+01      0.155915D+00      0.951057D+00      0.836061D+00
      0.225000D+01      0.149404D+00      0.100000D+01      0.850596D+00
      0.230000D+01      0.143164D+00      0.951057D+00      0.849468D+00
      0.235000D+01      0.137185D+00      0.809017D+00      0.830430D+00
      0.240000D+01      0.131456D+00      0.587785D+00      0.776354D+00
      0.245000D+01      0.125966D+00      0.309017D+00      0.592365D+00
      0.250000D+01      0.120705D+00      0.594139D-14      0.203160D+14
      0.255000D+01      0.115664D+00     -0.309017D+00      0.137430D+01
      0.260000D+01      0.110834D+00     -0.587785D+00      0.118856D+01
      0.265000D+01      0.106205D+00     -0.809017D+00      0.113128D+01
      0.270000D+01      0.101770D+00     -0.951057D+00      0.110701D+01
      0.275000D+01      0.975194D-01     -0.100000D+01      0.109752D+01
      0.280000D+01      0.934466D-01     -0.951057D+00      0.109826D+01
      0.285000D+01      0.895440D-01     -0.809017D+00      0.111068D+01
      0.290000D+01      0.858044D-01     -0.587785D+00      0.114598D+01
      0.295000D+01      0.822209D-01     -0.309017D+00      0.126607D+01
      0.300000D+01      0.787871D-01     -0.184984D-13      0.425914D+13
      0.305000D+01      0.754967D-01      0.309017D+00      0.755688D+00
      0.310000D+01      0.723437D-01      0.587785D+00      0.876921D+00
      0.315000D+01      0.693224D-01      0.809017D+00      0.914313D+00
      0.320000D+01      0.664273D-01      0.951057D+00      0.930154D+00
      0.325000D+01      0.636531D-01      0.100000D+01      0.936347D+00
      0.330000D+01      0.609947D-01      0.951057D+00      0.935866D+00
      0.335000D+01      0.584474D-01      0.809017D+00      0.927755D+00
      0.340000D+01      0.560065D-01      0.587785D+00      0.904716D+00
      0.345000D+01      0.536675D-01      0.309017D+00      0.826328D+00
      0.350000D+01      0.514261D-01      0.292790D-13      0.175642D+13
      0.355000D+01      0.492784D-01     -0.309017D+00      0.115947D+01
      0.360000D+01      0.472204D-01     -0.587785D+00      0.108034D+01
      0.365000D+01      0.452483D-01     -0.809017D+00      0.105593D+01
      0.370000D+01      0.433586D-01     -0.951057D+00      0.104559D+01
      0.375000D+01      0.415478D-01     -0.100000D+01      0.104155D+01
      0.380000D+01      0.398127D-01     -0.951057D+00      0.104186D+01
      0.385000D+01      0.381500D-01     -0.809017D+00      0.104716D+01
      0.390000D+01      0.365567D-01     -0.587785D+00      0.106219D+01
      0.395000D+01      0.350300D-01     -0.309017D+00      0.111336D+01
      0.400000D+01      0.335670D-01     -0.400596D-13      0.837927D+12
      0.405000D+01      0.321651D-01      0.309017D+00      0.895911D+00
      0.410000D+01      0.308218D-01      0.587785D+00      0.947563D+00
      0.415000D+01      0.295346D-01      0.809017D+00      0.963493D+00
      0.420000D+01      0.283012D-01      0.951057D+00      0.970242D+00
      0.425000D+01      0.271192D-01      0.100000D+01      0.972881D+00
      0.430000D+01      0.259866D-01      0.951057D+00      0.972676D+00
      0.435000D+01      0.249013D-01      0.809017D+00      0.969220D+00
      0.440000D+01      0.238614D-01      0.587785D+00      0.959405D+00
      0.445000D+01      0.228649D-01      0.309017D+00      0.926008D+00
      0.450000D+01      0.219099D-01      0.508402D-13      0.430957D+12
      0.455000D+01      0.209949D-01     -0.309017D+00      0.106794D+01
      0.460000D+01      0.201181D-01     -0.587785D+00      0.103423D+01
      0.465000D+01      0.192779D-01     -0.809017D+00      0.102383D+01
      0.470000D+01      0.184728D-01     -0.951057D+00      0.101942D+01
      0.475000D+01      0.177013D-01     -0.100000D+01      0.101770D+01
      0.480000D+01      0.169621D-01     -0.951057D+00      0.101783D+01
      0.485000D+01      0.162537D-01     -0.809017D+00      0.102009D+01
      0.490000D+01      0.155749D-01     -0.587785D+00      0.102650D+01
      0.495000D+01      0.149244D-01     -0.309017D+00      0.104830D+01
      0.500000D+01      0.143011D-01     -0.616208D-13      0.232083D+12
      0.505000D+01      0.137039D-01      0.309017D+00      0.955653D+00
      0.510000D+01      0.131315D-01      0.587785D+00      0.977659D+00
      0.515000D+01      0.125831D-01      0.809017D+00      0.984446D+00
      0.520000D+01      0.120576D-01      0.951057D+00      0.987322D+00
      0.525000D+01      0.115541D-01      0.100000D+01      0.988446D+00
      0.530000D+01      0.110715D-01      0.951057D+00      0.988359D+00
      0.535000D+01      0.106091D-01      0.809017D+00      0.986886D+00
      0.540000D+01      0.101661D-01      0.587785D+00      0.982704D+00
      0.545000D+01      0.974150D-02      0.309017D+00      0.968476D+00
      0.550000D+01      0.933466D-02      0.759541D-13      0.122899D+12
      0.555000D+01      0.894482D-02     -0.309017D+00      0.102895D+01
      0.560000D+01      0.857126D-02     -0.587785D+00      0.101458D+01
      0.565000D+01      0.821329D-02     -0.809017D+00      0.101015D+01
      0.570000D+01      0.787028D-02     -0.951057D+00      0.100828D+01
      0.575000D+01      0.754159D-02     -0.100000D+01      0.100754D+01
      0.580000D+01      0.722663D-02     -0.951057D+00      0.100760D+01
      0.585000D+01      0.692483D-02     -0.809017D+00      0.100856D+01
      0.590000D+01      0.663562D-02     -0.587785D+00      0.101129D+01
      0.595000D+01      0.635850D-02     -0.309017D+00      0.102058D+01
      0.600000D+01      0.609295D-02     -0.867347D-13      0.702481D+11
      0.605000D+01      0.583849D-02      0.309017D+00      0.981106D+00
      0.610000D+01      0.559465D-02      0.587785D+00      0.990482D+00
      0.615000D+01      0.536100D-02      0.809017D+00      0.993373D+00
      0.620000D+01      0.513711D-02      0.951057D+00      0.994599D+00
      0.625000D+01      0.492257D-02      0.100000D+01      0.995077D+00
      0.630000D+01      0.471699D-02      0.951057D+00      0.995040D+00
      0.635000D+01      0.451999D-02      0.809017D+00      0.994413D+00
      0.640000D+01      0.433122D-02      0.587785D+00      0.992631D+00
      0.645000D+01      0.415034D-02      0.309017D+00      0.986569D+00
      0.650000D+01      0.397701D-02      0.975153D-13      0.407834D+11
      0.655000D+01      0.381091D-02     -0.309017D+00      0.101233D+01
      0.660000D+01      0.365176D-02     -0.587785D+00      0.100621D+01
      0.665000D+01      0.349925D-02     -0.809017D+00      0.100433D+01
      0.670000D+01      0.335311D-02     -0.951057D+00      0.100353D+01
      0.675000D+01      0.321307D-02     -0.100000D+01      0.100321D+01
      0.680000D+01      0.307888D-02     -0.951057D+00      0.100324D+01
      0.685000D+01      0.295030D-02     -0.809017D+00      0.100365D+01
      0.690000D+01      0.282709D-02     -0.587785D+00      0.100481D+01
      0.695000D+01      0.270902D-02     -0.309017D+00      0.100877D+01
      0.700000D+01      0.259588D-02     -0.108296D-12      0.239703D+11
      0.705000D+01      0.248747D-02      0.309017D+00      0.991950D+00
      0.710000D+01      0.238358D-02      0.587785D+00      0.995945D+00
      0.715000D+01      0.228404D-02      0.809017D+00      0.997177D+00
      0.720000D+01      0.218865D-02      0.951057D+00      0.997699D+00
      0.725000D+01      0.209725D-02      0.100000D+01      0.997903D+00
      0.730000D+01      0.200966D-02      0.951057D+00      0.997887D+00
      0.735000D+01      0.192573D-02      0.809017D+00      0.997620D+00
      0.740000D+01      0.184530D-02      0.587785D+00      0.996861D+00
      0.745000D+01      0.176824D-02      0.309017D+00      0.994278D+00
      0.750000D+01      0.169439D-02      0.119077D-12      0.142294D+11
      0.755000D+01      0.162363D-02     -0.309017D+00      0.100525D+01
      0.760000D+01      0.155582D-02     -0.587785D+00      0.100265D+01
      0.765000D+01      0.149084D-02     -0.809017D+00      0.100184D+01
      0.770000D+01      0.142858D-02     -0.951057D+00      0.100150D+01
      0.775000D+01      0.136892D-02     -0.100000D+01      0.100137D+01
      0.780000D+01      0.131175D-02     -0.951057D+00      0.100138D+01
      0.785000D+01      0.125697D-02     -0.809017D+00      0.100155D+01
      0.790000D+01      0.120447D-02     -0.587785D+00      0.100205D+01
      0.795000D+01      0.115417D-02     -0.309017D+00      0.100373D+01
      0.800000D+01      0.110597D-02     -0.129857D-12      0.851680D+10
      0.805000D+01      0.105978D-02      0.309017D+00      0.996570D+00
      0.810000D+01      0.101552D-02      0.587785D+00      0.998272D+00
      0.815000D+01      0.973108D-03      0.809017D+00      0.998797D+00
      0.820000D+01      0.932468D-03      0.951057D+00      0.999020D+00
      0.825000D+01      0.893525D-03      0.100000D+01      0.999106D+00
      0.830000D+01      0.856208D-03      0.951057D+00      0.999100D+00
      0.835000D+01      0.820451D-03      0.809017D+00      0.998986D+00
      0.840000D+01      0.786186D-03      0.587785D+00      0.998662D+00
      0.845000D+01      0.753352D-03      0.309017D+00      0.997562D+00
      0.850000D+01      0.721890D-03      0.908997D-13      0.794161D+10
      0.855000D+01      0.691742D-03     -0.309017D+00      0.100224D+01
      0.860000D+01      0.662852D-03     -0.587785D+00      0.100113D+01
      0.865000D+01      0.635169D-03     -0.809017D+00      0.100079D+01
      0.870000D+01      0.608643D-03     -0.951057D+00      0.100064D+01
      0.875000D+01      0.583224D-03     -0.100000D+01      0.100058D+01
      0.880000D+01      0.558867D-03     -0.951057D+00      0.100059D+01
      0.885000D+01      0.535527D-03     -0.809017D+00      0.100066D+01
      0.890000D+01      0.513161D-03     -0.587785D+00      0.100087D+01
      0.895000D+01      0.491730D-03     -0.309017D+00      0.100159D+01
      0.900000D+01      0.471194D-03     -0.448369D-13      0.105091D+11
      0.905000D+01      0.451515D-03      0.309017D+00      0.998539D+00
      0.910000D+01      0.432659D-03      0.587785D+00      0.999264D+00
      0.915000D+01      0.414590D-03      0.809017D+00      0.999488D+00
      0.920000D+01      0.397275D-03      0.951057D+00      0.999582D+00
      0.925000D+01      0.380684D-03      0.100000D+01      0.999619D+00
      0.930000D+01      0.364785D-03      0.951057D+00      0.999616D+00
      0.935000D+01      0.349550D-03      0.809017D+00      0.999568D+00
      0.940000D+01      0.334952D-03      0.587785D+00      0.999430D+00
      0.945000D+01      0.320963D-03      0.309017D+00      0.998961D+00
      0.950000D+01      0.307559D-03      0.587954D-14      0.523100D+11
      0.955000D+01      0.294714D-03     -0.309017D+00      0.100095D+01
      0.960000D+01      0.282406D-03     -0.587785D+00      0.100048D+01
      0.965000D+01      0.270612D-03     -0.809017D+00      0.100033D+01
      0.970000D+01      0.259310D-03     -0.951057D+00      0.100027D+01
      0.975000D+01      0.248481D-03     -0.100000D+01      0.100025D+01
      0.980000D+01      0.238103D-03     -0.951057D+00      0.100025D+01
      0.985000D+01      0.228159D-03     -0.809017D+00      0.100028D+01
      0.990000D+01      0.218631D-03     -0.587785D+00      0.100037D+01
      0.995000D+01      0.209500D-03     -0.309017D+00      0.100068D+01
      0.100000D+02      0.200751D-03      0.401833D-13      0.499588D+10
