 #  Runge-Kutta for damped harmonic oscillator
                #x                 y        analytical    Relative-error
 
      0.500000D-01      0.953540D+00      0.309017D+00      0.208572D+01
      0.100000D+00      0.827463D+00      0.587785D+00      0.407765D+00
      0.150000D+00      0.644759D+00      0.809017D+00      0.203034D+00
      0.200000D+00      0.430206D+00      0.951057D+00      0.547655D+00
      0.250000D+00      0.207866D+00      0.100000D+01      0.792134D+00
      0.300000D+00     -0.990999D-03      0.951057D+00      0.100104D+01
      0.350000D+00     -0.179406D+00      0.809017D+00      0.122176D+01
      0.400000D+00     -0.315642D+00      0.587785D+00      0.153700D+01
      0.450000D+00     -0.403491D+00      0.309017D+00      0.230572D+01
      0.500000D+00     -0.442025D+00      0.566554D-15      0.780200D+15
      0.550000D+00     -0.434922D+00     -0.309017D+00      0.407438D+00
      0.600000D+00     -0.389458D+00     -0.587785D+00      0.337415D+00
      0.650000D+00     -0.315324D+00     -0.809017D+00      0.610238D+00
      0.700000D+00     -0.223403D+00     -0.951057D+00      0.765100D+00
      0.750000D+00     -0.124605D+00     -0.100000D+01      0.875395D+00
      0.800000D+00     -0.288782D-01     -0.951057D+00      0.969636D+00
      0.850000D+00      0.555527D-01     -0.809017D+00      0.106867D+01
      0.900000D+00      0.122682D+00     -0.587785D+00      0.120872D+01
      0.950000D+00      0.168943D+00     -0.309017D+00      0.154671D+01
      0.100000D+01      0.193179D+00      0.153143D-14      0.126143D+15
      0.105000D+01      0.196396D+00      0.309017D+00      0.364450D+00
      0.110000D+01      0.181356D+00      0.587785D+00      0.691459D+00
      0.115000D+01      0.152075D+00      0.809017D+00      0.812025D+00
      0.120000D+01      0.113275D+00      0.951057D+00      0.880896D+00
      0.125000D+01      0.698528D-01      0.100000D+01      0.930147D+00
      0.130000D+01      0.264142D-01      0.951057D+00      0.972226D+00
      0.135000D+01     -0.131042D-01      0.809017D+00      0.101620D+01
      0.140000D+01     -0.456926D-01      0.587785D+00      0.107774D+01
      0.145000D+01     -0.694065D-01      0.309017D+00      0.122460D+01
      0.150000D+01     -0.833875D-01     -0.318532D-14      0.261787D+14
      0.155000D+01     -0.877837D-01     -0.309017D+00      0.715926D+00
      0.160000D+01     -0.835898D-01     -0.587785D+00      0.857789D+00
      0.165000D+01     -0.724341D-01     -0.809017D+00      0.910467D+00
      0.170000D+01     -0.563387D-01     -0.951057D+00      0.940762D+00
      0.175000D+01     -0.374793D-01     -0.100000D+01      0.962521D+00
      0.180000D+01     -0.179659D-01     -0.951057D+00      0.981109D+00
      0.185000D+01      0.338967D-03     -0.809017D+00      0.100042D+01
      0.190000D+01      0.159530D-01     -0.587785D+00      0.102714D+01
      0.195000D+01      0.278530D-01     -0.309017D+00      0.109013D+01
      0.200000D+01      0.355008D-01      0.483921D-14      0.733606D+13
      0.205000D+01      0.388216D-01      0.309017D+00      0.874371D+00
      0.210000D+01      0.381434D-01      0.587785D+00      0.935107D+00
      0.215000D+01      0.341089D-01      0.809017D+00      0.957839D+00
      0.220000D+01      0.275712D-01      0.951057D+00      0.971010D+00
      0.225000D+01      0.194863D-01      0.100000D+01      0.980514D+00
      0.230000D+01      0.108113D-01      0.951057D+00      0.988632D+00
      0.235000D+01      0.241772D-02      0.809017D+00      0.997012D+00
      0.240000D+01     -0.497504D-02      0.587785D+00      0.100846D+01
      0.245000D+01     -0.108428D-01      0.309017D+00      0.103509D+01
      0.250000D+01     -0.148758D-01      0.594139D-14      0.250375D+13
      0.255000D+01     -0.169752D-01     -0.309017D+00      0.945067D+00
      0.260000D+01     -0.172320D-01     -0.587785D+00      0.970683D+00
      0.265000D+01     -0.158906D-01     -0.809017D+00      0.980358D+00
      0.270000D+01     -0.133049D-01     -0.951057D+00      0.986010D+00
      0.275000D+01     -0.988977D-02     -0.100000D+01      0.990110D+00
      0.280000D+01     -0.607518D-02     -0.951057D+00      0.993612D+00
      0.285000D+01     -0.226467D-02     -0.809017D+00      0.997201D+00
      0.290000D+01      0.119721D-02     -0.587785D+00      0.100204D+01
      0.295000D+01      0.404755D-02     -0.309017D+00      0.101310D+01
      0.300000D+01      0.611705D-02     -0.184984D-13      0.330681D+12
      0.305000D+01      0.733173D-02      0.309017D+00      0.976274D+00
      0.310000D+01      0.770581D-02      0.587785D+00      0.986890D+00
      0.315000D+01      0.732755D-02      0.809017D+00      0.990943D+00
      0.320000D+01      0.634055D-02      0.951057D+00      0.993333D+00
      0.325000D+01      0.492268D-02      0.100000D+01      0.995077D+00
      0.330000D+01      0.326498D-02      0.951057D+00      0.996567D+00
      0.335000D+01      0.155245D-02      0.809017D+00      0.998081D+00
      0.340000D+01     -0.518239D-04      0.587785D+00      0.100009D+01
      0.345000D+01     -0.141826D-02      0.309017D+00      0.100459D+01
      0.350000D+01     -0.245766D-02      0.292790D-13      0.839396D+11
      0.355000D+01     -0.312340D-02     -0.309017D+00      0.989892D+00
      0.360000D+01     -0.340949D-02     -0.587785D+00      0.994199D+00
      0.365000D+01     -0.334517D-02     -0.809017D+00      0.995865D+00
      0.370000D+01     -0.298721D-02     -0.951057D+00      0.996859D+00
      0.375000D+01     -0.241069D-02     -0.100000D+01      0.997589D+00
      0.380000D+01     -0.169961D-02     -0.951057D+00      0.998213D+00
      0.385000D+01     -0.937912D-03     -0.809017D+00      0.998841D+00
      0.390000D+01     -0.201957D-03     -0.587785D+00      0.999656D+00
      0.395000D+01      0.445339D-03     -0.309017D+00      0.100144D+01
      0.400000D+01      0.958229D-03     -0.400596D-13      0.239201D+11
      0.405000D+01      0.130979D-02      0.309017D+00      0.995761D+00
      0.410000D+01      0.149162D-02      0.587785D+00      0.997462D+00
      0.415000D+01      0.151192D-02      0.809017D+00      0.998131D+00
      0.420000D+01      0.139233D-02      0.951057D+00      0.998536D+00
      0.425000D+01      0.116400D-02      0.100000D+01      0.998836D+00
      0.430000D+01      0.863423D-03      0.951057D+00      0.999092D+00
      0.435000D+01      0.528320D-03      0.809017D+00      0.999347D+00
      0.440000D+01      0.194062D-03      0.587785D+00      0.999670D+00
      0.445000D+01     -0.109198D-03      0.309017D+00      0.100035D+01
      0.450000D+01     -0.358496D-03      0.508402D-13      0.705143D+10
      0.455000D+01     -0.539093D-03     -0.309017D+00      0.998255D+00
      0.460000D+01     -0.644616D-03     -0.587785D+00      0.998903D+00
      0.465000D+01     -0.676416D-03     -0.809017D+00      0.999164D+00
      0.470000D+01     -0.642326D-03     -0.951057D+00      0.999325D+00
      0.475000D+01     -0.555011D-03     -0.100000D+01      0.999445D+00
      0.480000D+01     -0.430114D-03     -0.951057D+00      0.999548D+00
      0.485000D+01     -0.284408D-03     -0.809017D+00      0.999648D+00
      0.490000D+01     -0.134116D-03     -0.587785D+00      0.999772D+00
      0.495000D+01      0.648200D-05     -0.309017D+00      0.100002D+01
      0.500000D+01      0.126061D-03     -0.616208D-13      0.204575D+10
      0.505000D+01      0.216844D-03      0.309017D+00      0.999298D+00
      0.510000D+01      0.274793D-03      0.587785D+00      0.999532D+00
      0.515000D+01      0.299430D-03      0.809017D+00      0.999630D+00
      0.520000D+01      0.293366D-03      0.951057D+00      0.999692D+00
      0.525000D+01      0.261610D-03      0.100000D+01      0.999738D+00
      0.530000D+01      0.210774D-03      0.951057D+00      0.999778D+00
      0.535000D+01      0.148234D-03      0.809017D+00      0.999817D+00
      0.540000D+01      0.813558D-04      0.587785D+00      0.999862D+00
      0.545000D+01      0.168278D-04      0.309017D+00      0.999946D+00
      0.550000D+01     -0.398468D-04      0.759541D-13      0.524617D+09
      0.555000D+01     -0.846761D-04     -0.309017D+00      0.999726D+00
      0.560000D+01     -0.115321D-03     -0.587785D+00      0.999804D+00
      0.565000D+01     -0.131067D-03     -0.809017D+00      0.999838D+00
      0.570000D+01     -0.132653D-03     -0.951057D+00      0.999861D+00
      0.575000D+01     -0.121993D-03     -0.100000D+01      0.999878D+00
      0.580000D+01     -0.101832D-03     -0.951057D+00      0.999893D+00
      0.585000D+01     -0.753780D-04     -0.809017D+00      0.999907D+00
      0.590000D+01     -0.459406D-04     -0.587785D+00      0.999922D+00
      0.595000D+01     -0.166200D-04     -0.309017D+00      0.999946D+00
      0.600000D+01      0.994496D-05     -0.867347D-13      0.114660D+09
      0.605000D+01      0.317486D-04      0.309017D+00      0.999897D+00
      0.610000D+01      0.475079D-04      0.587785D+00      0.999919D+00
      0.615000D+01      0.566739D-04      0.809017D+00      0.999930D+00
      0.620000D+01      0.593745D-04      0.951057D+00      0.999938D+00
      0.625000D+01      0.563046D-04      0.100000D+01      0.999944D+00
      0.630000D+01      0.485810D-04      0.951057D+00      0.999949D+00
      0.635000D+01      0.375794D-04      0.809017D+00      0.999954D+00
      0.640000D+01      0.247728D-04      0.587785D+00      0.999958D+00
      0.645000D+01      0.115835D-04      0.309017D+00      0.999963D+00
      0.650000D+01     -0.738275D-06      0.975153D-13      0.757087D+07
      0.655000D+01     -0.112025D-04     -0.309017D+00      0.999964D+00
      0.660000D+01     -0.191314D-04     -0.587785D+00      0.999967D+00
      0.665000D+01     -0.241751D-04     -0.809017D+00      0.999970D+00
      0.670000D+01     -0.262962D-04     -0.951057D+00      0.999972D+00
      0.675000D+01     -0.257271D-04     -0.100000D+01      0.999974D+00
      0.680000D+01     -0.229105D-04     -0.951057D+00      0.999976D+00
      0.685000D+01     -0.184280D-04     -0.809017D+00      0.999977D+00
      0.690000D+01     -0.129278D-04     -0.587785D+00      0.999978D+00
      0.695000D+01     -0.705594D-05     -0.309017D+00      0.999977D+00
      0.700000D+01     -0.139829D-05     -0.108296D-12      0.129118D+08
      0.705000D+01      0.356381D-05      0.309017D+00      0.999988D+00
      0.710000D+01      0.748200D-05      0.587785D+00      0.999987D+00
      0.715000D+01      0.101531D-04      0.809017D+00      0.999987D+00
      0.720000D+01      0.115163D-04      0.951057D+00      0.999988D+00
      0.725000D+01      0.116384D-04      0.100000D+01      0.999988D+00
      0.730000D+01      0.106885D-04      0.951057D+00      0.999989D+00
      0.735000D+01      0.890854D-05      0.809017D+00      0.999989D+00
      0.740000D+01      0.658034D-05      0.587785D+00      0.999989D+00
      0.745000D+01      0.399445D-05      0.309017D+00      0.999987D+00
      0.750000D+01      0.142255D-05      0.119077D-12      0.119465D+08
      0.755000D+01     -0.904442D-06     -0.309017D+00      0.999997D+00
      0.760000D+01     -0.281134D-05     -0.587785D+00      0.999995D+00
      0.765000D+01     -0.418648D-05     -0.809017D+00      0.999995D+00
      0.770000D+01     -0.498257D-05     -0.951057D+00      0.999995D+00
      0.775000D+01     -0.521167D-05     -0.100000D+01      0.999995D+00
      0.780000D+01     -0.493541D-05     -0.951057D+00      0.999995D+00
      0.785000D+01     -0.425227D-05     -0.809017D+00      0.999995D+00
      0.790000D+01     -0.328324D-05     -0.587785D+00      0.999994D+00
      0.795000D+01     -0.215765D-05     -0.309017D+00      0.999993D+00
      0.800000D+01     -0.100021D-05     -0.129857D-12      0.770236D+07
      0.805000D+01      0.796317D-07      0.309017D+00      0.100000D+01
      0.810000D+01      0.995330D-06      0.587785D+00      0.999998D+00
      0.815000D+01      0.168780D-05      0.809017D+00      0.999998D+00
      0.820000D+01      0.212676D-05      0.951057D+00      0.999998D+00
      0.825000D+01      0.230929D-05      0.100000D+01      0.999998D+00
      0.830000D+01      0.225613D-05      0.951057D+00      0.999998D+00
      0.835000D+01      0.200634D-05      0.809017D+00      0.999998D+00
      0.840000D+01      0.161112D-05      0.587785D+00      0.999997D+00
      0.845000D+01      0.112741D-05      0.309017D+00      0.999996D+00
      0.850000D+01      0.611871D-06      0.908997D-13      0.673127D+07
      0.855000D+01      0.115833D-06     -0.309017D+00      0.100000D+01
      0.860000D+01     -0.318610D-06     -0.587785D+00      0.999999D+00
      0.865000D+01     -0.661059D-06     -0.809017D+00      0.999999D+00
      0.870000D+01     -0.893865D-06     -0.951057D+00      0.999999D+00
      0.875000D+01     -0.101187D-05     -0.100000D+01      0.999999D+00
      0.880000D+01     -0.102108D-05     -0.951057D+00      0.999999D+00
      0.885000D+01     -0.936464D-06     -0.809017D+00      0.999999D+00
      0.890000D+01     -0.779321D-06     -0.587785D+00      0.999999D+00
      0.895000D+01     -0.574427D-06     -0.309017D+00      0.999998D+00
      0.900000D+01     -0.347278D-06     -0.448369D-13      0.774536D+07
      0.905000D+01     -0.121684D-06      0.309017D+00      0.100000D+01
      0.910000D+01      0.821470D-07      0.587785D+00      0.100000D+01
      0.915000D+01      0.248916D-06      0.809017D+00      0.100000D+01
      0.920000D+01      0.368903D-06      0.951057D+00      0.100000D+01
      0.925000D+01      0.438039D-06      0.100000D+01      0.100000D+01
      0.930000D+01      0.457451D-06      0.951057D+00      0.100000D+01
      0.935000D+01      0.432608D-06      0.809017D+00      0.999999D+00
      0.940000D+01      0.372191D-06      0.587785D+00      0.999999D+00
      0.945000D+01      0.286841D-06      0.309017D+00      0.999999D+00
      0.950000D+01      0.187914D-06      0.587954D-14      0.319607D+08
      0.955000D+01      0.863427D-07     -0.309017D+00      0.100000D+01
      0.960000D+01     -0.828848D-08     -0.587785D+00      0.100000D+01
      0.965000D+01     -0.884167D-07     -0.809017D+00      0.100000D+01
      0.970000D+01     -0.148892D-06     -0.951057D+00      0.100000D+01
      0.975000D+01     -0.187092D-06     -0.100000D+01      0.100000D+01
      0.980000D+01     -0.202795D-06     -0.951057D+00      0.100000D+01
      0.985000D+01     -0.197847D-06     -0.809017D+00      0.100000D+01
      0.990000D+01     -0.175698D-06     -0.587785D+00      0.100000D+01
      0.995000D+01     -0.140853D-06     -0.309017D+00      0.100000D+01
      0.100000D+02     -0.983140D-07      0.401833D-13      0.244664D+07
