 #N                         h                    T-rule,eT                    S-rule,eS                    G-Quad,eG
  5        0.785398163500E+00           0.157079632684E+01           0.157079632679E+01           0.157084471253E+01
                                        0.277995131661E-07           0.278336970600E-07           0.307754880701E-04

  9        0.392699081750E+00           0.157079632681E+01           0.157079632679E+01           0.157079632680E+01
                                        0.278207523442E-07           0.278278321174E-07           0.278268198529E-07

 13        0.261799387833E+00           0.157079632680E+01           0.157079632679E+01           0.157079632679E+01
                                        0.278245376282E-07           0.278275909607E-07           0.278275352656E-07

 17        0.196349540875E+00           0.157079632680E+01           0.157079632679E+01           0.157079632679E+01
                                        0.278258519748E-07           0.278275520872E-07           0.278275371033E-07

 21        0.157079632700E+00           0.157079632680E+01           0.157079632679E+01           0.157079632679E+01
                                        0.278264585419E-07           0.278275417681E-07           0.278275375273E-07

 25        0.130899693917E+00           0.157079632680E+01           0.157079632679E+01           0.157079632679E+01
                                        0.278267874819E-07           0.278275380928E-07           0.278275361138E-07

 29        0.112199737643E+00           0.157079632680E+01           0.157079632679E+01           0.157079632679E+01
                                        0.278269859485E-07           0.278275361138E-07           0.278275355483E-07

 33        0.981747704375E-01           0.157079632680E+01           0.157079632679E+01           0.157079632679E+01
                                        0.278271144429E-07           0.278275351243E-07           0.278275354070E-07

 37        0.872664626111E-01           0.157079632680E+01           0.157079632679E+01           0.157079632679E+01
                                        0.278272027916E-07           0.278275352656E-07           0.278275345588E-07

 41        0.785398163500E-01           0.157079632680E+01           0.157079632679E+01           0.157079632679E+01
                                        0.278272658373E-07           0.278275348415E-07           0.278275345588E-07

 45        0.713998330455E-01           0.157079632680E+01           0.157079632679E+01           0.157079632679E+01
                                        0.278273123441E-07           0.278275348415E-07           0.278275352656E-07

 49        0.654498469583E-01           0.157079632680E+01           0.157079632679E+01           0.157079632679E+01
                                        0.278273478249E-07           0.278275347002E-07           0.278275345588E-07

 53        0.604152433462E-01           0.157079632680E+01           0.157079632679E+01           0.157079632679E+01
                                        0.278273755311E-07           0.278275345588E-07           0.278275347002E-07

 57        0.560998688214E-01           0.157079632680E+01           0.157079632679E+01           0.157079632679E+01
                                        0.278273974416E-07           0.278275345588E-07           0.278275347002E-07

 61        0.523598775667E-01           0.157079632680E+01           0.157079632679E+01           0.157079632679E+01
                                        0.278274149700E-07           0.278275348415E-07           0.278275341348E-07

 65        0.490873852188E-01           0.157079632680E+01           0.157079632679E+01           0.157079632679E+01
                                        0.278274295298E-07           0.278275347002E-07           0.278275342761E-07

 69        0.461998919706E-01           0.157079632680E+01           0.157079632679E+01           0.157079632679E+01
                                        0.278274415453E-07           0.278275344175E-07           0.278275339934E-07

 73        0.436332313056E-01           0.157079632680E+01           0.157079632679E+01           0.157079632679E+01
                                        0.278274517230E-07           0.278275347002E-07           0.278275339934E-07

 77        0.413367454474E-01           0.157079632680E+01           0.157079632679E+01           0.157079632679E+01
                                        0.278274600632E-07           0.278275345588E-07           0.278275347002E-07

 81        0.392699081750E-01           0.157079632680E+01           0.157079632679E+01           0.157079632679E+01
                                        0.278274671311E-07           0.278275345588E-07           0.278275344175E-07

 85        0.373999125476E-01           0.157079632679E+01           0.157079632679E+01           0.157079632679E+01
                                        0.278274736335E-07           0.278275345588E-07           0.278275344175E-07

 89        0.356999165227E-01           0.157079632679E+01           0.157079632679E+01           0.157079632679E+01
                                        0.278274790051E-07           0.278275342761E-07           0.278275341348E-07

 93        0.341477462391E-01           0.157079632679E+01           0.157079632679E+01           0.157079632679E+01
                                        0.278274838113E-07           0.278275342761E-07           0.278275344175E-07

 97        0.327249234792E-01           0.157079632679E+01           0.157079632679E+01           0.157079632679E+01
                                        0.278274877693E-07           0.278275341348E-07           0.278275339934E-07

101        0.314159265400E-01           0.157079632679E+01           0.157079632679E+01           0.157079632679E+01
                                        0.278274911619E-07           0.278275345588E-07           0.278275348415E-07

105        0.302076216731E-01           0.157079632679E+01           0.157079632679E+01           0.157079632679E+01
                                        0.278274946959E-07           0.278275347002E-07           0.278275349829E-07

109        0.290888208704E-01           0.157079632679E+01           0.157079632679E+01           0.157079632679E+01
                                        0.278274979471E-07           0.278275347002E-07           0.278275345588E-07

113        0.280499344107E-01           0.157079632679E+01           0.157079632679E+01           0.157079632679E+01
                                        0.278274995020E-07           0.278275347002E-07           0.278275341348E-07

117        0.270826952931E-01           0.157079632679E+01           0.157079632679E+01           0.157079632679E+01
                                        0.278275031774E-07           0.278275342761E-07           0.278275345588E-07

121        0.261799387833E-01           0.157079632679E+01           0.157079632679E+01           0.157079632679E+01
                                        0.278275044496E-07           0.278275347002E-07           0.278275345588E-07

125        0.253354246290E-01           0.157079632679E+01           0.157079632679E+01           0.157079632679E+01
                                        0.278275065699E-07           0.278275342761E-07           0.278275344175E-07

129        0.245436926094E-01           0.157079632679E+01           0.157079632679E+01           0.157079632679E+01
                                        0.278275082662E-07           0.278275347002E-07           0.278275347002E-07

133        0.237999443485E-01           0.157079632679E+01           0.157079632679E+01           0.157079632679E+01
                                        0.278275098212E-07           0.278275349829E-07           0.278275352656E-07

137        0.230999459853E-01           0.157079632679E+01           0.157079632679E+01           0.157079632679E+01
                                        0.278275110934E-07           0.278275348415E-07           0.278275335693E-07

141        0.224399475286E-01           0.157079632679E+01           0.157079632679E+01           0.157079632679E+01
                                        0.278275122243E-07           0.278275344175E-07           0.278275347002E-07

145        0.218166156528E-01           0.157079632679E+01           0.157079632679E+01           0.157079632679E+01
                                        0.278275129311E-07           0.278275339934E-07           0.278275345588E-07

149        0.212269773919E-01           0.157079632679E+01           0.157079632679E+01           0.157079632679E+01
                                        0.278275150514E-07           0.278275344175E-07           0.278275347002E-07

153        0.206683727237E-01           0.157079632679E+01           0.157079632679E+01           0.157079632679E+01
                                        0.278275163236E-07           0.278275344175E-07           0.278275352656E-07

157        0.201384144487E-01           0.157079632679E+01           0.157079632679E+01           0.157079632679E+01
                                        0.278275166064E-07           0.278275345588E-07           0.278275344175E-07

161        0.196349540875E-01           0.157079632679E+01           0.157079632679E+01           0.157079632679E+01
                                        0.278275175959E-07           0.278275342761E-07           0.278275347002E-07

165        0.191560527683E-01           0.157079632679E+01           0.157079632679E+01           0.157079632679E+01
                                        0.278275184440E-07           0.278275345588E-07           0.278275352656E-07

169        0.186999562738E-01           0.157079632679E+01           0.157079632679E+01           0.157079632679E+01
                                        0.278275190094E-07           0.278275345588E-07           0.278275351243E-07

173        0.182650735698E-01           0.157079632679E+01           0.157079632679E+01           0.157079632679E+01
                                        0.278275197162E-07           0.278275348415E-07           0.278275351243E-07

177        0.178499582614E-01           0.157079632679E+01           0.157079632679E+01           0.157079632679E+01
                                        0.278275205644E-07           0.278275354070E-07           0.278275354070E-07

181        0.174532925222E-01           0.157079632679E+01           0.157079632679E+01           0.157079632679E+01
                                        0.278275214125E-07           0.278275345588E-07           0.278275359724E-07

185        0.170738731196E-01           0.157079632679E+01           0.157079632679E+01           0.157079632679E+01
                                        0.278275219780E-07           0.278275344175E-07           0.278275351243E-07

189        0.167105992234E-01           0.157079632679E+01           0.157079632679E+01           0.157079632679E+01
                                        0.278275219780E-07           0.278275342761E-07           0.278275344175E-07

193        0.163624617396E-01           0.157079632679E+01           0.157079632679E+01           0.157079632679E+01
                                        0.278275229675E-07           0.278275348415E-07           0.278275348415E-07

197        0.160285339490E-01           0.157079632679E+01           0.157079632679E+01           0.157079632679E+01
                                        0.278275235329E-07           0.278275338520E-07           0.278275358310E-07

201        0.157079632700E-01           0.157079632679E+01           0.157079632679E+01           0.157079632679E+01
                                        0.278275231088E-07           0.278275349829E-07           0.278275349829E-07

205        0.153999639902E-01           0.157079632679E+01           0.157079632679E+01           0.157079632679E+01
                                        0.278275239570E-07           0.278275339934E-07           0.278275355483E-07

209        0.151038108365E-01           0.157079632679E+01           0.157079632679E+01           0.157079632679E+01
                                        0.278275245224E-07           0.278275341348E-07           0.278275351243E-07

213        0.148188332736E-01           0.157079632679E+01           0.157079632679E+01           0.157079632679E+01
                                        0.278275245224E-07           0.278275345588E-07           0.278275352656E-07

217        0.145444104352E-01           0.157079632679E+01           0.157079632679E+01           0.157079632679E+01
                                        0.278275249465E-07           0.278275349829E-07           0.278275362551E-07

221        0.142799666091E-01           0.157079632679E+01           0.157079632679E+01           0.157079632679E+01
                                        0.278275253706E-07           0.278275339934E-07           0.278275355483E-07

225        0.140249672054E-01           0.157079632679E+01           0.157079632679E+01           0.157079632679E+01
                                        0.278275270669E-07           0.278275345588E-07           0.278275362551E-07

229        0.137789151491E-01           0.157079632679E+01           0.157079632679E+01           0.157079632679E+01
                                        0.278275262187E-07           0.278275348415E-07           0.278275355483E-07

233        0.135413476466E-01           0.157079632679E+01           0.157079632679E+01           0.157079632679E+01
                                        0.278275262187E-07           0.278275344175E-07           0.278275358310E-07

237        0.133118332797E-01           0.157079632679E+01           0.157079632679E+01           0.157079632679E+01
                                        0.278275259360E-07           0.278275344175E-07           0.278275352656E-07

241        0.130899693917E-01           0.157079632679E+01           0.157079632679E+01           0.157079632679E+01
                                        0.278275270669E-07           0.278275337107E-07           0.278275361138E-07

245        0.128753797295E-01           0.157079632679E+01           0.157079632679E+01           0.157079632679E+01
                                        0.278275274909E-07           0.278275347002E-07           0.278275369619E-07

249        0.126677123145E-01           0.157079632679E+01           0.157079632679E+01           0.157079632679E+01
                                        0.278275276323E-07           0.278275348415E-07           0.278275358310E-07

253        0.124666375159E-01           0.157079632679E+01           0.157079632679E+01           0.157079632679E+01
                                        0.278275269255E-07           0.278275345588E-07           0.278275361138E-07

257        0.122718463047E-01           0.157079632679E+01           0.157079632679E+01           0.157079632679E+01
                                        0.278275276323E-07           0.278275338520E-07           0.278275359724E-07

261        0.120830486692E-01           0.157079632679E+01           0.157079632679E+01           0.157079632679E+01
                                        0.278275284804E-07           0.278275347002E-07           0.278275369619E-07

265        0.118999721742E-01           0.157079632679E+01           0.157079632679E+01           0.157079632679E+01
                                        0.278275280564E-07           0.278275344175E-07           0.278275365378E-07

269        0.117223606493E-01           0.157079632679E+01           0.157079632679E+01           0.157079632679E+01
                                        0.278275286218E-07           0.278275347002E-07           0.278275362551E-07

273        0.115499729926E-01           0.157079632679E+01           0.157079632679E+01           0.157079632679E+01
                                        0.278275291872E-07           0.278275348415E-07           0.278275366792E-07

277        0.113825820797E-01           0.157079632679E+01           0.157079632679E+01           0.157079632679E+01
                                        0.278275289045E-07           0.278275337107E-07           0.278275372446E-07

281        0.112199737643E-01           0.157079632679E+01           0.157079632679E+01           0.157079632679E+01
                                        0.278275290459E-07           0.278275344175E-07           0.278275363965E-07

285        0.110619459648E-01           0.157079632679E+01           0.157079632679E+01           0.157079632679E+01
                                        0.278275301767E-07           0.278275339934E-07           0.278275366792E-07

289        0.109083078264E-01           0.157079632679E+01           0.157079632679E+01           0.157079632679E+01
                                        0.278275294699E-07           0.278275337107E-07           0.278275373860E-07

293        0.107588789521E-01           0.157079632679E+01           0.157079632679E+01           0.157079632679E+01
                                        0.278275301767E-07           0.278275342761E-07           0.278275366792E-07

297        0.106134886959E-01           0.157079632679E+01           0.157079632679E+01           0.157079632679E+01
                                        0.278275298940E-07           0.278275344175E-07           0.278275362551E-07

301        0.104719755133E-01           0.157079632679E+01           0.157079632679E+01           0.157079632679E+01
                                        0.278275307422E-07           0.278275337107E-07           0.278275366792E-07

305        0.103341863618E-01           0.157079632679E+01           0.157079632679E+01           0.157079632679E+01
                                        0.278275289045E-07           0.278275347002E-07           0.278275368206E-07

309        0.101999761494E-01           0.157079632679E+01           0.157079632679E+01           0.157079632679E+01
                                        0.278275307422E-07           0.278275349829E-07           0.278275368206E-07

313        0.100692072244E-01           0.157079632679E+01           0.157079632679E+01           0.157079632679E+01
                                        0.278275306008E-07           0.278275344175E-07           0.278275375273E-07

317        0.994174890506E-02           0.157079632679E+01           0.157079632679E+01           0.157079632679E+01
                                        0.278275296113E-07           0.278275345588E-07           0.278275375273E-07

321        0.981747704375E-02           0.157079632679E+01           0.157079632679E+01           0.157079632679E+01
                                        0.278275303181E-07           0.278275342761E-07           0.278275371033E-07

325        0.969627362346E-02           0.157079632679E+01           0.157079632679E+01           0.157079632679E+01
                                        0.278275304594E-07           0.278275339934E-07           0.278275376687E-07

329        0.957802638415E-02           0.157079632679E+01           0.157079632679E+01           0.157079632679E+01
                                        0.278275298940E-07           0.278275342761E-07           0.278275373860E-07

333        0.946262847590E-02           0.157079632679E+01           0.157079632679E+01           0.157079632679E+01
                                        0.278275314489E-07           0.278275337107E-07           0.278275372446E-07

337        0.934997813690E-02           0.157079632679E+01           0.157079632679E+01           0.157079632679E+01
                                        0.278275304594E-07           0.278275344175E-07           0.278275373860E-07

341        0.923997839412E-02           0.157079632679E+01           0.157079632679E+01           0.157079632679E+01
                                        0.278275308835E-07           0.278275349829E-07           0.278275372446E-07

345        0.913253678488E-02           0.157079632679E+01           0.157079632679E+01           0.157079632679E+01
                                        0.278275296113E-07           0.278275351243E-07           0.278275383755E-07

349        0.902756509770E-02           0.157079632679E+01           0.157079632679E+01           0.157079632679E+01
                                        0.278275313076E-07           0.278275347002E-07           0.278275380928E-07

353        0.892497913068E-02           0.157079632679E+01           0.157079632679E+01           0.157079632679E+01
                                        0.278275311662E-07           0.278275345588E-07           0.278275382341E-07

357        0.882469846629E-02           0.157079632679E+01           0.157079632679E+01           0.157079632679E+01
                                        0.278275311662E-07           0.278275344175E-07           0.278275387996E-07

361        0.872664626111E-02           0.157079632679E+01           0.157079632679E+01           0.157079632679E+01
                                        0.278275317317E-07           0.278275342761E-07           0.278275387996E-07

365        0.863074904945E-02           0.157079632679E+01           0.157079632679E+01           0.157079632679E+01
                                        0.278275311662E-07           0.278275344175E-07           0.278275385168E-07

369        0.853693655978E-02           0.157079632679E+01           0.157079632679E+01           0.157079632679E+01
                                        0.278275315903E-07           0.278275351243E-07           0.278275383755E-07

373        0.844514154301E-02           0.157079632679E+01           0.157079632679E+01           0.157079632679E+01
                                        0.278275306008E-07           0.278275342761E-07           0.278275395064E-07

377        0.835529961170E-02           0.157079632679E+01           0.157079632679E+01           0.157079632679E+01
                                        0.278275315903E-07           0.278275338520E-07           0.278275397891E-07

381        0.826734908947E-02           0.157079632679E+01           0.157079632679E+01           0.157079632679E+01
                                        0.278275310249E-07           0.278275347002E-07           0.278275385168E-07

385        0.818123086979E-02           0.157079632679E+01           0.157079632679E+01           0.157079632679E+01
                                        0.278275311662E-07           0.278275341348E-07           0.278275386582E-07

389        0.809688828351E-02           0.157079632679E+01           0.157079632679E+01           0.157079632679E+01
                                        0.278275310249E-07           0.278275341348E-07           0.278275390823E-07

393        0.801426697449E-02           0.157079632679E+01           0.157079632679E+01           0.157079632679E+01
                                        0.278275311662E-07           0.278275345588E-07           0.278275378101E-07

397        0.793331478283E-02           0.157079632679E+01           0.157079632679E+01           0.157079632679E+01
                                        0.278275320144E-07           0.278275345588E-07           0.278275390823E-07

401        0.785398163500E-02           0.157079632679E+01           0.157079632679E+01           0.157079632679E+01
                                        0.278275320144E-07           0.278275342761E-07           0.278275387996E-07

405        0.777621944059E-02           0.157079632679E+01           0.157079632679E+01           0.157079632679E+01
                                        0.278275314489E-07           0.278275327212E-07           0.278275396477E-07

409        0.769998199510E-02           0.157079632679E+01           0.157079632679E+01           0.157079632679E+01
                                        0.278275318730E-07           0.278275344175E-07           0.278275393650E-07

413        0.762522488835E-02           0.157079632679E+01           0.157079632679E+01           0.157079632679E+01
                                        0.278275325798E-07           0.278275348415E-07           0.278275383755E-07

417        0.755190541827E-02           0.157079632679E+01           0.157079632679E+01           0.157079632679E+01
                                        0.278275314489E-07           0.278275342761E-07           0.278275395064E-07

421        0.747998250952E-02           0.157079632679E+01           0.157079632679E+01           0.157079632679E+01
                                        0.278275320144E-07           0.278275349829E-07           0.278275396477E-07

425        0.740941663679E-02           0.157079632679E+01           0.157079632679E+01           0.157079632679E+01
                                        0.278275322971E-07           0.278275338520E-07           0.278275399304E-07

429        0.734016975234E-02           0.157079632679E+01           0.157079632679E+01           0.157079632679E+01
                                        0.278275328625E-07           0.278275341348E-07           0.278275404959E-07

433        0.727220521759E-02           0.157079632679E+01           0.157079632679E+01           0.157079632679E+01
                                        0.278275313076E-07           0.278275337107E-07           0.278275403545E-07

437        0.720548773853E-02           0.157079632679E+01           0.157079632679E+01           0.157079632679E+01
                                        0.278275325798E-07           0.278275348415E-07           0.278275410613E-07

441        0.713998330455E-02           0.157079632679E+01           0.157079632679E+01           0.157079632679E+01
                                        0.278275328625E-07           0.278275348415E-07           0.278275406372E-07

445        0.707565913063E-02           0.157079632679E+01           0.157079632679E+01           0.157079632679E+01
                                        0.278275307422E-07           0.278275351243E-07           0.278275412026E-07

449        0.701248360268E-02           0.157079632679E+01           0.157079632679E+01           0.157079632679E+01
                                        0.278275308835E-07           0.278275354070E-07           0.278275412026E-07

453        0.695042622566E-02           0.157079632679E+01           0.157079632679E+01           0.157079632679E+01
                                        0.278275317317E-07           0.278275358310E-07           0.278275412026E-07

457        0.688945757456E-02           0.157079632679E+01           0.157079632679E+01           0.157079632679E+01
                                        0.278275324385E-07           0.278275347002E-07           0.278275421922E-07

461        0.682954924783E-02           0.157079632679E+01           0.157079632679E+01           0.157079632679E+01
                                        0.278275307422E-07           0.278275351243E-07           0.278275396477E-07

465        0.677067382328E-02           0.157079632679E+01           0.157079632679E+01           0.157079632679E+01
                                        0.278275317317E-07           0.278275349829E-07           0.278275406372E-07

469        0.671280481624E-02           0.157079632679E+01           0.157079632679E+01           0.157079632679E+01
                                        0.278275311662E-07           0.278275339934E-07           0.278275407786E-07

473        0.665591663983E-02           0.157079632679E+01           0.157079632679E+01           0.157079632679E+01
                                        0.278275325798E-07           0.278275345588E-07           0.278275412026E-07

477        0.659998456723E-02           0.157079632679E+01           0.157079632679E+01           0.157079632679E+01
                                        0.278275327212E-07           0.278275348415E-07           0.278275417681E-07

481        0.654498469583E-02           0.157079632679E+01           0.157079632679E+01           0.157079632679E+01
                                        0.278275320144E-07           0.278275349829E-07           0.278275417681E-07

485        0.649089391322E-02           0.157079632679E+01           0.157079632679E+01           0.157079632679E+01
                                        0.278275324385E-07           0.278275341348E-07           0.278275413440E-07

489        0.643768986475E-02           0.157079632679E+01           0.157079632679E+01           0.157079632679E+01
                                        0.278275324385E-07           0.278275348415E-07           0.278275409199E-07

493        0.638535092276E-02           0.157079632679E+01           0.157079632679E+01           0.157079632679E+01
                                        0.278275331452E-07           0.278275334280E-07           0.278275410613E-07

497        0.633385615726E-02           0.157079632679E+01           0.157079632679E+01           0.157079632679E+01
                                        0.278275327212E-07           0.278275342761E-07           0.278275420508E-07

501        0.628318530800E-02           0.157079632679E+01           0.157079632679E+01           0.157079632679E+01
                                        0.278275330039E-07           0.278275348415E-07           0.278275417681E-07

505        0.623331875794E-02           0.157079632679E+01           0.157079632679E+01           0.157079632679E+01
                                        0.278275325798E-07           0.278275345588E-07           0.278275417681E-07

509        0.618423750787E-02           0.157079632679E+01           0.157079632679E+01           0.157079632679E+01
                                        0.278275321557E-07           0.278275351243E-07           0.278275427576E-07

513        0.613592315234E-02           0.157079632679E+01           0.157079632679E+01           0.157079632679E+01
                                        0.278275341348E-07           0.278275348415E-07           0.278275421922E-07

517        0.608835785659E-02           0.157079632679E+01           0.157079632679E+01           0.157079632679E+01
                                        0.278275324385E-07           0.278275337107E-07           0.278275426162E-07

521        0.604152433462E-02           0.157079632679E+01           0.157079632679E+01           0.157079632679E+01
                                        0.278275332866E-07           0.278275341348E-07           0.278275413440E-07

525        0.599540582824E-02           0.157079632679E+01           0.157079632679E+01           0.157079632679E+01
                                        0.278275331452E-07           0.278275341348E-07           0.278275421922E-07

529        0.594998608712E-02           0.157079632679E+01           0.157079632679E+01           0.157079632679E+01
                                        0.278275324385E-07           0.278275347002E-07           0.278275423335E-07

533        0.590524934962E-02           0.157079632679E+01           0.157079632679E+01           0.157079632679E+01
                                        0.278275327212E-07           0.278275339934E-07           0.278275437471E-07

537        0.586118032463E-02           0.157079632679E+01           0.157079632679E+01           0.157079632679E+01
                                        0.278275339934E-07           0.278275342761E-07           0.278275428989E-07

541        0.581776417407E-02           0.157079632679E+01           0.157079632679E+01           0.157079632679E+01
                                        0.278275327212E-07           0.278275347002E-07           0.278275428989E-07

545        0.577498649632E-02           0.157079632679E+01           0.157079632679E+01           0.157079632679E+01
                                        0.278275328625E-07           0.278275345588E-07           0.278275426162E-07

549        0.573283331022E-02           0.157079632679E+01           0.157079632679E+01           0.157079632679E+01
                                        0.278275330039E-07           0.278275338520E-07           0.278275428989E-07

553        0.569129103986E-02           0.157079632679E+01           0.157079632679E+01           0.157079632679E+01
                                        0.278275325798E-07           0.278275339934E-07           0.278275427576E-07

557        0.565034650000E-02           0.157079632679E+01           0.157079632679E+01           0.157079632679E+01
                                        0.278275322971E-07           0.278275342761E-07           0.278275431817E-07

561        0.560998688214E-02           0.157079632679E+01           0.157079632679E+01           0.157079632679E+01
                                        0.278275331452E-07           0.278275341348E-07           0.278275427576E-07

565        0.557019974113E-02           0.157079632679E+01           0.157079632679E+01           0.157079632679E+01
                                        0.278275330039E-07           0.278275349829E-07           0.278275437471E-07

569        0.553097298239E-02           0.157079632679E+01           0.157079632679E+01           0.157079632679E+01
                                        0.278275328625E-07           0.278275345588E-07           0.278275437471E-07

573        0.549229484965E-02           0.157079632679E+01           0.157079632679E+01           0.157079632679E+01
                                        0.278275334280E-07           0.278275344175E-07           0.278275441712E-07

577        0.545415391319E-02           0.157079632679E+01           0.157079632679E+01           0.157079632679E+01
                                        0.278275335693E-07           0.278275344175E-07           0.278275444539E-07

581        0.541653905862E-02           0.157079632679E+01           0.157079632679E+01           0.157079632679E+01
                                        0.278275335693E-07           0.278275349829E-07           0.278275427576E-07

585        0.537943947603E-02           0.157079632679E+01           0.157079632679E+01           0.157079632679E+01
                                        0.278275321557E-07           0.278275348415E-07           0.278275431817E-07

589        0.534284464966E-02           0.157079632679E+01           0.157079632679E+01           0.157079632679E+01
                                        0.278275344175E-07           0.278275348415E-07           0.278275448780E-07

593        0.530674434797E-02           0.157079632679E+01           0.157079632679E+01           0.157079632679E+01
                                        0.278275335693E-07           0.278275344175E-07           0.278275447366E-07

597        0.527112861409E-02           0.157079632679E+01           0.157079632679E+01           0.157079632679E+01
                                        0.278275327212E-07           0.278275349829E-07           0.278275441712E-07

601        0.523598775667E-02           0.157079632679E+01           0.157079632679E+01           0.157079632679E+01
                                        0.278275338520E-07           0.278275349829E-07           0.278275438885E-07

605        0.520131234106E-02           0.157079632679E+01           0.157079632679E+01           0.157079632679E+01
                                        0.278275331452E-07           0.278275341348E-07           0.278275438885E-07

609        0.516709318092E-02           0.157079632679E+01           0.157079632679E+01           0.157079632679E+01
                                        0.278275338520E-07           0.278275327212E-07           0.278275433230E-07

613        0.513332133007E-02           0.157079632679E+01           0.157079632679E+01           0.157079632679E+01
                                        0.278275335693E-07           0.278275352656E-07           0.278275420508E-07

617        0.509998807468E-02           0.157079632679E+01           0.157079632679E+01           0.157079632679E+01
                                        0.278275332866E-07           0.278275339934E-07           0.278275438885E-07

621        0.506708492581E-02           0.157079632679E+01           0.157079632679E+01           0.157079632679E+01
                                        0.278275338520E-07           0.278275337107E-07           0.278275438885E-07

625        0.503460361218E-02           0.157079632679E+01           0.157079632679E+01           0.157079632679E+01
                                        0.278275330039E-07           0.278275356897E-07           0.278275433230E-07

629        0.500253607325E-02           0.157079632679E+01           0.157079632679E+01           0.157079632679E+01
                                        0.278275322971E-07           0.278275347002E-07           0.278275437471E-07

633        0.497087445253E-02           0.157079632679E+01           0.157079632679E+01           0.157079632679E+01
                                        0.278275335693E-07           0.278275347002E-07           0.278275430403E-07

637        0.493961109119E-02           0.157079632679E+01           0.157079632679E+01           0.157079632679E+01
                                        0.278275328625E-07           0.278275344175E-07           0.278275436057E-07

641        0.490873852187E-02           0.157079632679E+01           0.157079632679E+01           0.157079632679E+01
                                        0.278275339934E-07           0.278275352656E-07           0.278275436057E-07

645        0.487824946273E-02           0.157079632679E+01           0.157079632679E+01           0.157079632679E+01
                                        0.278275328625E-07           0.278275347002E-07           0.278275443125E-07

649        0.484813681173E-02           0.157079632679E+01           0.157079632679E+01           0.157079632679E+01
                                        0.278275317317E-07           0.278275355483E-07           0.278275445952E-07

653        0.481839364110E-02           0.157079632679E+01           0.157079632679E+01           0.157079632679E+01
                                        0.278275328625E-07           0.278275341348E-07           0.278275437471E-07

657        0.478901319207E-02           0.157079632679E+01           0.157079632679E+01           0.157079632679E+01
                                        0.278275338520E-07           0.278275363965E-07           0.278275440298E-07

661        0.475998886970E-02           0.157079632679E+01           0.157079632679E+01           0.157079632679E+01
                                        0.278275331452E-07           0.278275344175E-07           0.278275444539E-07

665        0.473131423795E-02           0.157079632679E+01           0.157079632679E+01           0.157079632679E+01
                                        0.278275325798E-07           0.278275339934E-07           0.278275445952E-07

669        0.470298301497E-02           0.157079632679E+01           0.157079632679E+01           0.157079632679E+01
                                        0.278275341348E-07           0.278275344175E-07           0.278275460088E-07

673        0.467498906845E-02           0.157079632679E+01           0.157079632679E+01           0.157079632679E+01
                                        0.278275341348E-07           0.278275342761E-07           0.278275436057E-07

677        0.464732641124E-02           0.157079632679E+01           0.157079632679E+01           0.157079632679E+01
                                        0.278275337107E-07           0.278275349829E-07           0.278275453020E-07

681        0.461998919706E-02           0.157079632679E+01           0.157079632679E+01           0.157079632679E+01
                                        0.278275321557E-07           0.278275335693E-07           0.278275436057E-07

685        0.459297171637E-02           0.157079632679E+01           0.157079632679E+01           0.157079632679E+01
                                        0.278275327212E-07           0.278275347002E-07           0.278275437471E-07

689        0.456626839244E-02           0.157079632679E+01           0.157079632679E+01           0.157079632679E+01
                                        0.278275338520E-07           0.278275337107E-07           0.278275447366E-07

693        0.453987377746E-02           0.157079632679E+01           0.157079632679E+01           0.157079632679E+01
                                        0.278275347002E-07           0.278275345588E-07           0.278275444539E-07

697        0.451378254885E-02           0.157079632679E+01           0.157079632679E+01           0.157079632679E+01
                                        0.278275345588E-07           0.278275342761E-07           0.278275447366E-07

701        0.448798950571E-02           0.157079632679E+01           0.157079632679E+01           0.157079632679E+01
                                        0.278275318730E-07           0.278275355483E-07           0.278275441712E-07

705        0.446248956534E-02           0.157079632679E+01           0.157079632679E+01           0.157079632679E+01
                                        0.278275327212E-07           0.278275362551E-07           0.278275444539E-07

709        0.443727775989E-02           0.157079632679E+01           0.157079632679E+01           0.157079632679E+01
                                        0.278275331452E-07           0.278275331452E-07           0.278275431817E-07

713        0.441234923315E-02           0.157079632679E+01           0.157079632679E+01           0.157079632679E+01
                                        0.278275339934E-07           0.278275349829E-07           0.278275453020E-07

717        0.438769923743E-02           0.157079632679E+01           0.157079632679E+01           0.157079632679E+01
                                        0.278275341348E-07           0.278275347002E-07           0.278275441712E-07

721        0.436332313056E-02           0.157079632679E+01           0.157079632679E+01           0.157079632679E+01
                                        0.278275328625E-07           0.278275338520E-07           0.278275460088E-07

725        0.433921637293E-02           0.157079632679E+01           0.157079632679E+01           0.157079632679E+01
                                        0.278275338520E-07           0.278275355483E-07           0.278275450193E-07

729        0.431537452473E-02           0.157079632679E+01           0.157079632679E+01           0.157079632679E+01
                                        0.278275335693E-07           0.278275345588E-07           0.278275443125E-07

733        0.429179324317E-02           0.157079632679E+01           0.157079632679E+01           0.157079632679E+01
                                        0.278275335693E-07           0.278275328625E-07           0.278275460088E-07

737        0.426846827989E-02           0.157079632679E+01           0.157079632679E+01           0.157079632679E+01
                                        0.278275321557E-07           0.278275345588E-07           0.278275445952E-07

741        0.424539547838E-02           0.157079632679E+01           0.157079632679E+01           0.157079632679E+01
                                        0.278275337107E-07           0.278275345588E-07           0.278275462915E-07

745        0.422257077151E-02           0.157079632679E+01           0.157079632679E+01           0.157079632679E+01
                                        0.278275324385E-07           0.278275341348E-07           0.278275458675E-07

749        0.419999017914E-02           0.157079632679E+01           0.157079632679E+01           0.157079632679E+01
                                        0.278275334280E-07           0.278275335693E-07           0.278275457261E-07

753        0.417764980585E-02           0.157079632679E+01           0.157079632679E+01           0.157079632679E+01
                                        0.278275330039E-07           0.278275331452E-07           0.278275450193E-07

757        0.415554583862E-02           0.157079632679E+01           0.157079632679E+01           0.157079632679E+01
                                        0.278275328625E-07           0.278275344175E-07           0.278275457261E-07

761        0.413367454474E-02           0.157079632679E+01           0.157079632679E+01           0.157079632679E+01
                                        0.278275337107E-07           0.278275347002E-07           0.278275445952E-07

765        0.411203226963E-02           0.157079632679E+01           0.157079632679E+01           0.157079632679E+01
                                        0.278275330039E-07           0.278275338520E-07           0.278275433230E-07

769        0.409061543490E-02           0.157079632679E+01           0.157079632679E+01           0.157079632679E+01
                                        0.278275337107E-07           0.278275356897E-07           0.278275458675E-07

773        0.406942053627E-02           0.157079632679E+01           0.157079632679E+01           0.157079632679E+01
                                        0.278275334280E-07           0.278275349829E-07           0.278275444539E-07

777        0.404844414175E-02           0.157079632679E+01           0.157079632679E+01           0.157079632679E+01
                                        0.278275337107E-07           0.278275328625E-07           0.278275436057E-07

781        0.402768288974E-02           0.157079632679E+01           0.157079632679E+01           0.157079632679E+01
                                        0.278275327212E-07           0.278275341348E-07           0.278275447366E-07

785        0.400713348724E-02           0.157079632679E+01           0.157079632679E+01           0.157079632679E+01
                                        0.278275337107E-07           0.278275344175E-07           0.278275437471E-07

789        0.398679270812E-02           0.157079632679E+01           0.157079632679E+01           0.157079632679E+01
                                        0.278275332866E-07           0.278275349829E-07           0.278275441712E-07

793        0.396665739141E-02           0.157079632679E+01           0.157079632679E+01           0.157079632679E+01
                                        0.278275331452E-07           0.278275362551E-07           0.278275445952E-07

797        0.394672443970E-02           0.157079632679E+01           0.157079632679E+01           0.157079632679E+01
                                        0.278275341348E-07           0.278275354070E-07           0.278275455847E-07

801        0.392699081750E-02           0.157079632679E+01           0.157079632679E+01           0.157079632679E+01
                                        0.278275339934E-07           0.278275338520E-07           0.278275440298E-07

