
      #t(days)          N(t)     N(t) True         error
  0.000000E+00  0.100000E+04  0.100000E+04  0.000000E+00
  0.100000E-03  0.701000E+03  0.769912E+03  0.895058E-01
  0.200000E-03  0.554281E+03  0.626016E+03  0.114591E+00
  0.300000E-03  0.462667E+03  0.527522E+03  0.122943E+00
  0.400000E-03  0.398911E+03  0.455869E+03  0.124944E+00
  0.500000E-03  0.351571E+03  0.401402E+03  0.124142E+00
  0.600000E-03  0.314842E+03  0.358599E+03  0.122022E+00
  0.700000E-03  0.285419E+03  0.324076E+03  0.119284E+00
  0.800000E-03  0.261265E+03  0.295643E+03  0.116281E+00
  0.900000E-03  0.241049E+03  0.271818E+03  0.113199E+00
  0.100000E-02  0.223858E+03  0.251566E+03  0.110140E+00
  0.110000E-02  0.209049E+03  0.234138E+03  0.107158E+00
  0.120000E-02  0.196147E+03  0.218983E+03  0.104282E+00
  0.130000E-02  0.184801E+03  0.205683E+03  0.101525E+00
  0.140000E-02  0.174741E+03  0.193917E+03  0.988917E-01
  0.150000E-02  0.165755E+03  0.183435E+03  0.963813E-01
  0.160000E-02  0.157678E+03  0.174036E+03  0.939908E-01
  0.170000E-02  0.150377E+03  0.165562E+03  0.917152E-01
  0.180000E-02  0.143744E+03  0.157882E+03  0.895488E-01
  0.190000E-02  0.137689E+03  0.150889E+03  0.874855E-01
  0.200000E-02  0.132139E+03  0.144496E+03  0.855193E-01
  0.210000E-02  0.127033E+03  0.138628E+03  0.836442E-01
  0.220000E-02  0.122319E+03  0.133224E+03  0.818547E-01
  0.230000E-02  0.117953E+03  0.128230E+03  0.801454E-01
  0.240000E-02  0.113897E+03  0.123601E+03  0.785111E-01
  0.250000E-02  0.110119E+03  0.119298E+03  0.769473E-01
  0.260000E-02  0.106591E+03  0.115290E+03  0.754496E-01
  0.270000E-02  0.103289E+03  0.111545E+03  0.740139E-01
  0.280000E-02  0.100192E+03  0.108039E+03  0.726365E-01
  0.290000E-02  0.972805E+02  0.104751E+03  0.713138E-01
  0.300000E-02  0.945387E+02  0.101659E+03  0.700426E-01
  0.310000E-02  0.919520E+02  0.987478E+02  0.688200E-01
  0.320000E-02  0.895074E+02  0.960012E+02  0.676432E-01
  0.330000E-02  0.871935E+02  0.934058E+02  0.665095E-01
  0.340000E-02  0.849998E+02  0.909494E+02  0.654166E-01
  0.350000E-02  0.829173E+02  0.886212E+02  0.643623E-01
  0.360000E-02  0.809377E+02  0.864114E+02  0.633446E-01
  0.370000E-02  0.790533E+02  0.843111E+02  0.623614E-01
  0.380000E-02  0.772576E+02  0.823125E+02  0.614110E-01
  0.390000E-02  0.755442E+02  0.804082E+02  0.604917E-01
  0.400000E-02  0.739077E+02  0.785919E+02  0.596020E-01
  0.410000E-02  0.723429E+02  0.768575E+02  0.587404E-01
  0.420000E-02  0.708452E+02  0.751996E+02  0.579055E-01
  0.430000E-02  0.694103E+02  0.736133E+02  0.570962E-01
  0.440000E-02  0.680344E+02  0.720941E+02  0.563111E-01
  0.450000E-02  0.667138E+02  0.706377E+02  0.555491E-01
  0.460000E-02  0.654453E+02  0.692403E+02  0.548093E-01
  0.470000E-02  0.642258E+02  0.678985E+02  0.540906E-01
  0.480000E-02  0.630526E+02  0.666090E+02  0.533921E-01
  0.490000E-02  0.619229E+02  0.653687E+02  0.527129E-01
  0.500000E-02  0.608345E+02  0.641750E+02  0.520522E-01
  0.510000E-02  0.597851E+02  0.630252E+02  0.514092E-01
  0.520000E-02  0.587726E+02  0.619169E+02  0.507832E-01
  0.530000E-02  0.577951E+02  0.608481E+02  0.501734E-01
  0.540000E-02  0.568508E+02  0.598165E+02  0.495793E-01
  0.550000E-02  0.559381E+02  0.588203E+02  0.490002E-01
  0.560000E-02  0.550553E+02  0.578577E+02  0.484355E-01
  0.570000E-02  0.542010E+02  0.569269E+02  0.478847E-01
  0.580000E-02  0.533739E+02  0.560266E+02  0.473472E-01
  0.590000E-02  0.525726E+02  0.551551E+02  0.468226E-01
  0.600000E-02  0.517960E+02  0.543112E+02  0.463103E-01
  0.610000E-02  0.510430E+02  0.534935E+02  0.458099E-01
  0.620000E-02  0.503124E+02  0.527009E+02  0.453211E-01
  0.630000E-02  0.496033E+02  0.519321E+02  0.448432E-01
  0.640000E-02  0.489148E+02  0.511862E+02  0.443761E-01
  0.650000E-02  0.482459E+02  0.504622E+02  0.439192E-01
  0.660000E-02  0.475958E+02  0.497590E+02  0.434724E-01
  0.670000E-02  0.469638E+02  0.490758E+02  0.430351E-01
  0.680000E-02  0.463491E+02  0.484118E+02  0.426072E-01
  0.690000E-02  0.457510E+02  0.477662E+02  0.421882E-01
  0.700000E-02  0.451688E+02  0.471381E+02  0.417779E-01
  0.710000E-02  0.446019E+02  0.465270E+02  0.413760E-01
  0.720000E-02  0.440497E+02  0.459321E+02  0.409823E-01
  0.730000E-02  0.435116E+02  0.453528E+02  0.405965E-01
  0.740000E-02  0.429872E+02  0.447885E+02  0.402183E-01
  0.750000E-02  0.424758E+02  0.442386E+02  0.398476E-01
  0.760000E-02  0.419770E+02  0.437026E+02  0.394840E-01
  0.770000E-02  0.414904E+02  0.431799E+02  0.391274E-01
  0.780000E-02  0.410154E+02  0.426701E+02  0.387775E-01
  0.790000E-02  0.405518E+02  0.421726E+02  0.384342E-01
  0.800000E-02  0.400990E+02  0.416871E+02  0.380973E-01
  0.810000E-02  0.396567E+02  0.412132E+02  0.377665E-01
  0.820000E-02  0.392246E+02  0.407503E+02  0.374418E-01
  0.830000E-02  0.388022E+02  0.402982E+02  0.371228E-01
  0.840000E-02  0.383893E+02  0.398564E+02  0.368096E-01
  0.850000E-02  0.379856E+02  0.394247E+02  0.365019E-01
  0.860000E-02  0.375907E+02  0.390026E+02  0.361995E-01
  0.870000E-02  0.372044E+02  0.385899E+02  0.359024E-01
  0.880000E-02  0.368263E+02  0.381862E+02  0.356103E-01
  0.890000E-02  0.364563E+02  0.377912E+02  0.353232E-01
  0.900000E-02  0.360940E+02  0.374047E+02  0.350409E-01
  0.910000E-02  0.357393E+02  0.370265E+02  0.347633E-01
  0.920000E-02  0.353919E+02  0.366561E+02  0.344903E-01
  0.930000E-02  0.350515E+02  0.362935E+02  0.342217E-01
  0.940000E-02  0.347179E+02  0.359383E+02  0.339574E-01
  0.950000E-02  0.343911E+02  0.355904E+02  0.336974E-01
  0.960000E-02  0.340706E+02  0.352494E+02  0.334415E-01
  0.970000E-02  0.337565E+02  0.349153E+02  0.331896E-01
  0.980000E-02  0.334484E+02  0.345877E+02  0.329416E-01
  0.990000E-02  0.331462E+02  0.342666E+02  0.326975E-01
  0.100000E-01  0.328497E+02  0.339517E+02  0.324571E-01
  0.101000E-01  0.325588E+02  0.336428E+02  0.322203E-01
  0.102000E-01  0.322734E+02  0.333398E+02  0.319871E-01
  0.103000E-01  0.319932E+02  0.330425E+02  0.317574E-01
  0.104000E-01  0.317181E+02  0.327508E+02  0.315311E-01
  0.105000E-01  0.314480E+02  0.324644E+02  0.313080E-01
  0.106000E-01  0.311828E+02  0.321833E+02  0.310883E-01
  0.107000E-01  0.309222E+02  0.319073E+02  0.308717E-01
  0.108000E-01  0.306663E+02  0.316362E+02  0.306581E-01
  0.109000E-01  0.304148E+02  0.313700E+02  0.304477E-01
  0.110000E-01  0.301677E+02  0.311085E+02  0.302401E-01
  0.111000E-01  0.299249E+02  0.308515E+02  0.300355E-01
  0.112000E-01  0.296862E+02  0.305990E+02  0.298337E-01
  0.113000E-01  0.294515E+02  0.303509E+02  0.296347E-01
  0.114000E-01  0.292207E+02  0.301070E+02  0.294384E-01
  0.115000E-01  0.289938E+02  0.298672E+02  0.292447E-01
  0.116000E-01  0.287706E+02  0.296315E+02  0.290537E-01
  0.117000E-01  0.285510E+02  0.293996E+02  0.288652E-01
  0.118000E-01  0.283350E+02  0.291716E+02  0.286792E-01
  0.119000E-01  0.281225E+02  0.289474E+02  0.284956E-01
  0.120000E-01  0.279133E+02  0.287267E+02  0.283144E-01
  0.121000E-01  0.277075E+02  0.285096E+02  0.281355E-01
  0.122000E-01  0.275049E+02  0.282960E+02  0.279590E-01
  0.123000E-01  0.273055E+02  0.280858E+02  0.277847E-01
  0.124000E-01  0.271091E+02  0.278789E+02  0.276126E-01
  0.125000E-01  0.269157E+02  0.276752E+02  0.274426E-01
  0.126000E-01  0.267253E+02  0.274747E+02  0.272748E-01
  0.127000E-01  0.265378E+02  0.272772E+02  0.271091E-01
  0.128000E-01  0.263530E+02  0.270828E+02  0.269454E-01
  0.129000E-01  0.261710E+02  0.268913E+02  0.267837E-01
  0.130000E-01  0.259917E+02  0.267027E+02  0.266239E-01
  0.131000E-01  0.258150E+02  0.265168E+02  0.264661E-01
  0.132000E-01  0.256409E+02  0.263338E+02  0.263102E-01
  0.133000E-01  0.254693E+02  0.261534E+02  0.261561E-01
  0.134000E-01  0.253002E+02  0.259757E+02  0.260038E-01
  0.135000E-01  0.251335E+02  0.258005E+02  0.258533E-01
  0.136000E-01  0.249691E+02  0.256278E+02  0.257046E-01
  0.137000E-01  0.248070E+02  0.254577E+02  0.255576E-01
  0.138000E-01  0.246472E+02  0.252899E+02  0.254122E-01
  0.139000E-01  0.244896E+02  0.251245E+02  0.252686E-01
  0.140000E-01  0.243342E+02  0.249614E+02  0.251265E-01
  0.141000E-01  0.241809E+02  0.248005E+02  0.249861E-01
  0.142000E-01  0.240296E+02  0.246419E+02  0.248472E-01
  0.143000E-01  0.238804E+02  0.244855E+02  0.247099E-01
  0.144000E-01  0.237332E+02  0.243312E+02  0.245741E-01
  0.145000E-01  0.235880E+02  0.241789E+02  0.244398E-01
  0.146000E-01  0.234447E+02  0.240287E+02  0.243070E-01
  0.147000E-01  0.233032E+02  0.238805E+02  0.241756E-01
  0.148000E-01  0.231636E+02  0.237343E+02  0.240456E-01
  0.149000E-01  0.230258E+02  0.235900E+02  0.239170E-01
  0.150000E-01  0.228898E+02  0.234476E+02  0.237898E-01
  0.151000E-01  0.227555E+02  0.233070E+02  0.236639E-01
  0.152000E-01  0.226229E+02  0.231683E+02  0.235393E-01
  0.153000E-01  0.224920E+02  0.230313E+02  0.234161E-01
  0.154000E-01  0.223627E+02  0.228960E+02  0.232941E-01
  0.155000E-01  0.222350E+02  0.227625E+02  0.231734E-01
  0.156000E-01  0.221090E+02  0.226307E+02  0.230540E-01
  0.157000E-01  0.219844E+02  0.225005E+02  0.229357E-01
  0.158000E-01  0.218614E+02  0.223719E+02  0.228187E-01
  0.159000E-01  0.217399E+02  0.222449E+02  0.227028E-01
  0.160000E-01  0.216198E+02  0.221195E+02  0.225881E-01
  0.161000E-01  0.215012E+02  0.219956E+02  0.224746E-01
  0.162000E-01  0.213841E+02  0.218732E+02  0.223622E-01
  0.163000E-01  0.212683E+02  0.217523E+02  0.222508E-01
  0.164000E-01  0.211538E+02  0.216328E+02  0.221406E-01
  0.165000E-01  0.210407E+02  0.215147E+02  0.220315E-01
  0.166000E-01  0.209290E+02  0.213981E+02  0.219234E-01
  0.167000E-01  0.208185E+02  0.212828E+02  0.218164E-01
  0.168000E-01  0.207093E+02  0.211689E+02  0.217104E-01
  0.169000E-01  0.206013E+02  0.210563E+02  0.216054E-01
  0.170000E-01  0.204946E+02  0.209449E+02  0.215014E-01
  0.171000E-01  0.203891E+02  0.208349E+02  0.213984E-01
  0.172000E-01  0.202848E+02  0.207262E+02  0.212963E-01
  0.173000E-01  0.201816E+02  0.206186E+02  0.211952E-01
  0.174000E-01  0.200796E+02  0.205123E+02  0.210951E-01
  0.175000E-01  0.199787E+02  0.204072E+02  0.209959E-01
  0.176000E-01  0.198790E+02  0.203032E+02  0.208976E-01
  0.177000E-01  0.197803E+02  0.202005E+02  0.208002E-01
  0.178000E-01  0.196827E+02  0.200988E+02  0.207036E-01
  0.179000E-01  0.195861E+02  0.199983E+02  0.206080E-01
  0.180000E-01  0.194906E+02  0.198988E+02  0.205132E-01
  0.181000E-01  0.193962E+02  0.198005E+02  0.204193E-01
  0.182000E-01  0.193027E+02  0.197032E+02  0.203262E-01
  0.183000E-01  0.192102E+02  0.196070E+02  0.202339E-01
  0.184000E-01  0.191187E+02  0.195117E+02  0.201425E-01
  0.185000E-01  0.190282E+02  0.194175E+02  0.200519E-01
  0.186000E-01  0.189386E+02  0.193243E+02  0.199620E-01
  0.187000E-01  0.188499E+02  0.192321E+02  0.198729E-01
  0.188000E-01  0.187622E+02  0.191409E+02  0.197846E-01
  0.189000E-01  0.186753E+02  0.190506E+02  0.196971E-01
  0.190000E-01  0.185894E+02  0.189612E+02  0.196103E-01
  0.191000E-01  0.185043E+02  0.188728E+02  0.195243E-01
  0.192000E-01  0.184201E+02  0.187853E+02  0.194390E-01
  0.193000E-01  0.183367E+02  0.186986E+02  0.193544E-01
  0.194000E-01  0.182542E+02  0.186129E+02  0.192705E-01
  0.195000E-01  0.181725E+02  0.185280E+02  0.191874E-01
  0.196000E-01  0.180916E+02  0.184439E+02  0.191049E-01
  0.197000E-01  0.180115E+02  0.183608E+02  0.190231E-01
  0.198000E-01  0.179322E+02  0.182784E+02  0.189420E-01
  0.199000E-01  0.178536E+02  0.181968E+02  0.188615E-01
  0.200000E-01  0.177759E+02  0.181161E+02  0.187817E-01
  0.201000E-01  0.176988E+02  0.180362E+02  0.187026E-01
  0.202000E-01  0.176226E+02  0.179570E+02  0.186241E-01
  0.203000E-01  0.175470E+02  0.178786E+02  0.185462E-01
  0.204000E-01  0.174722E+02  0.178010E+02  0.184690E-01
  0.205000E-01  0.173981E+02  0.177241E+02  0.183924E-01
  0.206000E-01  0.173247E+02  0.176479E+02  0.183164E-01
  0.207000E-01  0.172520E+02  0.175725E+02  0.182410E-01
  0.208000E-01  0.171799E+02  0.174978E+02  0.181662E-01
  0.209000E-01  0.171086E+02  0.174238E+02  0.180919E-01
  0.210000E-01  0.170378E+02  0.173505E+02  0.180183E-01
  0.211000E-01  0.169678E+02  0.172779E+02  0.179452E-01
  0.212000E-01  0.168984E+02  0.172059E+02  0.178727E-01
  0.213000E-01  0.168296E+02  0.171346E+02  0.178008E-01
  0.214000E-01  0.167615E+02  0.170640E+02  0.177294E-01
  0.215000E-01  0.166940E+02  0.169941E+02  0.176586E-01
  0.216000E-01  0.166271E+02  0.169247E+02  0.175883E-01
  0.217000E-01  0.165607E+02  0.168560E+02  0.175185E-01
  0.218000E-01  0.164950E+02  0.167880E+02  0.174493E-01
  0.219000E-01  0.164299E+02  0.167205E+02  0.173806E-01
  0.220000E-01  0.163653E+02  0.166537E+02  0.173124E-01
  0.221000E-01  0.163014E+02  0.165874E+02  0.172447E-01
  0.222000E-01  0.162379E+02  0.165217E+02  0.171775E-01
  0.223000E-01  0.161751E+02  0.164567E+02  0.171108E-01
  0.224000E-01  0.161128E+02  0.163922E+02  0.170446E-01
  0.225000E-01  0.160510E+02  0.163282E+02  0.169789E-01
  0.226000E-01  0.159897E+02  0.162648E+02  0.169137E-01
  0.227000E-01  0.159290E+02  0.162020E+02  0.168489E-01
  0.228000E-01  0.158688E+02  0.161397E+02  0.167846E-01
  0.229000E-01  0.158092E+02  0.160780E+02  0.167208E-01
  0.230000E-01  0.157500E+02  0.160168E+02  0.166575E-01
  0.231000E-01  0.156913E+02  0.159561E+02  0.165946E-01
  0.232000E-01  0.156332E+02  0.158959E+02  0.165321E-01
  0.233000E-01  0.155755E+02  0.158363E+02  0.164701E-01
  0.234000E-01  0.155183E+02  0.157771E+02  0.164085E-01
  0.235000E-01  0.154615E+02  0.157185E+02  0.163474E-01
  0.236000E-01  0.154053E+02  0.156603E+02  0.162867E-01
  0.237000E-01  0.153495E+02  0.156027E+02  0.162264E-01
  0.238000E-01  0.152942E+02  0.155455E+02  0.161665E-01
  0.239000E-01  0.152393E+02  0.154888E+02  0.161071E-01
  0.240000E-01  0.151848E+02  0.154325E+02  0.160480E-01
  0.241000E-01  0.151309E+02  0.153767E+02  0.159894E-01
  0.242000E-01  0.150773E+02  0.153214E+02  0.159312E-01
  0.243000E-01  0.150242E+02  0.152665E+02  0.158734E-01
  0.244000E-01  0.149715E+02  0.152121E+02  0.158159E-01
  0.245000E-01  0.149192E+02  0.151581E+02  0.157589E-01
  0.246000E-01  0.148674E+02  0.151045E+02  0.157022E-01
  0.247000E-01  0.148159E+02  0.150514E+02  0.156459E-01
  0.248000E-01  0.147649E+02  0.149987E+02  0.155900E-01
  0.249000E-01  0.147142E+02  0.149464E+02  0.155345E-01
  0.250000E-01  0.146640E+02  0.148946E+02  0.154794E-01
  0.251000E-01  0.146142E+02  0.148431E+02  0.154246E-01
  0.252000E-01  0.145647E+02  0.147921E+02  0.153701E-01
  0.253000E-01  0.145156E+02  0.147414E+02  0.153161E-01
  0.254000E-01  0.144669E+02  0.146912E+02  0.152624E-01
  0.255000E-01  0.144186E+02  0.146413E+02  0.152090E-01
  0.256000E-01  0.143707E+02  0.145918E+02  0.151560E-01
  0.257000E-01  0.143231E+02  0.145427E+02  0.151033E-01
  0.258000E-01  0.142759E+02  0.144940E+02  0.150510E-01
  0.259000E-01  0.142290E+02  0.144457E+02  0.149990E-01
  0.260000E-01  0.141825E+02  0.143977E+02  0.149473E-01
  0.261000E-01  0.141363E+02  0.143501E+02  0.148960E-01
  0.262000E-01  0.140905E+02  0.143028E+02  0.148450E-01
  0.263000E-01  0.140450E+02  0.142559E+02  0.147943E-01
  0.264000E-01  0.139999E+02  0.142094E+02  0.147440E-01
  0.265000E-01  0.139551E+02  0.141632E+02  0.146940E-01
  0.266000E-01  0.139106E+02  0.141174E+02  0.146442E-01
  0.267000E-01  0.138665E+02  0.140719E+02  0.145948E-01
  0.268000E-01  0.138227E+02  0.140267E+02  0.145457E-01
  0.269000E-01  0.137792E+02  0.139819E+02  0.144969E-01
  0.270000E-01  0.137360E+02  0.139374E+02  0.144484E-01
  0.271000E-01  0.136931E+02  0.138932E+02  0.144002E-01
  0.272000E-01  0.136506E+02  0.138493E+02  0.143524E-01
  0.273000E-01  0.136083E+02  0.138058E+02  0.143047E-01
  0.274000E-01  0.135664E+02  0.137626E+02  0.142574E-01
  0.275000E-01  0.135247E+02  0.137197E+02  0.142104E-01
  0.276000E-01  0.134834E+02  0.136771E+02  0.141637E-01
  0.277000E-01  0.134423E+02  0.136348E+02  0.141172E-01
  0.278000E-01  0.134016E+02  0.135928E+02  0.140711E-01
  0.279000E-01  0.133611E+02  0.135511E+02  0.140252E-01
  0.280000E-01  0.133209E+02  0.135097E+02  0.139795E-01
  0.281000E-01  0.132810E+02  0.134686E+02  0.139342E-01
  0.282000E-01  0.132413E+02  0.134278E+02  0.138891E-01
  0.283000E-01  0.132020E+02  0.133873E+02  0.138443E-01
  0.284000E-01  0.131629E+02  0.133471E+02  0.137998E-01
  0.285000E-01  0.131241E+02  0.133071E+02  0.137555E-01
  0.286000E-01  0.130855E+02  0.132674E+02  0.137115E-01
  0.287000E-01  0.130472E+02  0.132280E+02  0.136677E-01
  0.288000E-01  0.130092E+02  0.131889E+02  0.136242E-01
  0.289000E-01  0.129715E+02  0.131500E+02  0.135809E-01
  0.290000E-01  0.129340E+02  0.131115E+02  0.135379E-01
  0.291000E-01  0.128967E+02  0.130731E+02  0.134952E-01
  0.292000E-01  0.128597E+02  0.130351E+02  0.134527E-01
  0.293000E-01  0.128229E+02  0.129972E+02  0.134104E-01
  0.294000E-01  0.127864E+02  0.129597E+02  0.133684E-01
  0.295000E-01  0.127502E+02  0.129224E+02  0.133266E-01
  0.296000E-01  0.127142E+02  0.128853E+02  0.132851E-01
  0.297000E-01  0.126784E+02  0.128485E+02  0.132438E-01
  0.298000E-01  0.126428E+02  0.128120E+02  0.132027E-01
  0.299000E-01  0.126075E+02  0.127757E+02  0.131619E-01
  0.300000E-01  0.125724E+02  0.127396E+02  0.131213E-01
  0.301000E-01  0.125376E+02  0.127038E+02  0.130809E-01
  0.302000E-01  0.125030E+02  0.126682E+02  0.130407E-01
  0.303000E-01  0.124686E+02  0.126328E+02  0.130008E-01
  0.304000E-01  0.124344E+02  0.125977E+02  0.129611E-01
  0.305000E-01  0.124005E+02  0.125628E+02  0.129216E-01
  0.306000E-01  0.123667E+02  0.125281E+02  0.128823E-01
  0.307000E-01  0.123332E+02  0.124937E+02  0.128432E-01
  0.308000E-01  0.122999E+02  0.124595E+02  0.128044E-01
  0.309000E-01  0.122668E+02  0.124255E+02  0.127658E-01
  0.310000E-01  0.122340E+02  0.123917E+02  0.127274E-01
  0.311000E-01  0.122013E+02  0.123581E+02  0.126891E-01
  0.312000E-01  0.121688E+02  0.123248E+02  0.126511E-01
  0.313000E-01  0.121366E+02  0.122916E+02  0.126133E-01
  0.314000E-01  0.121045E+02  0.122587E+02  0.125757E-01
  0.315000E-01  0.120727E+02  0.122260E+02  0.125384E-01
  0.316000E-01  0.120410E+02  0.121935E+02  0.125012E-01
  0.317000E-01  0.120096E+02  0.121611E+02  0.124642E-01
  0.318000E-01  0.119783E+02  0.121290E+02  0.124274E-01
  0.319000E-01  0.119472E+02  0.120971E+02  0.123908E-01
  0.320000E-01  0.119164E+02  0.120654E+02  0.123544E-01
  0.321000E-01  0.118857E+02  0.120339E+02  0.123182E-01
  0.322000E-01  0.118552E+02  0.120026E+02  0.122821E-01
  0.323000E-01  0.118249E+02  0.119715E+02  0.122463E-01
  0.324000E-01  0.117948E+02  0.119406E+02  0.122107E-01
  0.325000E-01  0.117648E+02  0.119098E+02  0.121752E-01
  0.326000E-01  0.117351E+02  0.118793E+02  0.121399E-01
  0.327000E-01  0.117055E+02  0.118489E+02  0.121048E-01
  0.328000E-01  0.116761E+02  0.118187E+02  0.120699E-01
  0.329000E-01  0.116469E+02  0.117887E+02  0.120352E-01
  0.330000E-01  0.116178E+02  0.117589E+02  0.120006E-01
  0.331000E-01  0.115889E+02  0.117293E+02  0.119663E-01
  0.332000E-01  0.115602E+02  0.116998E+02  0.119321E-01
  0.333000E-01  0.115317E+02  0.116706E+02  0.118980E-01
  0.334000E-01  0.115033E+02  0.116415E+02  0.118642E-01
  0.335000E-01  0.114751E+02  0.116125E+02  0.118305E-01
  0.336000E-01  0.114471E+02  0.115838E+02  0.117970E-01
  0.337000E-01  0.114193E+02  0.115552E+02  0.117637E-01
  0.338000E-01  0.113916E+02  0.115268E+02  0.117305E-01
  0.339000E-01  0.113640E+02  0.114985E+02  0.116975E-01
  0.340000E-01  0.113366E+02  0.114704E+02  0.116646E-01
  0.341000E-01  0.113094E+02  0.114425E+02  0.116320E-01
  0.342000E-01  0.112824E+02  0.114148E+02  0.115995E-01
  0.343000E-01  0.112554E+02  0.113872E+02  0.115671E-01
  0.344000E-01  0.112287E+02  0.113597E+02  0.115349E-01
  0.345000E-01  0.112021E+02  0.113325E+02  0.115029E-01
  0.346000E-01  0.111757E+02  0.113053E+02  0.114710E-01
  0.347000E-01  0.111494E+02  0.112784E+02  0.114393E-01
  0.348000E-01  0.111232E+02  0.112516E+02  0.114077E-01
  0.349000E-01  0.110972E+02  0.112249E+02  0.113763E-01
  0.350000E-01  0.110714E+02  0.111984E+02  0.113451E-01
  0.351000E-01  0.110457E+02  0.111721E+02  0.113140E-01
  0.352000E-01  0.110201E+02  0.111459E+02  0.112830E-01
  0.353000E-01  0.109947E+02  0.111198E+02  0.112522E-01
  0.354000E-01  0.109694E+02  0.110939E+02  0.112216E-01
  0.355000E-01  0.109443E+02  0.110682E+02  0.111910E-01
  0.356000E-01  0.109193E+02  0.110426E+02  0.111607E-01
  0.357000E-01  0.108945E+02  0.110171E+02  0.111305E-01
  0.358000E-01  0.108698E+02  0.109918E+02  0.111004E-01
  0.359000E-01  0.108452E+02  0.109666E+02  0.110705E-01
  0.360000E-01  0.108207E+02  0.109415E+02  0.110407E-01
  0.361000E-01  0.107964E+02  0.109166E+02  0.110110E-01
  0.362000E-01  0.107723E+02  0.108919E+02  0.109815E-01
  0.363000E-01  0.107482E+02  0.108672E+02  0.109522E-01
  0.364000E-01  0.107243E+02  0.108427E+02  0.109229E-01
  0.365000E-01  0.107005E+02  0.108184E+02  0.108939E-01
  0.366000E-01  0.106769E+02  0.107942E+02  0.108649E-01
  0.367000E-01  0.106534E+02  0.107701E+02  0.108361E-01
  0.368000E-01  0.106300E+02  0.107461E+02  0.108074E-01
  0.369000E-01  0.106067E+02  0.107223E+02  0.107788E-01
  0.370000E-01  0.105836E+02  0.106986E+02  0.107504E-01
  0.371000E-01  0.105605E+02  0.106750E+02  0.107221E-01
  0.372000E-01  0.105376E+02  0.106515E+02  0.106940E-01
  0.373000E-01  0.105149E+02  0.106282E+02  0.106659E-01
  0.374000E-01  0.104922E+02  0.106050E+02  0.106380E-01
  0.375000E-01  0.104697E+02  0.105820E+02  0.106103E-01
  0.376000E-01  0.104473E+02  0.105590E+02  0.105826E-01
  0.377000E-01  0.104250E+02  0.105362E+02  0.105551E-01
  0.378000E-01  0.104028E+02  0.105135E+02  0.105277E-01
  0.379000E-01  0.103807E+02  0.104909E+02  0.105004E-01
  0.380000E-01  0.103588E+02  0.104684E+02  0.104733E-01
  0.381000E-01  0.103369E+02  0.104461E+02  0.104463E-01
  0.382000E-01  0.103152E+02  0.104238E+02  0.104194E-01
  0.383000E-01  0.102936E+02  0.104017E+02  0.103926E-01
  0.384000E-01  0.102721E+02  0.103797E+02  0.103659E-01
  0.385000E-01  0.102507E+02  0.103578E+02  0.103394E-01
  0.386000E-01  0.102295E+02  0.103361E+02  0.103129E-01
  0.387000E-01  0.102083E+02  0.103144E+02  0.102866E-01
  0.388000E-01  0.101873E+02  0.102929E+02  0.102604E-01
  0.389000E-01  0.101663E+02  0.102714E+02  0.102344E-01
  0.390000E-01  0.101455E+02  0.102501E+02  0.102084E-01
  0.391000E-01  0.101247E+02  0.102289E+02  0.101825E-01
  0.392000E-01  0.101041E+02  0.102078E+02  0.101568E-01
  0.393000E-01  0.100836E+02  0.101868E+02  0.101312E-01
  0.394000E-01  0.100632E+02  0.101659E+02  0.101057E-01
  0.395000E-01  0.100428E+02  0.101451E+02  0.100803E-01
  0.396000E-01  0.100226E+02  0.101244E+02  0.100550E-01
  0.397000E-01  0.100025E+02  0.101039E+02  0.100298E-01
  0.398000E-01  0.998250E+01  0.100834E+02  0.100047E-01
  0.399000E-01  0.996259E+01  0.100630E+02  0.997977E-02
  0.400000E-01  0.994278E+01  0.100428E+02  0.995491E-02
  0.401000E-01  0.992306E+01  0.100226E+02  0.993016E-02
  0.402000E-01  0.990344E+01  0.100025E+02  0.990552E-02
  0.403000E-01  0.988392E+01  0.998256E+01  0.988098E-02
  0.404000E-01  0.986450E+01  0.996270E+01  0.985655E-02
  0.405000E-01  0.984517E+01  0.994293E+01  0.983222E-02
  0.406000E-01  0.982594E+01  0.992327E+01  0.980800E-02
  0.407000E-01  0.980680E+01  0.990370E+01  0.978388E-02
  0.408000E-01  0.978776E+01  0.988422E+01  0.975986E-02
  0.409000E-01  0.976880E+01  0.986485E+01  0.973594E-02
  0.410000E-01  0.974994E+01  0.984557E+01  0.971212E-02
  0.411000E-01  0.973118E+01  0.982638E+01  0.968840E-02
  0.412000E-01  0.971250E+01  0.980728E+01  0.966478E-02
  0.413000E-01  0.969391E+01  0.978828E+01  0.964126E-02
  0.414000E-01  0.967541E+01  0.976937E+01  0.961784E-02
  0.415000E-01  0.965700E+01  0.975056E+01  0.959451E-02
  0.416000E-01  0.963868E+01  0.973183E+01  0.957129E-02
  0.417000E-01  0.962045E+01  0.971319E+01  0.954815E-02
  0.418000E-01  0.960231E+01  0.969465E+01  0.952512E-02
  0.419000E-01  0.958425E+01  0.967619E+01  0.950218E-02
  0.420000E-01  0.956627E+01  0.965782E+01  0.947933E-02
  0.421000E-01  0.954839E+01  0.963954E+01  0.945658E-02
  0.422000E-01  0.953058E+01  0.962135E+01  0.943392E-02
  0.423000E-01  0.951286E+01  0.960324E+01  0.941135E-02
  0.424000E-01  0.949523E+01  0.958522E+01  0.938888E-02
  0.425000E-01  0.947768E+01  0.956729E+01  0.936649E-02
  0.426000E-01  0.946021E+01  0.954944E+01  0.934420E-02
  0.427000E-01  0.944282E+01  0.953167E+01  0.932200E-02
  0.428000E-01  0.942551E+01  0.951399E+01  0.929989E-02
  0.429000E-01  0.940828E+01  0.949639E+01  0.927786E-02
  0.430000E-01  0.939114E+01  0.947887E+01  0.925593E-02
  0.431000E-01  0.937407E+01  0.946144E+01  0.923408E-02
  0.432000E-01  0.935708E+01  0.944408E+01  0.921232E-02
  0.433000E-01  0.934017E+01  0.942681E+01  0.919065E-02
  0.434000E-01  0.932334E+01  0.940962E+01  0.916907E-02
  0.435000E-01  0.930659E+01  0.939251E+01  0.914757E-02
  0.436000E-01  0.928991E+01  0.937547E+01  0.912616E-02
  0.437000E-01  0.927331E+01  0.935852E+01  0.910483E-02
  0.438000E-01  0.925678E+01  0.934164E+01  0.908358E-02
  0.439000E-01  0.924033E+01  0.932484E+01  0.906242E-02
  0.440000E-01  0.922396E+01  0.930812E+01  0.904135E-02
  0.441000E-01  0.920766E+01  0.929147E+01  0.902035E-02
  0.442000E-01  0.919143E+01  0.927490E+01  0.899944E-02
  0.443000E-01  0.917528E+01  0.925841E+01  0.897861E-02
  0.444000E-01  0.915920E+01  0.924199E+01  0.895786E-02
  0.445000E-01  0.914319E+01  0.922564E+01  0.893720E-02
  0.446000E-01  0.912725E+01  0.920937E+01  0.891661E-02
  0.447000E-01  0.911139E+01  0.919317E+01  0.889610E-02
  0.448000E-01  0.909560E+01  0.917705E+01  0.887567E-02
  0.449000E-01  0.907987E+01  0.916100E+01  0.885533E-02
  0.450000E-01  0.906422E+01  0.914502E+01  0.883506E-02
  0.451000E-01  0.904864E+01  0.912911E+01  0.881487E-02
  0.452000E-01  0.903312E+01  0.911327E+01  0.879475E-02
  0.453000E-01  0.901767E+01  0.909750E+01  0.877471E-02
  0.454000E-01  0.900230E+01  0.908181E+01  0.875475E-02
  0.455000E-01  0.898699E+01  0.906618E+01  0.873487E-02
  0.456000E-01  0.897174E+01  0.905062E+01  0.871506E-02
  0.457000E-01  0.895657E+01  0.903513E+01  0.869533E-02
  0.458000E-01  0.894146E+01  0.901971E+01  0.867567E-02
  0.459000E-01  0.892642E+01  0.900436E+01  0.865609E-02
  0.460000E-01  0.891144E+01  0.898907E+01  0.863658E-02
  0.461000E-01  0.889652E+01  0.897385E+01  0.861715E-02
  0.462000E-01  0.888168E+01  0.895870E+01  0.859778E-02
  0.463000E-01  0.886689E+01  0.894362E+01  0.857850E-02
  0.464000E-01  0.885217E+01  0.892860E+01  0.855928E-02
  0.465000E-01  0.883752E+01  0.891364E+01  0.854013E-02
  0.466000E-01  0.882292E+01  0.889875E+01  0.852106E-02
  0.467000E-01  0.880839E+01  0.888393E+01  0.850206E-02
  0.468000E-01  0.879393E+01  0.886916E+01  0.848313E-02
  0.469000E-01  0.877952E+01  0.885447E+01  0.846427E-02
  0.470000E-01  0.876518E+01  0.883983E+01  0.844548E-02
  0.471000E-01  0.875089E+01  0.882526E+01  0.842676E-02
  0.472000E-01  0.873667E+01  0.881075E+01  0.840810E-02
  0.473000E-01  0.872251E+01  0.879630E+01  0.838952E-02
  0.474000E-01  0.870841E+01  0.878192E+01  0.837101E-02
  0.475000E-01  0.869436E+01  0.876759E+01  0.835256E-02
  0.476000E-01  0.868038E+01  0.875333E+01  0.833418E-02
  0.477000E-01  0.866646E+01  0.873913E+01  0.831587E-02
  0.478000E-01  0.865259E+01  0.872499E+01  0.829762E-02
  0.479000E-01  0.863878E+01  0.871090E+01  0.827944E-02
  0.480000E-01  0.862503E+01  0.869688E+01  0.826133E-02
  0.481000E-01  0.861134E+01  0.868292E+01  0.824328E-02
  0.482000E-01  0.859770E+01  0.866901E+01  0.822530E-02
  0.483000E-01  0.858413E+01  0.865516E+01  0.820739E-02
  0.484000E-01  0.857060E+01  0.864137E+01  0.818954E-02
  0.485000E-01  0.855714E+01  0.862764E+01  0.817175E-02
  0.486000E-01  0.854373E+01  0.861397E+01  0.815403E-02
  0.487000E-01  0.853037E+01  0.860035E+01  0.813637E-02
  0.488000E-01  0.851707E+01  0.858679E+01  0.811877E-02
  0.489000E-01  0.850383E+01  0.857328E+01  0.810124E-02
  0.490000E-01  0.849064E+01  0.855983E+01  0.808377E-02
  0.491000E-01  0.847750E+01  0.854644E+01  0.806636E-02
  0.492000E-01  0.846442E+01  0.853310E+01  0.804901E-02
  0.493000E-01  0.845139E+01  0.851982E+01  0.803173E-02
  0.494000E-01  0.843841E+01  0.850659E+01  0.801450E-02
  0.495000E-01  0.842549E+01  0.849341E+01  0.799734E-02
  0.496000E-01  0.841262E+01  0.848029E+01  0.798024E-02
  0.497000E-01  0.839980E+01  0.846722E+01  0.796320E-02
  0.498000E-01  0.838703E+01  0.845421E+01  0.794621E-02
  0.499000E-01  0.837432E+01  0.844125E+01  0.792929E-02
  0.500000E-01  0.836165E+01  0.842834E+01  0.791243E-02
  0.501000E-01  0.834904E+01  0.841548E+01  0.789562E-02
  0.502000E-01  0.833647E+01  0.840268E+01  0.787888E-02
  0.503000E-01  0.832396E+01  0.838993E+01  0.786219E-02
  0.504000E-01  0.831150E+01  0.837722E+01  0.784556E-02
  0.505000E-01  0.829909E+01  0.836457E+01  0.782899E-02
  0.506000E-01  0.828672E+01  0.835197E+01  0.781248E-02
  0.507000E-01  0.827441E+01  0.833942E+01  0.779602E-02
  0.508000E-01  0.826214E+01  0.832692E+01  0.777962E-02
  0.509000E-01  0.824993E+01  0.831447E+01  0.776328E-02
  0.510000E-01  0.823776E+01  0.830207E+01  0.774699E-02
  0.511000E-01  0.822564E+01  0.828972E+01  0.773076E-02
  0.512000E-01  0.821357E+01  0.827742E+01  0.771459E-02
  0.513000E-01  0.820154E+01  0.826517E+01  0.769847E-02
  0.514000E-01  0.818956E+01  0.825296E+01  0.768240E-02
  0.515000E-01  0.817763E+01  0.824081E+01  0.766639E-02
  0.516000E-01  0.816575E+01  0.822870E+01  0.765044E-02
  0.517000E-01  0.815391E+01  0.821664E+01  0.763453E-02
  0.518000E-01  0.814212E+01  0.820463E+01  0.761869E-02
  0.519000E-01  0.813037E+01  0.819266E+01  0.760289E-02
  0.520000E-01  0.811867E+01  0.818074E+01  0.758715E-02
  0.521000E-01  0.810701E+01  0.816887E+01  0.757147E-02
  0.522000E-01  0.809540E+01  0.815704E+01  0.755583E-02
  0.523000E-01  0.808384E+01  0.814526E+01  0.754025E-02
  0.524000E-01  0.807232E+01  0.813352E+01  0.752472E-02
  0.525000E-01  0.806084E+01  0.812183E+01  0.750924E-02
  0.526000E-01  0.804941E+01  0.811019E+01  0.749382E-02
  0.527000E-01  0.803802E+01  0.809859E+01  0.747844E-02
  0.528000E-01  0.802668E+01  0.808703E+01  0.746312E-02
  0.529000E-01  0.801538E+01  0.807552E+01  0.744785E-02
  0.530000E-01  0.800412E+01  0.806405E+01  0.743263E-02
  0.531000E-01  0.799290E+01  0.805263E+01  0.741746E-02
  0.532000E-01  0.798173E+01  0.804125E+01  0.740234E-02
  0.533000E-01  0.797060E+01  0.802992E+01  0.738727E-02
  0.534000E-01  0.795951E+01  0.801862E+01  0.737225E-02
  0.535000E-01  0.794846E+01  0.800737E+01  0.735728E-02
  0.536000E-01  0.793746E+01  0.799617E+01  0.734235E-02
  0.537000E-01  0.792649E+01  0.798500E+01  0.732748E-02
  0.538000E-01  0.791557E+01  0.797388E+01  0.731266E-02
  0.539000E-01  0.790469E+01  0.796280E+01  0.729788E-02
  0.540000E-01  0.789385E+01  0.795176E+01  0.728315E-02
  0.541000E-01  0.788305E+01  0.794077E+01  0.726848E-02
  0.542000E-01  0.787229E+01  0.792981E+01  0.725384E-02
  0.543000E-01  0.786157E+01  0.791890E+01  0.723926E-02
  0.544000E-01  0.785089E+01  0.790802E+01  0.722472E-02
  0.545000E-01  0.784025E+01  0.789719E+01  0.721023E-02
  0.546000E-01  0.782965E+01  0.788640E+01  0.719579E-02
  0.547000E-01  0.781909E+01  0.787565E+01  0.718139E-02
  0.548000E-01  0.780857E+01  0.786493E+01  0.716705E-02
  0.549000E-01  0.779808E+01  0.785426E+01  0.715274E-02
  0.550000E-01  0.778764E+01  0.784363E+01  0.713848E-02
  0.551000E-01  0.777723E+01  0.783304E+01  0.712427E-02
  0.552000E-01  0.776686E+01  0.782248E+01  0.711011E-02
  0.553000E-01  0.775653E+01  0.781197E+01  0.709599E-02
  0.554000E-01  0.774624E+01  0.780149E+01  0.708191E-02
  0.555000E-01  0.773598E+01  0.779105E+01  0.706788E-02
  0.556000E-01  0.772577E+01  0.778065E+01  0.705389E-02
  0.557000E-01  0.771559E+01  0.777029E+01  0.703995E-02
  0.558000E-01  0.770544E+01  0.775996E+01  0.702605E-02
  0.559000E-01  0.769534E+01  0.774968E+01  0.701220E-02
  0.560000E-01  0.768527E+01  0.773943E+01  0.699839E-02
  0.561000E-01  0.767523E+01  0.772922E+01  0.698462E-02
  0.562000E-01  0.766523E+01  0.771904E+01  0.697090E-02
  0.563000E-01  0.765527E+01  0.770891E+01  0.695722E-02
  0.564000E-01  0.764535E+01  0.769880E+01  0.694358E-02
  0.565000E-01  0.763546E+01  0.768874E+01  0.692999E-02
  0.566000E-01  0.762560E+01  0.767871E+01  0.691644E-02
  0.567000E-01  0.761578E+01  0.766872E+01  0.690293E-02
  0.568000E-01  0.760600E+01  0.765876E+01  0.688946E-02
  0.569000E-01  0.759625E+01  0.764884E+01  0.687603E-02
  0.570000E-01  0.758654E+01  0.763896E+01  0.686265E-02
  0.571000E-01  0.757686E+01  0.762911E+01  0.684931E-02
  0.572000E-01  0.756721E+01  0.761930E+01  0.683601E-02
  0.573000E-01  0.755760E+01  0.760952E+01  0.682275E-02
  0.574000E-01  0.754802E+01  0.759977E+01  0.680953E-02
  0.575000E-01  0.753848E+01  0.759006E+01  0.679635E-02
  0.576000E-01  0.752897E+01  0.758039E+01  0.678322E-02
  0.577000E-01  0.751949E+01  0.757074E+01  0.677012E-02
  0.578000E-01  0.751005E+01  0.756114E+01  0.675706E-02
  0.579000E-01  0.750064E+01  0.755156E+01  0.674405E-02
  0.580000E-01  0.749126E+01  0.754202E+01  0.673107E-02
  0.581000E-01  0.748191E+01  0.753252E+01  0.671813E-02
  0.582000E-01  0.747260E+01  0.752305E+01  0.670524E-02
  0.583000E-01  0.746332E+01  0.751361E+01  0.669238E-02
  0.584000E-01  0.745408E+01  0.750420E+01  0.667956E-02
  0.585000E-01  0.744486E+01  0.749483E+01  0.666678E-02
  0.586000E-01  0.743568E+01  0.748549E+01  0.665404E-02
  0.587000E-01  0.742653E+01  0.747618E+01  0.664133E-02
  0.588000E-01  0.741741E+01  0.746690E+01  0.662867E-02
  0.589000E-01  0.740832E+01  0.745766E+01  0.661604E-02
  0.590000E-01  0.739926E+01  0.744845E+01  0.660346E-02
  0.591000E-01  0.739024E+01  0.743927E+01  0.659091E-02
  0.592000E-01  0.738124E+01  0.743012E+01  0.657839E-02
  0.593000E-01  0.737228E+01  0.742101E+01  0.656592E-02
  0.594000E-01  0.736335E+01  0.741192E+01  0.655348E-02
  0.595000E-01  0.735444E+01  0.740287E+01  0.654108E-02
  0.596000E-01  0.734557E+01  0.739385E+01  0.652872E-02
  0.597000E-01  0.733673E+01  0.738485E+01  0.651639E-02
  0.598000E-01  0.732792E+01  0.737589E+01  0.650410E-02
  0.599000E-01  0.731914E+01  0.736696E+01  0.649185E-02
  0.600000E-01  0.731039E+01  0.735806E+01  0.647963E-02
  0.601000E-01  0.730166E+01  0.734919E+01  0.646745E-02
  0.602000E-01  0.729297E+01  0.734036E+01  0.645531E-02
  0.603000E-01  0.728431E+01  0.733155E+01  0.644320E-02
  0.604000E-01  0.727567E+01  0.732277E+01  0.643113E-02
  0.605000E-01  0.726707E+01  0.731402E+01  0.641909E-02
  0.606000E-01  0.725849E+01  0.730530E+01  0.640709E-02
  0.607000E-01  0.724995E+01  0.729661E+01  0.639512E-02
  0.608000E-01  0.724143E+01  0.728795E+01  0.638319E-02
  0.609000E-01  0.723294E+01  0.727932E+01  0.637129E-02
  0.610000E-01  0.722448E+01  0.727071E+01  0.635943E-02
  0.611000E-01  0.721604E+01  0.726214E+01  0.634761E-02
  0.612000E-01  0.720764E+01  0.725359E+01  0.633581E-02
  0.613000E-01  0.719926E+01  0.724508E+01  0.632405E-02
  0.614000E-01  0.719091E+01  0.723659E+01  0.631233E-02
  0.615000E-01  0.718259E+01  0.722813E+01  0.630064E-02
  0.616000E-01  0.717429E+01  0.721970E+01  0.628898E-02
  0.617000E-01  0.716603E+01  0.721129E+01  0.627736E-02
  0.618000E-01  0.715779E+01  0.720292E+01  0.626577E-02
  0.619000E-01  0.714958E+01  0.719457E+01  0.625422E-02
  0.620000E-01  0.714139E+01  0.718625E+01  0.624270E-02
  0.621000E-01  0.713323E+01  0.717796E+01  0.623121E-02
  0.622000E-01  0.712510E+01  0.716969E+01  0.621975E-02
  0.623000E-01  0.711699E+01  0.716146E+01  0.620833E-02
  0.624000E-01  0.710892E+01  0.715324E+01  0.619694E-02
  0.625000E-01  0.710086E+01  0.714506E+01  0.618558E-02
  0.626000E-01  0.709284E+01  0.713690E+01  0.617426E-02
  0.627000E-01  0.708484E+01  0.712877E+01  0.616296E-02
  0.628000E-01  0.707686E+01  0.712067E+01  0.615170E-02
  0.629000E-01  0.706892E+01  0.711259E+01  0.614048E-02
  0.630000E-01  0.706100E+01  0.710454E+01  0.612928E-02
  0.631000E-01  0.705310E+01  0.709652E+01  0.611811E-02
  0.632000E-01  0.704523E+01  0.708852E+01  0.610698E-02
  0.633000E-01  0.703738E+01  0.708054E+01  0.609588E-02
  0.634000E-01  0.702956E+01  0.707260E+01  0.608481E-02
  0.635000E-01  0.702177E+01  0.706468E+01  0.607377E-02
  0.636000E-01  0.701400E+01  0.705678E+01  0.606276E-02
  0.637000E-01  0.700625E+01  0.704891E+01  0.605178E-02
  0.638000E-01  0.699853E+01  0.704107E+01  0.604084E-02
  0.639000E-01  0.699084E+01  0.703325E+01  0.602992E-02
  0.640000E-01  0.698317E+01  0.702545E+01  0.601904E-02
  0.641000E-01  0.697552E+01  0.701768E+01  0.600818E-02
  0.642000E-01  0.696790E+01  0.700994E+01  0.599736E-02
  0.643000E-01  0.696030E+01  0.700222E+01  0.598657E-02
  0.644000E-01  0.695273E+01  0.699453E+01  0.597580E-02
  0.645000E-01  0.694518E+01  0.698686E+01  0.596507E-02
  0.646000E-01  0.693765E+01  0.697921E+01  0.595436E-02
  0.647000E-01  0.693015E+01  0.697159E+01  0.594369E-02
  0.648000E-01  0.692267E+01  0.696399E+01  0.593305E-02
  0.649000E-01  0.691522E+01  0.695642E+01  0.592243E-02
  0.650000E-01  0.690779E+01  0.694887E+01  0.591184E-02
  0.651000E-01  0.690038E+01  0.694134E+01  0.590129E-02
  0.652000E-01  0.689300E+01  0.693384E+01  0.589076E-02
  0.653000E-01  0.688564E+01  0.692636E+01  0.588026E-02
  0.654000E-01  0.687830E+01  0.691891E+01  0.586979E-02
  0.655000E-01  0.687098E+01  0.691148E+01  0.585935E-02
  0.656000E-01  0.686369E+01  0.690407E+01  0.584894E-02
  0.657000E-01  0.685642E+01  0.689669E+01  0.583855E-02
  0.658000E-01  0.684917E+01  0.688933E+01  0.582820E-02
  0.659000E-01  0.684195E+01  0.688199E+01  0.581787E-02
  0.660000E-01  0.683475E+01  0.687467E+01  0.580757E-02
  0.661000E-01  0.682757E+01  0.686738E+01  0.579730E-02
  0.662000E-01  0.682041E+01  0.686011E+01  0.578706E-02
  0.663000E-01  0.681328E+01  0.685286E+01  0.577684E-02
  0.664000E-01  0.680616E+01  0.684564E+01  0.576665E-02
  0.665000E-01  0.679907E+01  0.683844E+01  0.575649E-02
  0.666000E-01  0.679200E+01  0.683126E+01  0.574636E-02
  0.667000E-01  0.678496E+01  0.682410E+01  0.573626E-02
  0.668000E-01  0.677793E+01  0.681697E+01  0.572618E-02
  0.669000E-01  0.677093E+01  0.680985E+01  0.571613E-02
  0.670000E-01  0.676394E+01  0.680276E+01  0.570610E-02
  0.671000E-01  0.675698E+01  0.679569E+01  0.569611E-02
  0.672000E-01  0.675004E+01  0.678864E+01  0.568614E-02
  0.673000E-01  0.674312E+01  0.678162E+01  0.567619E-02
  0.674000E-01  0.673623E+01  0.677461E+01  0.566628E-02
  0.675000E-01  0.672935E+01  0.676763E+01  0.565639E-02
  0.676000E-01  0.672249E+01  0.676067E+01  0.564652E-02
  0.677000E-01  0.671566E+01  0.675373E+01  0.563668E-02
  0.678000E-01  0.670884E+01  0.674681E+01  0.562687E-02
  0.679000E-01  0.670205E+01  0.673991E+01  0.561709E-02
  0.680000E-01  0.669528E+01  0.673303E+01  0.560733E-02
  0.681000E-01  0.668852E+01  0.672617E+01  0.559760E-02
  0.682000E-01  0.668179E+01  0.671934E+01  0.558789E-02
  0.683000E-01  0.667508E+01  0.671252E+01  0.557821E-02
  0.684000E-01  0.666839E+01  0.670573E+01  0.556855E-02
  0.685000E-01  0.666172E+01  0.669895E+01  0.555892E-02
  0.686000E-01  0.665506E+01  0.669220E+01  0.554931E-02
  0.687000E-01  0.664843E+01  0.668547E+01  0.553973E-02
  0.688000E-01  0.664182E+01  0.667875E+01  0.553018E-02
  0.689000E-01  0.663523E+01  0.667206E+01  0.552065E-02
  0.690000E-01  0.662866E+01  0.666539E+01  0.551114E-02
  0.691000E-01  0.662210E+01  0.665874E+01  0.550166E-02
  0.692000E-01  0.661557E+01  0.665210E+01  0.549221E-02
  0.693000E-01  0.660905E+01  0.664549E+01  0.548278E-02
  0.694000E-01  0.660256E+01  0.663890E+01  0.547337E-02
  0.695000E-01  0.659608E+01  0.663232E+01  0.546399E-02
  0.696000E-01  0.658963E+01  0.662577E+01  0.545463E-02
  0.697000E-01  0.658319E+01  0.661923E+01  0.544530E-02
  0.698000E-01  0.657677E+01  0.661272E+01  0.543599E-02
  0.699000E-01  0.657037E+01  0.660622E+01  0.542670E-02
  0.700000E-01  0.656399E+01  0.659975E+01  0.541744E-02
  0.701000E-01  0.655763E+01  0.659329E+01  0.540821E-02
  0.702000E-01  0.655129E+01  0.658685E+01  0.539899E-02
  0.703000E-01  0.654496E+01  0.658043E+01  0.538980E-02
  0.704000E-01  0.653866E+01  0.657403E+01  0.538064E-02
  0.705000E-01  0.653237E+01  0.656765E+01  0.537150E-02
  0.706000E-01  0.652610E+01  0.656128E+01  0.536238E-02
  0.707000E-01  0.651985E+01  0.655494E+01  0.535328E-02
  0.708000E-01  0.651362E+01  0.654861E+01  0.534421E-02
  0.709000E-01  0.650740E+01  0.654231E+01  0.533516E-02
  0.710000E-01  0.650121E+01  0.653602E+01  0.532614E-02
  0.711000E-01  0.649503E+01  0.652975E+01  0.531713E-02
  0.712000E-01  0.648887E+01  0.652349E+01  0.530816E-02
  0.713000E-01  0.648272E+01  0.651726E+01  0.529920E-02
  0.714000E-01  0.647660E+01  0.651104E+01  0.529026E-02
  0.715000E-01  0.647049E+01  0.650485E+01  0.528135E-02
  0.716000E-01  0.646440E+01  0.649867E+01  0.527247E-02
  0.717000E-01  0.645833E+01  0.649250E+01  0.526360E-02
  0.718000E-01  0.645227E+01  0.648636E+01  0.525476E-02
  0.719000E-01  0.644624E+01  0.648023E+01  0.524593E-02
  0.720000E-01  0.644022E+01  0.647412E+01  0.523714E-02
  0.721000E-01  0.643421E+01  0.646803E+01  0.522836E-02
  0.722000E-01  0.642823E+01  0.646196E+01  0.521960E-02
  0.723000E-01  0.642226E+01  0.645590E+01  0.521087E-02
  0.724000E-01  0.641631E+01  0.644986E+01  0.520216E-02
  0.725000E-01  0.641037E+01  0.644384E+01  0.519347E-02
  0.726000E-01  0.640446E+01  0.643784E+01  0.518480E-02
  0.727000E-01  0.639856E+01  0.643185E+01  0.517616E-02
  0.728000E-01  0.639267E+01  0.642588E+01  0.516754E-02
  0.729000E-01  0.638681E+01  0.641993E+01  0.515893E-02
  0.730000E-01  0.638095E+01  0.641399E+01  0.515035E-02
  0.731000E-01  0.637512E+01  0.640807E+01  0.514179E-02
  0.732000E-01  0.636930E+01  0.640217E+01  0.513325E-02
  0.733000E-01  0.636350E+01  0.639628E+01  0.512474E-02
  0.734000E-01  0.635772E+01  0.639041E+01  0.511624E-02
  0.735000E-01  0.635195E+01  0.638456E+01  0.510777E-02
  0.736000E-01  0.634620E+01  0.637872E+01  0.509931E-02
  0.737000E-01  0.634046E+01  0.637290E+01  0.509088E-02
  0.738000E-01  0.633474E+01  0.636710E+01  0.508247E-02
  0.739000E-01  0.632904E+01  0.636131E+01  0.507408E-02
  0.740000E-01  0.632335E+01  0.635554E+01  0.506571E-02
  0.741000E-01  0.631768E+01  0.634979E+01  0.505736E-02
  0.742000E-01  0.631202E+01  0.634405E+01  0.504903E-02
  0.743000E-01  0.630638E+01  0.633833E+01  0.504072E-02
  0.744000E-01  0.630076E+01  0.633262E+01  0.503243E-02
  0.745000E-01  0.629515E+01  0.632693E+01  0.502416E-02
  0.746000E-01  0.628955E+01  0.632126E+01  0.501591E-02
  0.747000E-01  0.628397E+01  0.631560E+01  0.500768E-02
  0.748000E-01  0.627841E+01  0.630996E+01  0.499948E-02
  0.749000E-01  0.627287E+01  0.630433E+01  0.499129E-02
  0.750000E-01  0.626733E+01  0.629872E+01  0.498312E-02
  0.751000E-01  0.626182E+01  0.629313E+01  0.497497E-02
  0.752000E-01  0.625632E+01  0.628754E+01  0.496684E-02
  0.753000E-01  0.625083E+01  0.628198E+01  0.495874E-02
  0.754000E-01  0.624536E+01  0.627643E+01  0.495065E-02
  0.755000E-01  0.623990E+01  0.627090E+01  0.494258E-02
  0.756000E-01  0.623446E+01  0.626538E+01  0.493453E-02
  0.757000E-01  0.622904E+01  0.625987E+01  0.492650E-02
  0.758000E-01  0.622362E+01  0.625439E+01  0.491849E-02
  0.759000E-01  0.621823E+01  0.624891E+01  0.491049E-02
  0.760000E-01  0.621285E+01  0.624345E+01  0.490252E-02
  0.761000E-01  0.620748E+01  0.623801E+01  0.489457E-02
  0.762000E-01  0.620213E+01  0.623258E+01  0.488663E-02
  0.763000E-01  0.619679E+01  0.622717E+01  0.487872E-02
  0.764000E-01  0.619147E+01  0.622177E+01  0.487082E-02
  0.765000E-01  0.618616E+01  0.621639E+01  0.486295E-02
  0.766000E-01  0.618086E+01  0.621102E+01  0.485509E-02
  0.767000E-01  0.617558E+01  0.620566E+01  0.484725E-02
  0.768000E-01  0.617032E+01  0.620032E+01  0.483943E-02
  0.769000E-01  0.616507E+01  0.619500E+01  0.483163E-02
  0.770000E-01  0.615983E+01  0.618969E+01  0.482384E-02
  0.771000E-01  0.615460E+01  0.618439E+01  0.481608E-02
  0.772000E-01  0.614940E+01  0.617911E+01  0.480833E-02
  0.773000E-01  0.614420E+01  0.617384E+01  0.480060E-02
  0.774000E-01  0.613902E+01  0.616858E+01  0.479289E-02
  0.775000E-01  0.613385E+01  0.616334E+01  0.478520E-02
  0.776000E-01  0.612870E+01  0.615812E+01  0.477753E-02
  0.777000E-01  0.612356E+01  0.615291E+01  0.476987E-02
  0.778000E-01  0.611843E+01  0.614771E+01  0.476223E-02
  0.779000E-01  0.611332E+01  0.614253E+01  0.475461E-02
  0.780000E-01  0.610822E+01  0.613736E+01  0.474701E-02
  0.781000E-01  0.610314E+01  0.613220E+01  0.473943E-02
  0.782000E-01  0.609807E+01  0.612706E+01  0.473186E-02
  0.783000E-01  0.609301E+01  0.612193E+01  0.472431E-02
  0.784000E-01  0.608796E+01  0.611682E+01  0.471678E-02
  0.785000E-01  0.608293E+01  0.611171E+01  0.470927E-02
  0.786000E-01  0.607792E+01  0.610663E+01  0.470178E-02
  0.787000E-01  0.607291E+01  0.610155E+01  0.469430E-02
  0.788000E-01  0.606792E+01  0.609649E+01  0.468684E-02
  0.789000E-01  0.606294E+01  0.609145E+01  0.467939E-02
  0.790000E-01  0.605798E+01  0.608641E+01  0.467197E-02
  0.791000E-01  0.605303E+01  0.608139E+01  0.466456E-02
  0.792000E-01  0.604809E+01  0.607639E+01  0.465717E-02
  0.793000E-01  0.604316E+01  0.607139E+01  0.464980E-02
  0.794000E-01  0.603825E+01  0.606641E+01  0.464244E-02
  0.795000E-01  0.603335E+01  0.606144E+01  0.463510E-02
  0.796000E-01  0.602846E+01  0.605649E+01  0.462778E-02
  0.797000E-01  0.602359E+01  0.605155E+01  0.462047E-02
  0.798000E-01  0.601873E+01  0.604662E+01  0.461318E-02
  0.799000E-01  0.601388E+01  0.604170E+01  0.460591E-02
  0.800000E-01  0.600904E+01  0.603680E+01  0.459865E-02
  0.801000E-01  0.600422E+01  0.603191E+01  0.459141E-02
  0.802000E-01  0.599941E+01  0.602703E+01  0.458419E-02
  0.803000E-01  0.599461E+01  0.602217E+01  0.457699E-02
  0.804000E-01  0.598982E+01  0.601732E+01  0.456980E-02
  0.805000E-01  0.598505E+01  0.601248E+01  0.456263E-02
  0.806000E-01  0.598029E+01  0.600765E+01  0.455547E-02
  0.807000E-01  0.597554E+01  0.600284E+01  0.454833E-02
  0.808000E-01  0.597080E+01  0.599804E+01  0.454121E-02
  0.809000E-01  0.596608E+01  0.599325E+01  0.453410E-02
  0.810000E-01  0.596136E+01  0.598847E+01  0.452701E-02
  0.811000E-01  0.595666E+01  0.598371E+01  0.451993E-02
  0.812000E-01  0.595198E+01  0.597896E+01  0.451287E-02
  0.813000E-01  0.594730E+01  0.597422E+01  0.450583E-02
  0.814000E-01  0.594264E+01  0.596949E+01  0.449880E-02
  0.815000E-01  0.593799E+01  0.596478E+01  0.449179E-02
  0.816000E-01  0.593335E+01  0.596008E+01  0.448480E-02
  0.817000E-01  0.592872E+01  0.595538E+01  0.447782E-02
  0.818000E-01  0.592410E+01  0.595071E+01  0.447085E-02
  0.819000E-01  0.591950E+01  0.594604E+01  0.446391E-02
  0.820000E-01  0.591490E+01  0.594138E+01  0.445697E-02
  0.821000E-01  0.591032E+01  0.593674E+01  0.445006E-02
  0.822000E-01  0.590575E+01  0.593211E+01  0.444316E-02
  0.823000E-01  0.590120E+01  0.592749E+01  0.443627E-02
  0.824000E-01  0.589665E+01  0.592289E+01  0.442940E-02
  0.825000E-01  0.589212E+01  0.591829E+01  0.442255E-02
  0.826000E-01  0.588759E+01  0.591371E+01  0.441571E-02
  0.827000E-01  0.588308E+01  0.590913E+01  0.440888E-02
  0.828000E-01  0.587858E+01  0.590457E+01  0.440208E-02
  0.829000E-01  0.587409E+01  0.590002E+01  0.439528E-02
  0.830000E-01  0.586961E+01  0.589549E+01  0.438850E-02
  0.831000E-01  0.586515E+01  0.589096E+01  0.438174E-02
  0.832000E-01  0.586069E+01  0.588645E+01  0.437499E-02
  0.833000E-01  0.585625E+01  0.588194E+01  0.436826E-02
  0.834000E-01  0.585182E+01  0.587745E+01  0.436154E-02
  0.835000E-01  0.584740E+01  0.587297E+01  0.435484E-02
  0.836000E-01  0.584299E+01  0.586850E+01  0.434815E-02
  0.837000E-01  0.583859E+01  0.586405E+01  0.434148E-02
  0.838000E-01  0.583420E+01  0.585960E+01  0.433482E-02
  0.839000E-01  0.582982E+01  0.585516E+01  0.432817E-02
  0.840000E-01  0.582546E+01  0.585074E+01  0.432154E-02
  0.841000E-01  0.582110E+01  0.584633E+01  0.431493E-02
  0.842000E-01  0.581676E+01  0.584192E+01  0.430833E-02
  0.843000E-01  0.581242E+01  0.583753E+01  0.430174E-02
  0.844000E-01  0.580810E+01  0.583315E+01  0.429517E-02
  0.845000E-01  0.580379E+01  0.582878E+01  0.428862E-02
  0.846000E-01  0.579949E+01  0.582443E+01  0.428207E-02
  0.847000E-01  0.579520E+01  0.582008E+01  0.427555E-02
  0.848000E-01  0.579092E+01  0.581574E+01  0.426903E-02
  0.849000E-01  0.578665E+01  0.581142E+01  0.426253E-02
  0.850000E-01  0.578239E+01  0.580710E+01  0.425605E-02
  0.851000E-01  0.577814E+01  0.580280E+01  0.424958E-02
  0.852000E-01  0.577390E+01  0.579850E+01  0.424312E-02
  0.853000E-01  0.576967E+01  0.579422E+01  0.423668E-02
  0.854000E-01  0.576546E+01  0.578995E+01  0.423025E-02
  0.855000E-01  0.576125E+01  0.578569E+01  0.422383E-02
  0.856000E-01  0.575705E+01  0.578144E+01  0.421743E-02
  0.857000E-01  0.575287E+01  0.577719E+01  0.421105E-02
  0.858000E-01  0.574869E+01  0.577296E+01  0.420467E-02
  0.859000E-01  0.574453E+01  0.576874E+01  0.419831E-02
  0.860000E-01  0.574037E+01  0.576453E+01  0.419197E-02
  0.861000E-01  0.573622E+01  0.576034E+01  0.418564E-02
  0.862000E-01  0.573209E+01  0.575615E+01  0.417932E-02
  0.863000E-01  0.572796E+01  0.575197E+01  0.417301E-02
  0.864000E-01  0.572385E+01  0.574780E+01  0.416672E-02
  0.865000E-01  0.571975E+01  0.574364E+01  0.416045E-02
  0.866000E-01  0.571565E+01  0.573949E+01  0.415418E-02
  0.867000E-01  0.571157E+01  0.573536E+01  0.414793E-02
  0.868000E-01  0.570749E+01  0.573123E+01  0.414169E-02
  0.869000E-01  0.570343E+01  0.572711E+01  0.413547E-02
  0.870000E-01  0.569937E+01  0.572300E+01  0.412926E-02
  0.871000E-01  0.569532E+01  0.571890E+01  0.412306E-02
  0.872000E-01  0.569129E+01  0.571482E+01  0.411688E-02
  0.873000E-01  0.568726E+01  0.571074E+01  0.411071E-02
  0.874000E-01  0.568325E+01  0.570667E+01  0.410455E-02
  0.875000E-01  0.567924E+01  0.570261E+01  0.409841E-02
  0.876000E-01  0.567524E+01  0.569856E+01  0.409228E-02
  0.877000E-01  0.567126E+01  0.569452E+01  0.408616E-02
  0.878000E-01  0.566728E+01  0.569050E+01  0.408005E-02
  0.879000E-01  0.566331E+01  0.568648E+01  0.407396E-02
  0.880000E-01  0.565935E+01  0.568247E+01  0.406788E-02
  0.881000E-01  0.565540E+01  0.567847E+01  0.406182E-02
  0.882000E-01  0.565146E+01  0.567448E+01  0.405576E-02
  0.883000E-01  0.564753E+01  0.567050E+01  0.404972E-02
  0.884000E-01  0.564361E+01  0.566653E+01  0.404370E-02
  0.885000E-01  0.563970E+01  0.566256E+01  0.403768E-02
  0.886000E-01  0.563580E+01  0.565861E+01  0.403168E-02
  0.887000E-01  0.563190E+01  0.565467E+01  0.402569E-02
  0.888000E-01  0.562802E+01  0.565074E+01  0.401971E-02
  0.889000E-01  0.562415E+01  0.564681E+01  0.401375E-02
  0.890000E-01  0.562028E+01  0.564290E+01  0.400780E-02
  0.891000E-01  0.561643E+01  0.563899E+01  0.400186E-02
  0.892000E-01  0.561258E+01  0.563510E+01  0.399593E-02
  0.893000E-01  0.560874E+01  0.563121E+01  0.399002E-02
  0.894000E-01  0.560491E+01  0.562733E+01  0.398411E-02
  0.895000E-01  0.560109E+01  0.562346E+01  0.397822E-02
  0.896000E-01  0.559728E+01  0.561961E+01  0.397235E-02
  0.897000E-01  0.559348E+01  0.561576E+01  0.396648E-02
  0.898000E-01  0.558969E+01  0.561191E+01  0.396063E-02
  0.899000E-01  0.558590E+01  0.560808E+01  0.395479E-02
  0.900000E-01  0.558213E+01  0.560426E+01  0.394896E-02
  0.901000E-01  0.557836E+01  0.560045E+01  0.394314E-02
  0.902000E-01  0.557461E+01  0.559664E+01  0.393734E-02
  0.903000E-01  0.557086E+01  0.559285E+01  0.393155E-02
  0.904000E-01  0.556712E+01  0.558906E+01  0.392577E-02
  0.905000E-01  0.556339E+01  0.558528E+01  0.392000E-02
  0.906000E-01  0.555967E+01  0.558151E+01  0.391424E-02
  0.907000E-01  0.555595E+01  0.557775E+01  0.390850E-02
  0.908000E-01  0.555225E+01  0.557400E+01  0.390277E-02
  0.909000E-01  0.554855E+01  0.557026E+01  0.389704E-02
  0.910000E-01  0.554486E+01  0.556653E+01  0.389134E-02
  0.911000E-01  0.554119E+01  0.556280E+01  0.388564E-02
  0.912000E-01  0.553752E+01  0.555908E+01  0.387995E-02
  0.913000E-01  0.553385E+01  0.555538E+01  0.387428E-02
  0.914000E-01  0.553020E+01  0.555168E+01  0.386862E-02
  0.915000E-01  0.552656E+01  0.554799E+01  0.386297E-02
  0.916000E-01  0.552292E+01  0.554431E+01  0.385733E-02
  0.917000E-01  0.551929E+01  0.554063E+01  0.385170E-02
  0.918000E-01  0.551567E+01  0.553697E+01  0.384609E-02
  0.919000E-01  0.551206E+01  0.553331E+01  0.384048E-02
  0.920000E-01  0.550846E+01  0.552966E+01  0.383489E-02
  0.921000E-01  0.550486E+01  0.552603E+01  0.382931E-02
  0.922000E-01  0.550128E+01  0.552239E+01  0.382374E-02
  0.923000E-01  0.549770E+01  0.551877E+01  0.381818E-02
  0.924000E-01  0.549413E+01  0.551516E+01  0.381263E-02
  0.925000E-01  0.549057E+01  0.551155E+01  0.380710E-02
  0.926000E-01  0.548702E+01  0.550795E+01  0.380157E-02
  0.927000E-01  0.548347E+01  0.550437E+01  0.379606E-02
  0.928000E-01  0.547993E+01  0.550078E+01  0.379056E-02
  0.929000E-01  0.547640E+01  0.549721E+01  0.378507E-02
  0.930000E-01  0.547288E+01  0.549365E+01  0.377959E-02
  0.931000E-01  0.546937E+01  0.549009E+01  0.377412E-02
  0.932000E-01  0.546587E+01  0.548654E+01  0.376866E-02
  0.933000E-01  0.546237E+01  0.548300E+01  0.376322E-02
  0.934000E-01  0.545888E+01  0.547947E+01  0.375778E-02
  0.935000E-01  0.545540E+01  0.547595E+01  0.375236E-02
  0.936000E-01  0.545193E+01  0.547243E+01  0.374694E-02
  0.937000E-01  0.544846E+01  0.546892E+01  0.374154E-02
  0.938000E-01  0.544500E+01  0.546542E+01  0.373615E-02
  0.939000E-01  0.544155E+01  0.546193E+01  0.373077E-02
  0.940000E-01  0.543811E+01  0.545845E+01  0.372540E-02
  0.941000E-01  0.543468E+01  0.545497E+01  0.372004E-02
  0.942000E-01  0.543125E+01  0.545150E+01  0.371469E-02
  0.943000E-01  0.542783E+01  0.544804E+01  0.370935E-02
  0.944000E-01  0.542442E+01  0.544459E+01  0.370402E-02
  0.945000E-01  0.542102E+01  0.544115E+01  0.369871E-02
  0.946000E-01  0.541763E+01  0.543771E+01  0.369340E-02
  0.947000E-01  0.541424E+01  0.543428E+01  0.368810E-02
  0.948000E-01  0.541086E+01  0.543086E+01  0.368282E-02
  0.949000E-01  0.540749E+01  0.542745E+01  0.367755E-02
  0.950000E-01  0.540412E+01  0.542404E+01  0.367228E-02
  0.951000E-01  0.540076E+01  0.542064E+01  0.366703E-02
  0.952000E-01  0.539741E+01  0.541725E+01  0.366179E-02
  0.953000E-01  0.539407E+01  0.541387E+01  0.365655E-02
  0.954000E-01  0.539074E+01  0.541049E+01  0.365133E-02
  0.955000E-01  0.538741E+01  0.540712E+01  0.364612E-02
  0.956000E-01  0.538409E+01  0.540376E+01  0.364092E-02
  0.957000E-01  0.538078E+01  0.540041E+01  0.363573E-02
  0.958000E-01  0.537747E+01  0.539707E+01  0.363055E-02
  0.959000E-01  0.537417E+01  0.539373E+01  0.362538E-02
  0.960000E-01  0.537088E+01  0.539040E+01  0.362022E-02
  0.961000E-01  0.536760E+01  0.538708E+01  0.361507E-02
  0.962000E-01  0.536433E+01  0.538376E+01  0.360993E-02
  0.963000E-01  0.536106E+01  0.538045E+01  0.360480E-02
  0.964000E-01  0.535780E+01  0.537715E+01  0.359968E-02
  0.965000E-01  0.535454E+01  0.537386E+01  0.359457E-02
  0.966000E-01  0.535130E+01  0.537057E+01  0.358947E-02
  0.967000E-01  0.534806E+01  0.536729E+01  0.358438E-02
  0.968000E-01  0.534482E+01  0.536402E+01  0.357930E-02
  0.969000E-01  0.534160E+01  0.536076E+01  0.357423E-02
  0.970000E-01  0.533838E+01  0.535750E+01  0.356917E-02
  0.971000E-01  0.533517E+01  0.535425E+01  0.356412E-02
  0.972000E-01  0.533196E+01  0.535101E+01  0.355908E-02
  0.973000E-01  0.532877E+01  0.534777E+01  0.355405E-02
  0.974000E-01  0.532558E+01  0.534455E+01  0.354903E-02
  0.975000E-01  0.532239E+01  0.534132E+01  0.354402E-02
  0.976000E-01  0.531922E+01  0.533811E+01  0.353902E-02
  0.977000E-01  0.531605E+01  0.533490E+01  0.353403E-02
  0.978000E-01  0.531289E+01  0.533170E+01  0.352904E-02
  0.979000E-01  0.530973E+01  0.532851E+01  0.352407E-02
  0.980000E-01  0.530658E+01  0.532532E+01  0.351911E-02
  0.981000E-01  0.530344E+01  0.532215E+01  0.351416E-02
  0.982000E-01  0.530031E+01  0.531897E+01  0.350922E-02
  0.983000E-01  0.529718E+01  0.531581E+01  0.350428E-02
  0.984000E-01  0.529406E+01  0.531265E+01  0.349936E-02
  0.985000E-01  0.529095E+01  0.530950E+01  0.349444E-02
  0.986000E-01  0.528784E+01  0.530636E+01  0.348954E-02
  0.987000E-01  0.528474E+01  0.530322E+01  0.348464E-02
  0.988000E-01  0.528164E+01  0.530009E+01  0.347976E-02
  0.989000E-01  0.527856E+01  0.529696E+01  0.347488E-02
  0.990000E-01  0.527548E+01  0.529385E+01  0.347002E-02
  0.991000E-01  0.527240E+01  0.529074E+01  0.346516E-02
  0.992000E-01  0.526934E+01  0.528763E+01  0.346031E-02
  0.993000E-01  0.526628E+01  0.528454E+01  0.345547E-02
  0.994000E-01  0.526322E+01  0.528145E+01  0.345064E-02
  0.995000E-01  0.526017E+01  0.527836E+01  0.344582E-02
  0.996000E-01  0.525713E+01  0.527529E+01  0.344101E-02
  0.997000E-01  0.525410E+01  0.527222E+01  0.343621E-02
  0.998000E-01  0.525107E+01  0.526915E+01  0.343142E-02
  0.999000E-01  0.524805E+01  0.526610E+01  0.342663E-02
