 
      #t(days)          N(t)     N(t) True         error
  0.000000E+00  0.100000E+04  0.100000E+04  0.000000E+00
  0.100000E-01  0.100010E+04  0.100010E+04  0.499967E-08
  0.200000E-01  0.100020E+04  0.100020E+04  0.999933E-08
  0.300000E-01  0.100030E+04  0.100030E+04  0.149990E-07
  0.400000E-01  0.100040E+04  0.100040E+04  0.199987E-07
  0.500000E-01  0.100050E+04  0.100050E+04  0.249983E-07
  0.600000E-01  0.100060E+04  0.100060E+04  0.299980E-07
  0.700000E-01  0.100070E+04  0.100070E+04  0.349977E-07
  0.800000E-01  0.100080E+04  0.100080E+04  0.399973E-07
  0.900000E-01  0.100090E+04  0.100090E+04  0.449970E-07
  0.100000E+00  0.100100E+04  0.100100E+04  0.499967E-07
  0.110000E+00  0.100110E+04  0.100110E+04  0.549963E-07
  0.120000E+00  0.100120E+04  0.100120E+04  0.599960E-07
  0.130000E+00  0.100130E+04  0.100130E+04  0.649957E-07
  0.140000E+00  0.100140E+04  0.100140E+04  0.699953E-07
  0.150000E+00  0.100150E+04  0.100150E+04  0.749950E-07
  0.160000E+00  0.100160E+04  0.100160E+04  0.799947E-07
  0.170000E+00  0.100170E+04  0.100170E+04  0.849943E-07
  0.180000E+00  0.100180E+04  0.100180E+04  0.899940E-07
  0.190000E+00  0.100190E+04  0.100190E+04  0.949937E-07
  0.200000E+00  0.100200E+04  0.100200E+04  0.999933E-07
  0.210000E+00  0.100210E+04  0.100210E+04  0.104993E-06
  0.220000E+00  0.100220E+04  0.100220E+04  0.109993E-06
  0.230000E+00  0.100230E+04  0.100230E+04  0.114992E-06
  0.240000E+00  0.100240E+04  0.100240E+04  0.119992E-06
  0.250000E+00  0.100250E+04  0.100250E+04  0.124992E-06
  0.260000E+00  0.100260E+04  0.100260E+04  0.129991E-06
  0.270000E+00  0.100270E+04  0.100270E+04  0.134991E-06
  0.280000E+00  0.100280E+04  0.100280E+04  0.139991E-06
  0.290000E+00  0.100290E+04  0.100290E+04  0.144990E-06
  0.300000E+00  0.100300E+04  0.100300E+04  0.149990E-06
  0.310000E+00  0.100310E+04  0.100310E+04  0.154990E-06
  0.320000E+00  0.100320E+04  0.100321E+04  0.159989E-06
  0.330000E+00  0.100331E+04  0.100331E+04  0.164989E-06
  0.340000E+00  0.100341E+04  0.100341E+04  0.169989E-06
  0.350000E+00  0.100351E+04  0.100351E+04  0.174988E-06
  0.360000E+00  0.100361E+04  0.100361E+04  0.179988E-06
  0.370000E+00  0.100371E+04  0.100371E+04  0.184988E-06
  0.380000E+00  0.100381E+04  0.100381E+04  0.189987E-06
  0.390000E+00  0.100391E+04  0.100391E+04  0.194987E-06
  0.400000E+00  0.100401E+04  0.100401E+04  0.199987E-06
  0.410000E+00  0.100411E+04  0.100411E+04  0.204986E-06
  0.420000E+00  0.100421E+04  0.100421E+04  0.209986E-06
  0.430000E+00  0.100431E+04  0.100431E+04  0.214986E-06
  0.440000E+00  0.100441E+04  0.100441E+04  0.219985E-06
  0.450000E+00  0.100451E+04  0.100451E+04  0.224985E-06
  0.460000E+00  0.100461E+04  0.100461E+04  0.229985E-06
  0.470000E+00  0.100471E+04  0.100471E+04  0.234984E-06
  0.480000E+00  0.100481E+04  0.100481E+04  0.239984E-06
  0.490000E+00  0.100491E+04  0.100491E+04  0.244984E-06
  0.500000E+00  0.100501E+04  0.100501E+04  0.249983E-06
  0.510000E+00  0.100511E+04  0.100511E+04  0.254983E-06
  0.520000E+00  0.100521E+04  0.100521E+04  0.259983E-06
  0.530000E+00  0.100531E+04  0.100531E+04  0.264982E-06
  0.540000E+00  0.100541E+04  0.100541E+04  0.269982E-06
  0.550000E+00  0.100551E+04  0.100552E+04  0.274982E-06
  0.560000E+00  0.100562E+04  0.100562E+04  0.279981E-06
  0.570000E+00  0.100572E+04  0.100572E+04  0.284981E-06
  0.580000E+00  0.100582E+04  0.100582E+04  0.289981E-06
  0.590000E+00  0.100592E+04  0.100592E+04  0.294980E-06
  0.600000E+00  0.100602E+04  0.100602E+04  0.299980E-06
  0.610000E+00  0.100612E+04  0.100612E+04  0.304980E-06
  0.620000E+00  0.100622E+04  0.100622E+04  0.309979E-06
  0.630000E+00  0.100632E+04  0.100632E+04  0.314979E-06
  0.640000E+00  0.100642E+04  0.100642E+04  0.319979E-06
  0.650000E+00  0.100652E+04  0.100652E+04  0.324978E-06
  0.660000E+00  0.100662E+04  0.100662E+04  0.329978E-06
  0.670000E+00  0.100672E+04  0.100672E+04  0.334978E-06
  0.680000E+00  0.100682E+04  0.100682E+04  0.339977E-06
  0.690000E+00  0.100692E+04  0.100692E+04  0.344977E-06
  0.700000E+00  0.100702E+04  0.100702E+04  0.349977E-06
  0.710000E+00  0.100712E+04  0.100713E+04  0.354976E-06
  0.720000E+00  0.100723E+04  0.100723E+04  0.359976E-06
  0.730000E+00  0.100733E+04  0.100733E+04  0.364976E-06
  0.740000E+00  0.100743E+04  0.100743E+04  0.369975E-06
  0.750000E+00  0.100753E+04  0.100753E+04  0.374975E-06
  0.760000E+00  0.100763E+04  0.100763E+04  0.379975E-06
  0.770000E+00  0.100773E+04  0.100773E+04  0.384974E-06
  0.780000E+00  0.100783E+04  0.100783E+04  0.389974E-06
  0.790000E+00  0.100793E+04  0.100793E+04  0.394974E-06
  0.800000E+00  0.100803E+04  0.100803E+04  0.399973E-06
  0.810000E+00  0.100813E+04  0.100813E+04  0.404973E-06
  0.820000E+00  0.100823E+04  0.100823E+04  0.409973E-06
  0.830000E+00  0.100833E+04  0.100833E+04  0.414972E-06
  0.840000E+00  0.100843E+04  0.100844E+04  0.419972E-06
  0.850000E+00  0.100854E+04  0.100854E+04  0.424972E-06
  0.860000E+00  0.100864E+04  0.100864E+04  0.429971E-06
  0.870000E+00  0.100874E+04  0.100874E+04  0.434971E-06
  0.880000E+00  0.100884E+04  0.100884E+04  0.439971E-06
  0.890000E+00  0.100894E+04  0.100894E+04  0.444970E-06
  0.900000E+00  0.100904E+04  0.100904E+04  0.449970E-06
  0.910000E+00  0.100914E+04  0.100914E+04  0.454970E-06
  0.920000E+00  0.100924E+04  0.100924E+04  0.459969E-06
  0.930000E+00  0.100934E+04  0.100934E+04  0.464969E-06
  0.940000E+00  0.100944E+04  0.100944E+04  0.469969E-06
  0.950000E+00  0.100954E+04  0.100955E+04  0.474968E-06
  0.960000E+00  0.100965E+04  0.100965E+04  0.479968E-06
  0.970000E+00  0.100975E+04  0.100975E+04  0.484968E-06
  0.980000E+00  0.100985E+04  0.100985E+04  0.489967E-06
  0.990000E+00  0.100995E+04  0.100995E+04  0.494967E-06
  0.100000E+01  0.101005E+04  0.101005E+04  0.499967E-06
  0.101000E+01  0.101015E+04  0.101015E+04  0.504966E-06
  0.102000E+01  0.101025E+04  0.101025E+04  0.509966E-06
  0.103000E+01  0.101035E+04  0.101035E+04  0.514966E-06
  0.104000E+01  0.101045E+04  0.101045E+04  0.519965E-06
  0.105000E+01  0.101055E+04  0.101056E+04  0.524965E-06
  0.106000E+01  0.101066E+04  0.101066E+04  0.529965E-06
  0.107000E+01  0.101076E+04  0.101076E+04  0.534964E-06
  0.108000E+01  0.101086E+04  0.101086E+04  0.539964E-06
  0.109000E+01  0.101096E+04  0.101096E+04  0.544963E-06
  0.110000E+01  0.101106E+04  0.101106E+04  0.549963E-06
  0.111000E+01  0.101116E+04  0.101116E+04  0.554963E-06
  0.112000E+01  0.101126E+04  0.101126E+04  0.559962E-06
  0.113000E+01  0.101136E+04  0.101136E+04  0.564962E-06
  0.114000E+01  0.101146E+04  0.101147E+04  0.569962E-06
  0.115000E+01  0.101157E+04  0.101157E+04  0.574961E-06
  0.116000E+01  0.101167E+04  0.101167E+04  0.579961E-06
  0.117000E+01  0.101177E+04  0.101177E+04  0.584961E-06
  0.118000E+01  0.101187E+04  0.101187E+04  0.589960E-06
  0.119000E+01  0.101197E+04  0.101197E+04  0.594960E-06
  0.120000E+01  0.101207E+04  0.101207E+04  0.599960E-06
  0.121000E+01  0.101217E+04  0.101217E+04  0.604959E-06
  0.122000E+01  0.101227E+04  0.101227E+04  0.609959E-06
  0.123000E+01  0.101238E+04  0.101238E+04  0.614959E-06
  0.124000E+01  0.101248E+04  0.101248E+04  0.619958E-06
  0.125000E+01  0.101258E+04  0.101258E+04  0.624958E-06
  0.126000E+01  0.101268E+04  0.101268E+04  0.629958E-06
  0.127000E+01  0.101278E+04  0.101278E+04  0.634957E-06
  0.128000E+01  0.101288E+04  0.101288E+04  0.639957E-06
  0.129000E+01  0.101298E+04  0.101298E+04  0.644957E-06
  0.130000E+01  0.101308E+04  0.101308E+04  0.649956E-06
  0.131000E+01  0.101319E+04  0.101319E+04  0.654956E-06
  0.132000E+01  0.101329E+04  0.101329E+04  0.659956E-06
  0.133000E+01  0.101339E+04  0.101339E+04  0.664955E-06
  0.134000E+01  0.101349E+04  0.101349E+04  0.669955E-06
  0.135000E+01  0.101359E+04  0.101359E+04  0.674955E-06
  0.136000E+01  0.101369E+04  0.101369E+04  0.679954E-06
  0.137000E+01  0.101379E+04  0.101379E+04  0.684954E-06
  0.138000E+01  0.101389E+04  0.101390E+04  0.689954E-06
  0.139000E+01  0.101400E+04  0.101400E+04  0.694953E-06
  0.140000E+01  0.101410E+04  0.101410E+04  0.699953E-06
  0.141000E+01  0.101420E+04  0.101420E+04  0.704953E-06
  0.142000E+01  0.101430E+04  0.101430E+04  0.709952E-06
  0.143000E+01  0.101440E+04  0.101440E+04  0.714952E-06
  0.144000E+01  0.101450E+04  0.101450E+04  0.719952E-06
  0.145000E+01  0.101460E+04  0.101461E+04  0.724951E-06
  0.146000E+01  0.101471E+04  0.101471E+04  0.729951E-06
  0.147000E+01  0.101481E+04  0.101481E+04  0.734951E-06
  0.148000E+01  0.101491E+04  0.101491E+04  0.739950E-06
  0.149000E+01  0.101501E+04  0.101501E+04  0.744950E-06
  0.150000E+01  0.101511E+04  0.101511E+04  0.749950E-06
  0.151000E+01  0.101521E+04  0.101521E+04  0.754949E-06
  0.152000E+01  0.101532E+04  0.101532E+04  0.759949E-06
  0.153000E+01  0.101542E+04  0.101542E+04  0.764949E-06
  0.154000E+01  0.101552E+04  0.101552E+04  0.769948E-06
  0.155000E+01  0.101562E+04  0.101562E+04  0.774948E-06
  0.156000E+01  0.101572E+04  0.101572E+04  0.779948E-06
  0.157000E+01  0.101582E+04  0.101582E+04  0.784947E-06
  0.158000E+01  0.101592E+04  0.101593E+04  0.789947E-06
  0.159000E+01  0.101603E+04  0.101603E+04  0.794947E-06
  0.160000E+01  0.101613E+04  0.101613E+04  0.799946E-06
  0.161000E+01  0.101623E+04  0.101623E+04  0.804946E-06
  0.162000E+01  0.101633E+04  0.101633E+04  0.809946E-06
  0.163000E+01  0.101643E+04  0.101643E+04  0.814945E-06
  0.164000E+01  0.101653E+04  0.101654E+04  0.819945E-06
  0.165000E+01  0.101664E+04  0.101664E+04  0.824945E-06
  0.166000E+01  0.101674E+04  0.101674E+04  0.829944E-06
  0.167000E+01  0.101684E+04  0.101684E+04  0.834944E-06
  0.168000E+01  0.101694E+04  0.101694E+04  0.839944E-06
  0.169000E+01  0.101704E+04  0.101704E+04  0.844943E-06
  0.170000E+01  0.101714E+04  0.101715E+04  0.849943E-06
  0.171000E+01  0.101725E+04  0.101725E+04  0.854943E-06
  0.172000E+01  0.101735E+04  0.101735E+04  0.859942E-06
  0.173000E+01  0.101745E+04  0.101745E+04  0.864942E-06
  0.174000E+01  0.101755E+04  0.101755E+04  0.869942E-06
  0.175000E+01  0.101765E+04  0.101765E+04  0.874941E-06
  0.176000E+01  0.101775E+04  0.101776E+04  0.879941E-06
  0.177000E+01  0.101786E+04  0.101786E+04  0.884941E-06
  0.178000E+01  0.101796E+04  0.101796E+04  0.889940E-06
  0.179000E+01  0.101806E+04  0.101806E+04  0.894940E-06
  0.180000E+01  0.101816E+04  0.101816E+04  0.899940E-06
  0.181000E+01  0.101826E+04  0.101826E+04  0.904939E-06
  0.182000E+01  0.101837E+04  0.101837E+04  0.909939E-06
  0.183000E+01  0.101847E+04  0.101847E+04  0.914939E-06
  0.184000E+01  0.101857E+04  0.101857E+04  0.919938E-06
  0.185000E+01  0.101867E+04  0.101867E+04  0.924938E-06
  0.186000E+01  0.101877E+04  0.101877E+04  0.929938E-06
  0.187000E+01  0.101887E+04  0.101888E+04  0.934937E-06
  0.188000E+01  0.101898E+04  0.101898E+04  0.939937E-06
  0.189000E+01  0.101908E+04  0.101908E+04  0.944937E-06
  0.190000E+01  0.101918E+04  0.101918E+04  0.949936E-06
  0.191000E+01  0.101928E+04  0.101928E+04  0.954936E-06
  0.192000E+01  0.101938E+04  0.101939E+04  0.959936E-06
  0.193000E+01  0.101949E+04  0.101949E+04  0.964935E-06
  0.194000E+01  0.101959E+04  0.101959E+04  0.969935E-06
  0.195000E+01  0.101969E+04  0.101969E+04  0.974934E-06
  0.196000E+01  0.101979E+04  0.101979E+04  0.979934E-06
  0.197000E+01  0.101989E+04  0.101990E+04  0.984934E-06
  0.198000E+01  0.102000E+04  0.102000E+04  0.989933E-06
  0.199000E+01  0.102010E+04  0.102010E+04  0.994933E-06
  0.200000E+01  0.102020E+04  0.102020E+04  0.999933E-06
  0.201000E+01  0.102030E+04  0.102030E+04  0.100493E-05
  0.202000E+01  0.102040E+04  0.102041E+04  0.100993E-05
  0.203000E+01  0.102051E+04  0.102051E+04  0.101493E-05
  0.204000E+01  0.102061E+04  0.102061E+04  0.101993E-05
  0.205000E+01  0.102071E+04  0.102071E+04  0.102493E-05
  0.206000E+01  0.102081E+04  0.102081E+04  0.102993E-05
  0.207000E+01  0.102091E+04  0.102092E+04  0.103493E-05
  0.208000E+01  0.102102E+04  0.102102E+04  0.103993E-05
  0.209000E+01  0.102112E+04  0.102112E+04  0.104493E-05
  0.210000E+01  0.102122E+04  0.102122E+04  0.104993E-05
  0.211000E+01  0.102132E+04  0.102132E+04  0.105493E-05
  0.212000E+01  0.102143E+04  0.102143E+04  0.105993E-05
  0.213000E+01  0.102153E+04  0.102153E+04  0.106493E-05
  0.214000E+01  0.102163E+04  0.102163E+04  0.106993E-05
  0.215000E+01  0.102173E+04  0.102173E+04  0.107493E-05
  0.216000E+01  0.102183E+04  0.102183E+04  0.107993E-05
  0.217000E+01  0.102194E+04  0.102194E+04  0.108493E-05
  0.218000E+01  0.102204E+04  0.102204E+04  0.108993E-05
  0.219000E+01  0.102214E+04  0.102214E+04  0.109493E-05
  0.220000E+01  0.102224E+04  0.102224E+04  0.109993E-05
  0.221000E+01  0.102234E+04  0.102235E+04  0.110493E-05
  0.222000E+01  0.102245E+04  0.102245E+04  0.110993E-05
  0.223000E+01  0.102255E+04  0.102255E+04  0.111493E-05
  0.224000E+01  0.102265E+04  0.102265E+04  0.111992E-05
  0.225000E+01  0.102275E+04  0.102276E+04  0.112492E-05
  0.226000E+01  0.102286E+04  0.102286E+04  0.112992E-05
  0.227000E+01  0.102296E+04  0.102296E+04  0.113492E-05
  0.228000E+01  0.102306E+04  0.102306E+04  0.113992E-05
  0.229000E+01  0.102316E+04  0.102316E+04  0.114492E-05
  0.230000E+01  0.102327E+04  0.102327E+04  0.114992E-05
  0.231000E+01  0.102337E+04  0.102337E+04  0.115492E-05
  0.232000E+01  0.102347E+04  0.102347E+04  0.115992E-05
  0.233000E+01  0.102357E+04  0.102357E+04  0.116492E-05
  0.234000E+01  0.102367E+04  0.102368E+04  0.116992E-05
  0.235000E+01  0.102378E+04  0.102378E+04  0.117492E-05
  0.236000E+01  0.102388E+04  0.102388E+04  0.117992E-05
  0.237000E+01  0.102398E+04  0.102398E+04  0.118492E-05
  0.238000E+01  0.102408E+04  0.102409E+04  0.118992E-05
  0.239000E+01  0.102419E+04  0.102419E+04  0.119492E-05
  0.240000E+01  0.102429E+04  0.102429E+04  0.119992E-05
  0.241000E+01  0.102439E+04  0.102439E+04  0.120492E-05
  0.242000E+01  0.102449E+04  0.102450E+04  0.120992E-05
  0.243000E+01  0.102460E+04  0.102460E+04  0.121492E-05
  0.244000E+01  0.102470E+04  0.102470E+04  0.121992E-05
  0.245000E+01  0.102480E+04  0.102480E+04  0.122492E-05
  0.246000E+01  0.102490E+04  0.102491E+04  0.122992E-05
  0.247000E+01  0.102501E+04  0.102501E+04  0.123492E-05
  0.248000E+01  0.102511E+04  0.102511E+04  0.123992E-05
  0.249000E+01  0.102521E+04  0.102521E+04  0.124492E-05
  0.250000E+01  0.102531E+04  0.102532E+04  0.124992E-05
  0.251000E+01  0.102542E+04  0.102542E+04  0.125492E-05
  0.252000E+01  0.102552E+04  0.102552E+04  0.125992E-05
  0.253000E+01  0.102562E+04  0.102562E+04  0.126491E-05
  0.254000E+01  0.102572E+04  0.102573E+04  0.126991E-05
  0.255000E+01  0.102583E+04  0.102583E+04  0.127491E-05
  0.256000E+01  0.102593E+04  0.102593E+04  0.127991E-05
  0.257000E+01  0.102603E+04  0.102603E+04  0.128491E-05
  0.258000E+01  0.102613E+04  0.102614E+04  0.128991E-05
  0.259000E+01  0.102624E+04  0.102624E+04  0.129491E-05
  0.260000E+01  0.102634E+04  0.102634E+04  0.129991E-05
  0.261000E+01  0.102644E+04  0.102644E+04  0.130491E-05
  0.262000E+01  0.102654E+04  0.102655E+04  0.130991E-05
  0.263000E+01  0.102665E+04  0.102665E+04  0.131491E-05
  0.264000E+01  0.102675E+04  0.102675E+04  0.131991E-05
  0.265000E+01  0.102685E+04  0.102685E+04  0.132491E-05
  0.266000E+01  0.102696E+04  0.102696E+04  0.132991E-05
  0.267000E+01  0.102706E+04  0.102706E+04  0.133491E-05
  0.268000E+01  0.102716E+04  0.102716E+04  0.133991E-05
  0.269000E+01  0.102726E+04  0.102727E+04  0.134491E-05
  0.270000E+01  0.102737E+04  0.102737E+04  0.134991E-05
  0.271000E+01  0.102747E+04  0.102747E+04  0.135491E-05
  0.272000E+01  0.102757E+04  0.102757E+04  0.135991E-05
  0.273000E+01  0.102767E+04  0.102768E+04  0.136491E-05
  0.274000E+01  0.102778E+04  0.102778E+04  0.136991E-05
  0.275000E+01  0.102788E+04  0.102788E+04  0.137491E-05
  0.276000E+01  0.102798E+04  0.102798E+04  0.137991E-05
  0.277000E+01  0.102809E+04  0.102809E+04  0.138491E-05
  0.278000E+01  0.102819E+04  0.102819E+04  0.138991E-05
  0.279000E+01  0.102829E+04  0.102829E+04  0.139491E-05
  0.280000E+01  0.102839E+04  0.102840E+04  0.139991E-05
  0.281000E+01  0.102850E+04  0.102850E+04  0.140491E-05
  0.282000E+01  0.102860E+04  0.102860E+04  0.140990E-05
  0.283000E+01  0.102870E+04  0.102870E+04  0.141490E-05
  0.284000E+01  0.102881E+04  0.102881E+04  0.141990E-05
  0.285000E+01  0.102891E+04  0.102891E+04  0.142490E-05
  0.286000E+01  0.102901E+04  0.102901E+04  0.142990E-05
  0.287000E+01  0.102911E+04  0.102912E+04  0.143490E-05
  0.288000E+01  0.102922E+04  0.102922E+04  0.143990E-05
  0.289000E+01  0.102932E+04  0.102932E+04  0.144490E-05
  0.290000E+01  0.102942E+04  0.102942E+04  0.144990E-05
  0.291000E+01  0.102953E+04  0.102953E+04  0.145490E-05
  0.292000E+01  0.102963E+04  0.102963E+04  0.145990E-05
  0.293000E+01  0.102973E+04  0.102973E+04  0.146490E-05
  0.294000E+01  0.102983E+04  0.102984E+04  0.146990E-05
  0.295000E+01  0.102994E+04  0.102994E+04  0.147490E-05
  0.296000E+01  0.103004E+04  0.103004E+04  0.147990E-05
  0.297000E+01  0.103014E+04  0.103015E+04  0.148490E-05
  0.298000E+01  0.103025E+04  0.103025E+04  0.148990E-05
  0.299000E+01  0.103035E+04  0.103035E+04  0.149490E-05
  0.300000E+01  0.103045E+04  0.103045E+04  0.149990E-05
  0.301000E+01  0.103056E+04  0.103056E+04  0.150490E-05
  0.302000E+01  0.103066E+04  0.103066E+04  0.150990E-05
  0.303000E+01  0.103076E+04  0.103076E+04  0.151490E-05
  0.304000E+01  0.103087E+04  0.103087E+04  0.151990E-05
  0.305000E+01  0.103097E+04  0.103097E+04  0.152490E-05
  0.306000E+01  0.103107E+04  0.103107E+04  0.152990E-05
  0.307000E+01  0.103117E+04  0.103118E+04  0.153490E-05
  0.308000E+01  0.103128E+04  0.103128E+04  0.153990E-05
  0.309000E+01  0.103138E+04  0.103138E+04  0.154490E-05
  0.310000E+01  0.103148E+04  0.103149E+04  0.154990E-05
  0.311000E+01  0.103159E+04  0.103159E+04  0.155490E-05
  0.312000E+01  0.103169E+04  0.103169E+04  0.155989E-05
  0.313000E+01  0.103179E+04  0.103179E+04  0.156489E-05
  0.314000E+01  0.103190E+04  0.103190E+04  0.156989E-05
  0.315000E+01  0.103200E+04  0.103200E+04  0.157489E-05
  0.316000E+01  0.103210E+04  0.103210E+04  0.157989E-05
  0.317000E+01  0.103221E+04  0.103221E+04  0.158489E-05
  0.318000E+01  0.103231E+04  0.103231E+04  0.158989E-05
  0.319000E+01  0.103241E+04  0.103241E+04  0.159489E-05
  0.320000E+01  0.103252E+04  0.103252E+04  0.159989E-05
  0.321000E+01  0.103262E+04  0.103262E+04  0.160489E-05
  0.322000E+01  0.103272E+04  0.103272E+04  0.160989E-05
  0.323000E+01  0.103283E+04  0.103283E+04  0.161489E-05
  0.324000E+01  0.103293E+04  0.103293E+04  0.161989E-05
  0.325000E+01  0.103303E+04  0.103303E+04  0.162489E-05
  0.326000E+01  0.103314E+04  0.103314E+04  0.162989E-05
  0.327000E+01  0.103324E+04  0.103324E+04  0.163489E-05
  0.328000E+01  0.103334E+04  0.103334E+04  0.163989E-05
  0.329000E+01  0.103345E+04  0.103345E+04  0.164489E-05
  0.330000E+01  0.103355E+04  0.103355E+04  0.164989E-05
  0.331000E+01  0.103365E+04  0.103365E+04  0.165489E-05
  0.332000E+01  0.103376E+04  0.103376E+04  0.165989E-05
  0.333000E+01  0.103386E+04  0.103386E+04  0.166489E-05
  0.334000E+01  0.103396E+04  0.103396E+04  0.166989E-05
  0.335000E+01  0.103407E+04  0.103407E+04  0.167489E-05
  0.336000E+01  0.103417E+04  0.103417E+04  0.167989E-05
  0.337000E+01  0.103427E+04  0.103427E+04  0.168489E-05
  0.338000E+01  0.103438E+04  0.103438E+04  0.168989E-05
  0.339000E+01  0.103448E+04  0.103448E+04  0.169489E-05
  0.340000E+01  0.103458E+04  0.103458E+04  0.169989E-05
  0.341000E+01  0.103469E+04  0.103469E+04  0.170488E-05
  0.342000E+01  0.103479E+04  0.103479E+04  0.170988E-05
  0.343000E+01  0.103489E+04  0.103490E+04  0.171488E-05
  0.344000E+01  0.103500E+04  0.103500E+04  0.171988E-05
  0.345000E+01  0.103510E+04  0.103510E+04  0.172488E-05
  0.346000E+01  0.103520E+04  0.103521E+04  0.172988E-05
  0.347000E+01  0.103531E+04  0.103531E+04  0.173488E-05
  0.348000E+01  0.103541E+04  0.103541E+04  0.173988E-05
  0.349000E+01  0.103551E+04  0.103552E+04  0.174488E-05
  0.350000E+01  0.103562E+04  0.103562E+04  0.174988E-05
  0.351000E+01  0.103572E+04  0.103572E+04  0.175488E-05
  0.352000E+01  0.103583E+04  0.103583E+04  0.175988E-05
  0.353000E+01  0.103593E+04  0.103593E+04  0.176488E-05
  0.354000E+01  0.103603E+04  0.103603E+04  0.176988E-05
  0.355000E+01  0.103614E+04  0.103614E+04  0.177488E-05
  0.356000E+01  0.103624E+04  0.103624E+04  0.177988E-05
  0.357000E+01  0.103634E+04  0.103634E+04  0.178488E-05
  0.358000E+01  0.103645E+04  0.103645E+04  0.178988E-05
  0.359000E+01  0.103655E+04  0.103655E+04  0.179488E-05
  0.360000E+01  0.103665E+04  0.103666E+04  0.179988E-05
  0.361000E+01  0.103676E+04  0.103676E+04  0.180488E-05
  0.362000E+01  0.103686E+04  0.103686E+04  0.180988E-05
  0.363000E+01  0.103697E+04  0.103697E+04  0.181488E-05
  0.364000E+01  0.103707E+04  0.103707E+04  0.181988E-05
  0.365000E+01  0.103717E+04  0.103717E+04  0.182488E-05
  0.366000E+01  0.103728E+04  0.103728E+04  0.182988E-05
  0.367000E+01  0.103738E+04  0.103738E+04  0.183488E-05
  0.368000E+01  0.103748E+04  0.103749E+04  0.183988E-05
  0.369000E+01  0.103759E+04  0.103759E+04  0.184488E-05
  0.370000E+01  0.103769E+04  0.103769E+04  0.184987E-05
  0.371000E+01  0.103779E+04  0.103780E+04  0.185487E-05
  0.372000E+01  0.103790E+04  0.103790E+04  0.185987E-05
  0.373000E+01  0.103800E+04  0.103800E+04  0.186487E-05
  0.374000E+01  0.103811E+04  0.103811E+04  0.186987E-05
  0.375000E+01  0.103821E+04  0.103821E+04  0.187487E-05
  0.376000E+01  0.103831E+04  0.103832E+04  0.187987E-05
  0.377000E+01  0.103842E+04  0.103842E+04  0.188487E-05
  0.378000E+01  0.103852E+04  0.103852E+04  0.188987E-05
  0.379000E+01  0.103863E+04  0.103863E+04  0.189487E-05
  0.380000E+01  0.103873E+04  0.103873E+04  0.189987E-05
  0.381000E+01  0.103883E+04  0.103884E+04  0.190487E-05
  0.382000E+01  0.103894E+04  0.103894E+04  0.190987E-05
  0.383000E+01  0.103904E+04  0.103904E+04  0.191487E-05
  0.384000E+01  0.103914E+04  0.103915E+04  0.191987E-05
  0.385000E+01  0.103925E+04  0.103925E+04  0.192487E-05
  0.386000E+01  0.103935E+04  0.103935E+04  0.192987E-05
  0.387000E+01  0.103946E+04  0.103946E+04  0.193487E-05
  0.388000E+01  0.103956E+04  0.103956E+04  0.193987E-05
  0.389000E+01  0.103966E+04  0.103967E+04  0.194487E-05
  0.390000E+01  0.103977E+04  0.103977E+04  0.194987E-05
  0.391000E+01  0.103987E+04  0.103987E+04  0.195487E-05
  0.392000E+01  0.103998E+04  0.103998E+04  0.195987E-05
  0.393000E+01  0.104008E+04  0.104008E+04  0.196487E-05
  0.394000E+01  0.104018E+04  0.104019E+04  0.196987E-05
  0.395000E+01  0.104029E+04  0.104029E+04  0.197487E-05
  0.396000E+01  0.104039E+04  0.104039E+04  0.197987E-05
  0.397000E+01  0.104050E+04  0.104050E+04  0.198487E-05
  0.398000E+01  0.104060E+04  0.104060E+04  0.198987E-05
  0.399000E+01  0.104070E+04  0.104071E+04  0.199486E-05
  0.400000E+01  0.104081E+04  0.104081E+04  0.199986E-05
  0.401000E+01  0.104091E+04  0.104091E+04  0.200486E-05
  0.402000E+01  0.104102E+04  0.104102E+04  0.200986E-05
  0.403000E+01  0.104112E+04  0.104112E+04  0.201486E-05
  0.404000E+01  0.104123E+04  0.104123E+04  0.201986E-05
  0.405000E+01  0.104133E+04  0.104133E+04  0.202486E-05
  0.406000E+01  0.104143E+04  0.104144E+04  0.202986E-05
  0.407000E+01  0.104154E+04  0.104154E+04  0.203486E-05
  0.408000E+01  0.104164E+04  0.104164E+04  0.203986E-05
  0.409000E+01  0.104175E+04  0.104175E+04  0.204486E-05
  0.410000E+01  0.104185E+04  0.104185E+04  0.204986E-05
  0.411000E+01  0.104195E+04  0.104196E+04  0.205486E-05
  0.412000E+01  0.104206E+04  0.104206E+04  0.205986E-05
  0.413000E+01  0.104216E+04  0.104216E+04  0.206486E-05
  0.414000E+01  0.104227E+04  0.104227E+04  0.206986E-05
  0.415000E+01  0.104237E+04  0.104237E+04  0.207486E-05
  0.416000E+01  0.104248E+04  0.104248E+04  0.207986E-05
  0.417000E+01  0.104258E+04  0.104258E+04  0.208486E-05
  0.418000E+01  0.104268E+04  0.104269E+04  0.208986E-05
  0.419000E+01  0.104279E+04  0.104279E+04  0.209486E-05
  0.420000E+01  0.104289E+04  0.104289E+04  0.209986E-05
  0.421000E+01  0.104300E+04  0.104300E+04  0.210486E-05
  0.422000E+01  0.104310E+04  0.104310E+04  0.210986E-05
  0.423000E+01  0.104321E+04  0.104321E+04  0.211486E-05
  0.424000E+01  0.104331E+04  0.104331E+04  0.211986E-05
  0.425000E+01  0.104341E+04  0.104342E+04  0.212486E-05
  0.426000E+01  0.104352E+04  0.104352E+04  0.212986E-05
  0.427000E+01  0.104362E+04  0.104362E+04  0.213486E-05
  0.428000E+01  0.104373E+04  0.104373E+04  0.213985E-05
  0.429000E+01  0.104383E+04  0.104383E+04  0.214485E-05
  0.430000E+01  0.104394E+04  0.104394E+04  0.214985E-05
  0.431000E+01  0.104404E+04  0.104404E+04  0.215485E-05
  0.432000E+01  0.104414E+04  0.104415E+04  0.215985E-05
  0.433000E+01  0.104425E+04  0.104425E+04  0.216485E-05
  0.434000E+01  0.104435E+04  0.104436E+04  0.216985E-05
  0.435000E+01  0.104446E+04  0.104446E+04  0.217485E-05
  0.436000E+01  0.104456E+04  0.104456E+04  0.217985E-05
  0.437000E+01  0.104467E+04  0.104467E+04  0.218485E-05
  0.438000E+01  0.104477E+04  0.104477E+04  0.218985E-05
  0.439000E+01  0.104488E+04  0.104488E+04  0.219485E-05
  0.440000E+01  0.104498E+04  0.104498E+04  0.219985E-05
  0.441000E+01  0.104508E+04  0.104509E+04  0.220485E-05
  0.442000E+01  0.104519E+04  0.104519E+04  0.220985E-05
  0.443000E+01  0.104529E+04  0.104530E+04  0.221485E-05
  0.444000E+01  0.104540E+04  0.104540E+04  0.221985E-05
  0.445000E+01  0.104550E+04  0.104550E+04  0.222485E-05
  0.446000E+01  0.104561E+04  0.104561E+04  0.222985E-05
  0.447000E+01  0.104571E+04  0.104571E+04  0.223485E-05
  0.448000E+01  0.104582E+04  0.104582E+04  0.223985E-05
  0.449000E+01  0.104592E+04  0.104592E+04  0.224485E-05
  0.450000E+01  0.104603E+04  0.104603E+04  0.224985E-05
  0.451000E+01  0.104613E+04  0.104613E+04  0.225485E-05
  0.452000E+01  0.104623E+04  0.104624E+04  0.225985E-05
  0.453000E+01  0.104634E+04  0.104634E+04  0.226485E-05
  0.454000E+01  0.104644E+04  0.104645E+04  0.226985E-05
  0.455000E+01  0.104655E+04  0.104655E+04  0.227485E-05
  0.456000E+01  0.104665E+04  0.104666E+04  0.227985E-05
  0.457000E+01  0.104676E+04  0.104676E+04  0.228484E-05
  0.458000E+01  0.104686E+04  0.104687E+04  0.228984E-05
  0.459000E+01  0.104697E+04  0.104697E+04  0.229484E-05
  0.460000E+01  0.104707E+04  0.104707E+04  0.229984E-05
  0.461000E+01  0.104718E+04  0.104718E+04  0.230484E-05
  0.462000E+01  0.104728E+04  0.104728E+04  0.230984E-05
  0.463000E+01  0.104739E+04  0.104739E+04  0.231484E-05
  0.464000E+01  0.104749E+04  0.104749E+04  0.231984E-05
  0.465000E+01  0.104760E+04  0.104760E+04  0.232484E-05
  0.466000E+01  0.104770E+04  0.104770E+04  0.232984E-05
  0.467000E+01  0.104781E+04  0.104781E+04  0.233484E-05
  0.468000E+01  0.104791E+04  0.104791E+04  0.233984E-05
  0.469000E+01  0.104801E+04  0.104802E+04  0.234484E-05
  0.470000E+01  0.104812E+04  0.104812E+04  0.234984E-05
  0.471000E+01  0.104822E+04  0.104823E+04  0.235484E-05
  0.472000E+01  0.104833E+04  0.104833E+04  0.235984E-05
  0.473000E+01  0.104843E+04  0.104844E+04  0.236484E-05
  0.474000E+01  0.104854E+04  0.104854E+04  0.236984E-05
  0.475000E+01  0.104864E+04  0.104865E+04  0.237484E-05
  0.476000E+01  0.104875E+04  0.104875E+04  0.237984E-05
  0.477000E+01  0.104885E+04  0.104886E+04  0.238484E-05
  0.478000E+01  0.104896E+04  0.104896E+04  0.238984E-05
  0.479000E+01  0.104906E+04  0.104907E+04  0.239484E-05
  0.480000E+01  0.104917E+04  0.104917E+04  0.239984E-05
  0.481000E+01  0.104927E+04  0.104928E+04  0.240484E-05
  0.482000E+01  0.104938E+04  0.104938E+04  0.240984E-05
  0.483000E+01  0.104948E+04  0.104949E+04  0.241484E-05
  0.484000E+01  0.104959E+04  0.104959E+04  0.241984E-05
  0.485000E+01  0.104969E+04  0.104970E+04  0.242484E-05
  0.486000E+01  0.104980E+04  0.104980E+04  0.242983E-05
  0.487000E+01  0.104990E+04  0.104991E+04  0.243483E-05
  0.488000E+01  0.105001E+04  0.105001E+04  0.243983E-05
  0.489000E+01  0.105011E+04  0.105012E+04  0.244483E-05
  0.490000E+01  0.105022E+04  0.105022E+04  0.244983E-05
  0.491000E+01  0.105032E+04  0.105033E+04  0.245483E-05
  0.492000E+01  0.105043E+04  0.105043E+04  0.245983E-05
  0.493000E+01  0.105053E+04  0.105054E+04  0.246483E-05
  0.494000E+01  0.105064E+04  0.105064E+04  0.246983E-05
  0.495000E+01  0.105074E+04  0.105075E+04  0.247483E-05
  0.496000E+01  0.105085E+04  0.105085E+04  0.247983E-05
  0.497000E+01  0.105095E+04  0.105096E+04  0.248483E-05
  0.498000E+01  0.105106E+04  0.105106E+04  0.248983E-05
  0.499000E+01  0.105116E+04  0.105117E+04  0.249483E-05
  0.500000E+01  0.105127E+04  0.105127E+04  0.249983E-05
  0.501000E+01  0.105137E+04  0.105138E+04  0.250483E-05
  0.502000E+01  0.105148E+04  0.105148E+04  0.250983E-05
  0.503000E+01  0.105158E+04  0.105159E+04  0.251483E-05
  0.504000E+01  0.105169E+04  0.105169E+04  0.251983E-05
  0.505000E+01  0.105179E+04  0.105180E+04  0.252483E-05
  0.506000E+01  0.105190E+04  0.105190E+04  0.252983E-05
  0.507000E+01  0.105200E+04  0.105201E+04  0.253483E-05
  0.508000E+01  0.105211E+04  0.105211E+04  0.253983E-05
  0.509000E+01  0.105221E+04  0.105222E+04  0.254483E-05
  0.510000E+01  0.105232E+04  0.105232E+04  0.254983E-05
  0.511000E+01  0.105243E+04  0.105243E+04  0.255483E-05
  0.512000E+01  0.105253E+04  0.105253E+04  0.255983E-05
  0.513000E+01  0.105264E+04  0.105264E+04  0.256483E-05
  0.514000E+01  0.105274E+04  0.105274E+04  0.256983E-05
  0.515000E+01  0.105285E+04  0.105285E+04  0.257482E-05
  0.516000E+01  0.105295E+04  0.105295E+04  0.257982E-05
  0.517000E+01  0.105306E+04  0.105306E+04  0.258482E-05
  0.518000E+01  0.105316E+04  0.105317E+04  0.258982E-05
  0.519000E+01  0.105327E+04  0.105327E+04  0.259482E-05
  0.520000E+01  0.105337E+04  0.105338E+04  0.259982E-05
  0.521000E+01  0.105348E+04  0.105348E+04  0.260482E-05
  0.522000E+01  0.105358E+04  0.105359E+04  0.260982E-05
  0.523000E+01  0.105369E+04  0.105369E+04  0.261482E-05
  0.524000E+01  0.105379E+04  0.105380E+04  0.261982E-05
  0.525000E+01  0.105390E+04  0.105390E+04  0.262482E-05
  0.526000E+01  0.105401E+04  0.105401E+04  0.262982E-05
  0.527000E+01  0.105411E+04  0.105411E+04  0.263482E-05
  0.528000E+01  0.105422E+04  0.105422E+04  0.263982E-05
  0.529000E+01  0.105432E+04  0.105432E+04  0.264482E-05
  0.530000E+01  0.105443E+04  0.105443E+04  0.264982E-05
  0.531000E+01  0.105453E+04  0.105454E+04  0.265482E-05
  0.532000E+01  0.105464E+04  0.105464E+04  0.265982E-05
  0.533000E+01  0.105474E+04  0.105475E+04  0.266482E-05
  0.534000E+01  0.105485E+04  0.105485E+04  0.266982E-05
  0.535000E+01  0.105495E+04  0.105496E+04  0.267482E-05
  0.536000E+01  0.105506E+04  0.105506E+04  0.267982E-05
  0.537000E+01  0.105517E+04  0.105517E+04  0.268482E-05
  0.538000E+01  0.105527E+04  0.105527E+04  0.268982E-05
  0.539000E+01  0.105538E+04  0.105538E+04  0.269482E-05
  0.540000E+01  0.105548E+04  0.105548E+04  0.269982E-05
  0.541000E+01  0.105559E+04  0.105559E+04  0.270482E-05
  0.542000E+01  0.105569E+04  0.105570E+04  0.270982E-05
  0.543000E+01  0.105580E+04  0.105580E+04  0.271482E-05
  0.544000E+01  0.105590E+04  0.105591E+04  0.271981E-05
  0.545000E+01  0.105601E+04  0.105601E+04  0.272481E-05
  0.546000E+01  0.105612E+04  0.105612E+04  0.272981E-05
  0.547000E+01  0.105622E+04  0.105622E+04  0.273481E-05
  0.548000E+01  0.105633E+04  0.105633E+04  0.273981E-05
  0.549000E+01  0.105643E+04  0.105643E+04  0.274481E-05
  0.550000E+01  0.105654E+04  0.105654E+04  0.274981E-05
  0.551000E+01  0.105664E+04  0.105665E+04  0.275481E-05
  0.552000E+01  0.105675E+04  0.105675E+04  0.275981E-05
  0.553000E+01  0.105685E+04  0.105686E+04  0.276481E-05
  0.554000E+01  0.105696E+04  0.105696E+04  0.276981E-05
  0.555000E+01  0.105707E+04  0.105707E+04  0.277481E-05
  0.556000E+01  0.105717E+04  0.105717E+04  0.277981E-05
  0.557000E+01  0.105728E+04  0.105728E+04  0.278481E-05
  0.558000E+01  0.105738E+04  0.105739E+04  0.278981E-05
  0.559000E+01  0.105749E+04  0.105749E+04  0.279481E-05
  0.560000E+01  0.105759E+04  0.105760E+04  0.279981E-05
  0.561000E+01  0.105770E+04  0.105770E+04  0.280481E-05
  0.562000E+01  0.105781E+04  0.105781E+04  0.280981E-05
  0.563000E+01  0.105791E+04  0.105792E+04  0.281481E-05
  0.564000E+01  0.105802E+04  0.105802E+04  0.281981E-05
  0.565000E+01  0.105812E+04  0.105813E+04  0.282481E-05
  0.566000E+01  0.105823E+04  0.105823E+04  0.282981E-05
  0.567000E+01  0.105834E+04  0.105834E+04  0.283481E-05
  0.568000E+01  0.105844E+04  0.105844E+04  0.283981E-05
  0.569000E+01  0.105855E+04  0.105855E+04  0.284481E-05
  0.570000E+01  0.105865E+04  0.105866E+04  0.284981E-05
  0.571000E+01  0.105876E+04  0.105876E+04  0.285481E-05
  0.572000E+01  0.105886E+04  0.105887E+04  0.285981E-05
  0.573000E+01  0.105897E+04  0.105897E+04  0.286480E-05
  0.574000E+01  0.105908E+04  0.105908E+04  0.286980E-05
  0.575000E+01  0.105918E+04  0.105919E+04  0.287480E-05
  0.576000E+01  0.105929E+04  0.105929E+04  0.287980E-05
  0.577000E+01  0.105939E+04  0.105940E+04  0.288480E-05
  0.578000E+01  0.105950E+04  0.105950E+04  0.288980E-05
  0.579000E+01  0.105961E+04  0.105961E+04  0.289480E-05
  0.580000E+01  0.105971E+04  0.105971E+04  0.289980E-05
  0.581000E+01  0.105982E+04  0.105982E+04  0.290480E-05
  0.582000E+01  0.105992E+04  0.105993E+04  0.290980E-05
  0.583000E+01  0.106003E+04  0.106003E+04  0.291480E-05
  0.584000E+01  0.106014E+04  0.106014E+04  0.291980E-05
  0.585000E+01  0.106024E+04  0.106024E+04  0.292480E-05
  0.586000E+01  0.106035E+04  0.106035E+04  0.292980E-05
  0.587000E+01  0.106045E+04  0.106046E+04  0.293480E-05
  0.588000E+01  0.106056E+04  0.106056E+04  0.293980E-05
  0.589000E+01  0.106067E+04  0.106067E+04  0.294480E-05
  0.590000E+01  0.106077E+04  0.106078E+04  0.294980E-05
  0.591000E+01  0.106088E+04  0.106088E+04  0.295480E-05
  0.592000E+01  0.106098E+04  0.106099E+04  0.295980E-05
  0.593000E+01  0.106109E+04  0.106109E+04  0.296480E-05
  0.594000E+01  0.106120E+04  0.106120E+04  0.296980E-05
  0.595000E+01  0.106130E+04  0.106131E+04  0.297480E-05
  0.596000E+01  0.106141E+04  0.106141E+04  0.297980E-05
  0.597000E+01  0.106151E+04  0.106152E+04  0.298480E-05
  0.598000E+01  0.106162E+04  0.106162E+04  0.298980E-05
  0.599000E+01  0.106173E+04  0.106173E+04  0.299480E-05
  0.600000E+01  0.106183E+04  0.106184E+04  0.299980E-05
  0.601000E+01  0.106194E+04  0.106194E+04  0.300480E-05
  0.602000E+01  0.106205E+04  0.106205E+04  0.300979E-05
  0.603000E+01  0.106215E+04  0.106216E+04  0.301479E-05
  0.604000E+01  0.106226E+04  0.106226E+04  0.301979E-05
  0.605000E+01  0.106236E+04  0.106237E+04  0.302479E-05
  0.606000E+01  0.106247E+04  0.106247E+04  0.302979E-05
  0.607000E+01  0.106258E+04  0.106258E+04  0.303479E-05
  0.608000E+01  0.106268E+04  0.106269E+04  0.303979E-05
  0.609000E+01  0.106279E+04  0.106279E+04  0.304479E-05
  0.610000E+01  0.106290E+04  0.106290E+04  0.304979E-05
  0.611000E+01  0.106300E+04  0.106301E+04  0.305479E-05
  0.612000E+01  0.106311E+04  0.106311E+04  0.305979E-05
  0.613000E+01  0.106321E+04  0.106322E+04  0.306479E-05
  0.614000E+01  0.106332E+04  0.106332E+04  0.306979E-05
  0.615000E+01  0.106343E+04  0.106343E+04  0.307479E-05
  0.616000E+01  0.106353E+04  0.106354E+04  0.307979E-05
  0.617000E+01  0.106364E+04  0.106364E+04  0.308479E-05
  0.618000E+01  0.106375E+04  0.106375E+04  0.308979E-05
  0.619000E+01  0.106385E+04  0.106386E+04  0.309479E-05
  0.620000E+01  0.106396E+04  0.106396E+04  0.309979E-05
  0.621000E+01  0.106407E+04  0.106407E+04  0.310479E-05
  0.622000E+01  0.106417E+04  0.106418E+04  0.310979E-05
  0.623000E+01  0.106428E+04  0.106428E+04  0.311479E-05
  0.624000E+01  0.106438E+04  0.106439E+04  0.311979E-05
  0.625000E+01  0.106449E+04  0.106449E+04  0.312479E-05
  0.626000E+01  0.106460E+04  0.106460E+04  0.312979E-05
  0.627000E+01  0.106470E+04  0.106471E+04  0.313479E-05
  0.628000E+01  0.106481E+04  0.106481E+04  0.313979E-05
  0.629000E+01  0.106492E+04  0.106492E+04  0.314479E-05
  0.630000E+01  0.106502E+04  0.106503E+04  0.314978E-05
  0.631000E+01  0.106513E+04  0.106513E+04  0.315478E-05
  0.632000E+01  0.106524E+04  0.106524E+04  0.315978E-05
  0.633000E+01  0.106534E+04  0.106535E+04  0.316478E-05
  0.634000E+01  0.106545E+04  0.106545E+04  0.316978E-05
  0.635000E+01  0.106556E+04  0.106556E+04  0.317478E-05
  0.636000E+01  0.106566E+04  0.106567E+04  0.317978E-05
  0.637000E+01  0.106577E+04  0.106577E+04  0.318478E-05
  0.638000E+01  0.106588E+04  0.106588E+04  0.318978E-05
  0.639000E+01  0.106598E+04  0.106599E+04  0.319478E-05
  0.640000E+01  0.106609E+04  0.106609E+04  0.319978E-05
  0.641000E+01  0.106620E+04  0.106620E+04  0.320478E-05
  0.642000E+01  0.106630E+04  0.106631E+04  0.320978E-05
  0.643000E+01  0.106641E+04  0.106641E+04  0.321478E-05
  0.644000E+01  0.106652E+04  0.106652E+04  0.321978E-05
  0.645000E+01  0.106662E+04  0.106663E+04  0.322478E-05
  0.646000E+01  0.106673E+04  0.106673E+04  0.322978E-05
  0.647000E+01  0.106684E+04  0.106684E+04  0.323478E-05
  0.648000E+01  0.106694E+04  0.106695E+04  0.323978E-05
  0.649000E+01  0.106705E+04  0.106705E+04  0.324478E-05
  0.650000E+01  0.106716E+04  0.106716E+04  0.324978E-05
  0.651000E+01  0.106726E+04  0.106727E+04  0.325478E-05
  0.652000E+01  0.106737E+04  0.106737E+04  0.325978E-05
  0.653000E+01  0.106748E+04  0.106748E+04  0.326478E-05
  0.654000E+01  0.106758E+04  0.106759E+04  0.326978E-05
  0.655000E+01  0.106769E+04  0.106769E+04  0.327478E-05
  0.656000E+01  0.106780E+04  0.106780E+04  0.327978E-05
  0.657000E+01  0.106790E+04  0.106791E+04  0.328478E-05
  0.658000E+01  0.106801E+04  0.106801E+04  0.328978E-05
  0.659000E+01  0.106812E+04  0.106812E+04  0.329477E-05
  0.660000E+01  0.106822E+04  0.106823E+04  0.329977E-05
  0.661000E+01  0.106833E+04  0.106833E+04  0.330477E-05
  0.662000E+01  0.106844E+04  0.106844E+04  0.330977E-05
  0.663000E+01  0.106854E+04  0.106855E+04  0.331477E-05
  0.664000E+01  0.106865E+04  0.106865E+04  0.331977E-05
  0.665000E+01  0.106876E+04  0.106876E+04  0.332477E-05
  0.666000E+01  0.106886E+04  0.106887E+04  0.332977E-05
  0.667000E+01  0.106897E+04  0.106897E+04  0.333477E-05
  0.668000E+01  0.106908E+04  0.106908E+04  0.333977E-05
  0.669000E+01  0.106918E+04  0.106919E+04  0.334477E-05
  0.670000E+01  0.106929E+04  0.106930E+04  0.334977E-05
  0.671000E+01  0.106940E+04  0.106940E+04  0.335477E-05
  0.672000E+01  0.106951E+04  0.106951E+04  0.335977E-05
  0.673000E+01  0.106961E+04  0.106962E+04  0.336477E-05
  0.674000E+01  0.106972E+04  0.106972E+04  0.336977E-05
  0.675000E+01  0.106983E+04  0.106983E+04  0.337477E-05
  0.676000E+01  0.106993E+04  0.106994E+04  0.337977E-05
  0.677000E+01  0.107004E+04  0.107004E+04  0.338477E-05
  0.678000E+01  0.107015E+04  0.107015E+04  0.338977E-05
  0.679000E+01  0.107025E+04  0.107026E+04  0.339477E-05
  0.680000E+01  0.107036E+04  0.107037E+04  0.339977E-05
  0.681000E+01  0.107047E+04  0.107047E+04  0.340477E-05
  0.682000E+01  0.107058E+04  0.107058E+04  0.340977E-05
  0.683000E+01  0.107068E+04  0.107069E+04  0.341477E-05
  0.684000E+01  0.107079E+04  0.107079E+04  0.341977E-05
  0.685000E+01  0.107090E+04  0.107090E+04  0.342477E-05
  0.686000E+01  0.107100E+04  0.107101E+04  0.342977E-05
  0.687000E+01  0.107111E+04  0.107111E+04  0.343476E-05
  0.688000E+01  0.107122E+04  0.107122E+04  0.343976E-05
  0.689000E+01  0.107133E+04  0.107133E+04  0.344476E-05
  0.690000E+01  0.107143E+04  0.107144E+04  0.344976E-05
  0.691000E+01  0.107154E+04  0.107154E+04  0.345476E-05
  0.692000E+01  0.107165E+04  0.107165E+04  0.345976E-05
  0.693000E+01  0.107175E+04  0.107176E+04  0.346476E-05
  0.694000E+01  0.107186E+04  0.107186E+04  0.346976E-05
  0.695000E+01  0.107197E+04  0.107197E+04  0.347476E-05
  0.696000E+01  0.107208E+04  0.107208E+04  0.347976E-05
  0.697000E+01  0.107218E+04  0.107219E+04  0.348476E-05
  0.698000E+01  0.107229E+04  0.107229E+04  0.348976E-05
  0.699000E+01  0.107240E+04  0.107240E+04  0.349476E-05
  0.700000E+01  0.107250E+04  0.107251E+04  0.349976E-05
  0.701000E+01  0.107261E+04  0.107262E+04  0.350476E-05
  0.702000E+01  0.107272E+04  0.107272E+04  0.350976E-05
  0.703000E+01  0.107283E+04  0.107283E+04  0.351476E-05
  0.704000E+01  0.107293E+04  0.107294E+04  0.351976E-05
  0.705000E+01  0.107304E+04  0.107304E+04  0.352476E-05
  0.706000E+01  0.107315E+04  0.107315E+04  0.352976E-05
  0.707000E+01  0.107326E+04  0.107326E+04  0.353476E-05
  0.708000E+01  0.107336E+04  0.107337E+04  0.353976E-05
  0.709000E+01  0.107347E+04  0.107347E+04  0.354476E-05
  0.710000E+01  0.107358E+04  0.107358E+04  0.354976E-05
  0.711000E+01  0.107368E+04  0.107369E+04  0.355476E-05
  0.712000E+01  0.107379E+04  0.107380E+04  0.355976E-05
  0.713000E+01  0.107390E+04  0.107390E+04  0.356476E-05
  0.714000E+01  0.107401E+04  0.107401E+04  0.356976E-05
  0.715000E+01  0.107411E+04  0.107412E+04  0.357476E-05
  0.716000E+01  0.107422E+04  0.107423E+04  0.357975E-05
  0.717000E+01  0.107433E+04  0.107433E+04  0.358475E-05
  0.718000E+01  0.107444E+04  0.107444E+04  0.358975E-05
  0.719000E+01  0.107454E+04  0.107455E+04  0.359475E-05
  0.720000E+01  0.107465E+04  0.107466E+04  0.359975E-05
  0.721000E+01  0.107476E+04  0.107476E+04  0.360475E-05
  0.722000E+01  0.107487E+04  0.107487E+04  0.360975E-05
  0.723000E+01  0.107497E+04  0.107498E+04  0.361475E-05
  0.724000E+01  0.107508E+04  0.107509E+04  0.361975E-05
  0.725000E+01  0.107519E+04  0.107519E+04  0.362475E-05
  0.726000E+01  0.107530E+04  0.107530E+04  0.362975E-05
  0.727000E+01  0.107540E+04  0.107541E+04  0.363475E-05
  0.728000E+01  0.107551E+04  0.107552E+04  0.363975E-05
  0.729000E+01  0.107562E+04  0.107562E+04  0.364475E-05
  0.730000E+01  0.107573E+04  0.107573E+04  0.364975E-05
  0.731000E+01  0.107583E+04  0.107584E+04  0.365475E-05
  0.732000E+01  0.107594E+04  0.107595E+04  0.365975E-05
  0.733000E+01  0.107605E+04  0.107605E+04  0.366475E-05
  0.734000E+01  0.107616E+04  0.107616E+04  0.366975E-05
  0.735000E+01  0.107626E+04  0.107627E+04  0.367475E-05
  0.736000E+01  0.107637E+04  0.107638E+04  0.367975E-05
  0.737000E+01  0.107648E+04  0.107648E+04  0.368475E-05
  0.738000E+01  0.107659E+04  0.107659E+04  0.368975E-05
  0.739000E+01  0.107670E+04  0.107670E+04  0.369475E-05
  0.740000E+01  0.107680E+04  0.107681E+04  0.369975E-05
  0.741000E+01  0.107691E+04  0.107691E+04  0.370475E-05
  0.742000E+01  0.107702E+04  0.107702E+04  0.370975E-05
  0.743000E+01  0.107713E+04  0.107713E+04  0.371475E-05
  0.744000E+01  0.107723E+04  0.107724E+04  0.371974E-05
  0.745000E+01  0.107734E+04  0.107735E+04  0.372474E-05
  0.746000E+01  0.107745E+04  0.107745E+04  0.372974E-05
  0.747000E+01  0.107756E+04  0.107756E+04  0.373474E-05
  0.748000E+01  0.107766E+04  0.107767E+04  0.373974E-05
  0.749000E+01  0.107777E+04  0.107778E+04  0.374474E-05
  0.750000E+01  0.107788E+04  0.107788E+04  0.374974E-05
  0.751000E+01  0.107799E+04  0.107799E+04  0.375474E-05
  0.752000E+01  0.107810E+04  0.107810E+04  0.375974E-05
  0.753000E+01  0.107820E+04  0.107821E+04  0.376474E-05
  0.754000E+01  0.107831E+04  0.107832E+04  0.376974E-05
  0.755000E+01  0.107842E+04  0.107842E+04  0.377474E-05
  0.756000E+01  0.107853E+04  0.107853E+04  0.377974E-05
  0.757000E+01  0.107863E+04  0.107864E+04  0.378474E-05
  0.758000E+01  0.107874E+04  0.107875E+04  0.378974E-05
  0.759000E+01  0.107885E+04  0.107885E+04  0.379474E-05
  0.760000E+01  0.107896E+04  0.107896E+04  0.379974E-05
  0.761000E+01  0.107907E+04  0.107907E+04  0.380474E-05
  0.762000E+01  0.107917E+04  0.107918E+04  0.380974E-05
  0.763000E+01  0.107928E+04  0.107929E+04  0.381474E-05
  0.764000E+01  0.107939E+04  0.107939E+04  0.381974E-05
  0.765000E+01  0.107950E+04  0.107950E+04  0.382474E-05
  0.766000E+01  0.107961E+04  0.107961E+04  0.382974E-05
  0.767000E+01  0.107971E+04  0.107972E+04  0.383474E-05
  0.768000E+01  0.107982E+04  0.107983E+04  0.383974E-05
  0.769000E+01  0.107993E+04  0.107993E+04  0.384474E-05
  0.770000E+01  0.108004E+04  0.108004E+04  0.384974E-05
  0.771000E+01  0.108015E+04  0.108015E+04  0.385474E-05
  0.772000E+01  0.108025E+04  0.108026E+04  0.385974E-05
  0.773000E+01  0.108036E+04  0.108037E+04  0.386473E-05
  0.774000E+01  0.108047E+04  0.108047E+04  0.386973E-05
  0.775000E+01  0.108058E+04  0.108058E+04  0.387473E-05
  0.776000E+01  0.108069E+04  0.108069E+04  0.387973E-05
  0.777000E+01  0.108079E+04  0.108080E+04  0.388473E-05
  0.778000E+01  0.108090E+04  0.108091E+04  0.388973E-05
  0.779000E+01  0.108101E+04  0.108101E+04  0.389473E-05
  0.780000E+01  0.108112E+04  0.108112E+04  0.389973E-05
  0.781000E+01  0.108123E+04  0.108123E+04  0.390473E-05
  0.782000E+01  0.108133E+04  0.108134E+04  0.390973E-05
  0.783000E+01  0.108144E+04  0.108145E+04  0.391473E-05
  0.784000E+01  0.108155E+04  0.108156E+04  0.391973E-05
  0.785000E+01  0.108166E+04  0.108166E+04  0.392473E-05
  0.786000E+01  0.108177E+04  0.108177E+04  0.392973E-05
  0.787000E+01  0.108188E+04  0.108188E+04  0.393473E-05
  0.788000E+01  0.108198E+04  0.108199E+04  0.393973E-05
  0.789000E+01  0.108209E+04  0.108210E+04  0.394473E-05
  0.790000E+01  0.108220E+04  0.108220E+04  0.394973E-05
  0.791000E+01  0.108231E+04  0.108231E+04  0.395473E-05
  0.792000E+01  0.108242E+04  0.108242E+04  0.395973E-05
  0.793000E+01  0.108252E+04  0.108253E+04  0.396473E-05
  0.794000E+01  0.108263E+04  0.108264E+04  0.396973E-05
  0.795000E+01  0.108274E+04  0.108275E+04  0.397473E-05
  0.796000E+01  0.108285E+04  0.108285E+04  0.397973E-05
  0.797000E+01  0.108296E+04  0.108296E+04  0.398473E-05
  0.798000E+01  0.108307E+04  0.108307E+04  0.398973E-05
  0.799000E+01  0.108317E+04  0.108318E+04  0.399473E-05
  0.800000E+01  0.108328E+04  0.108329E+04  0.399973E-05
  0.801000E+01  0.108339E+04  0.108340E+04  0.400472E-05
  0.802000E+01  0.108350E+04  0.108350E+04  0.400972E-05
  0.803000E+01  0.108361E+04  0.108361E+04  0.401472E-05
  0.804000E+01  0.108372E+04  0.108372E+04  0.401972E-05
  0.805000E+01  0.108382E+04  0.108383E+04  0.402472E-05
  0.806000E+01  0.108393E+04  0.108394E+04  0.402972E-05
  0.807000E+01  0.108404E+04  0.108405E+04  0.403472E-05
  0.808000E+01  0.108415E+04  0.108415E+04  0.403972E-05
  0.809000E+01  0.108426E+04  0.108426E+04  0.404472E-05
  0.810000E+01  0.108437E+04  0.108437E+04  0.404972E-05
  0.811000E+01  0.108447E+04  0.108448E+04  0.405472E-05
  0.812000E+01  0.108458E+04  0.108459E+04  0.405972E-05
  0.813000E+01  0.108469E+04  0.108470E+04  0.406472E-05
  0.814000E+01  0.108480E+04  0.108480E+04  0.406972E-05
  0.815000E+01  0.108491E+04  0.108491E+04  0.407472E-05
  0.816000E+01  0.108502E+04  0.108502E+04  0.407972E-05
  0.817000E+01  0.108513E+04  0.108513E+04  0.408472E-05
  0.818000E+01  0.108523E+04  0.108524E+04  0.408972E-05
  0.819000E+01  0.108534E+04  0.108535E+04  0.409472E-05
  0.820000E+01  0.108545E+04  0.108546E+04  0.409972E-05
  0.821000E+01  0.108556E+04  0.108556E+04  0.410472E-05
  0.822000E+01  0.108567E+04  0.108567E+04  0.410972E-05
  0.823000E+01  0.108578E+04  0.108578E+04  0.411472E-05
  0.824000E+01  0.108589E+04  0.108589E+04  0.411972E-05
  0.825000E+01  0.108599E+04  0.108600E+04  0.412472E-05
  0.826000E+01  0.108610E+04  0.108611E+04  0.412972E-05
  0.827000E+01  0.108621E+04  0.108622E+04  0.413472E-05
  0.828000E+01  0.108632E+04  0.108632E+04  0.413972E-05
  0.829000E+01  0.108643E+04  0.108643E+04  0.414471E-05
  0.830000E+01  0.108654E+04  0.108654E+04  0.414971E-05
  0.831000E+01  0.108665E+04  0.108665E+04  0.415471E-05
  0.832000E+01  0.108675E+04  0.108676E+04  0.415971E-05
  0.833000E+01  0.108686E+04  0.108687E+04  0.416471E-05
  0.834000E+01  0.108697E+04  0.108698E+04  0.416971E-05
  0.835000E+01  0.108708E+04  0.108709E+04  0.417471E-05
  0.836000E+01  0.108719E+04  0.108719E+04  0.417971E-05
  0.837000E+01  0.108730E+04  0.108730E+04  0.418471E-05
  0.838000E+01  0.108741E+04  0.108741E+04  0.418971E-05
  0.839000E+01  0.108752E+04  0.108752E+04  0.419471E-05
  0.840000E+01  0.108762E+04  0.108763E+04  0.419971E-05
  0.841000E+01  0.108773E+04  0.108774E+04  0.420471E-05
  0.842000E+01  0.108784E+04  0.108785E+04  0.420971E-05
  0.843000E+01  0.108795E+04  0.108796E+04  0.421471E-05
  0.844000E+01  0.108806E+04  0.108806E+04  0.421971E-05
  0.845000E+01  0.108817E+04  0.108817E+04  0.422471E-05
  0.846000E+01  0.108828E+04  0.108828E+04  0.422971E-05
  0.847000E+01  0.108839E+04  0.108839E+04  0.423471E-05
  0.848000E+01  0.108849E+04  0.108850E+04  0.423971E-05
  0.849000E+01  0.108860E+04  0.108861E+04  0.424471E-05
  0.850000E+01  0.108871E+04  0.108872E+04  0.424971E-05
  0.851000E+01  0.108882E+04  0.108883E+04  0.425471E-05
  0.852000E+01  0.108893E+04  0.108893E+04  0.425971E-05
  0.853000E+01  0.108904E+04  0.108904E+04  0.426471E-05
  0.854000E+01  0.108915E+04  0.108915E+04  0.426971E-05
  0.855000E+01  0.108926E+04  0.108926E+04  0.427471E-05
  0.856000E+01  0.108937E+04  0.108937E+04  0.427971E-05
  0.857000E+01  0.108947E+04  0.108948E+04  0.428470E-05
  0.858000E+01  0.108958E+04  0.108959E+04  0.428970E-05
  0.859000E+01  0.108969E+04  0.108970E+04  0.429470E-05
  0.860000E+01  0.108980E+04  0.108981E+04  0.429970E-05
  0.861000E+01  0.108991E+04  0.108992E+04  0.430470E-05
  0.862000E+01  0.109002E+04  0.109002E+04  0.430970E-05
  0.863000E+01  0.109013E+04  0.109013E+04  0.431470E-05
  0.864000E+01  0.109024E+04  0.109024E+04  0.431970E-05
  0.865000E+01  0.109035E+04  0.109035E+04  0.432470E-05
  0.866000E+01  0.109046E+04  0.109046E+04  0.432970E-05
  0.867000E+01  0.109056E+04  0.109057E+04  0.433470E-05
  0.868000E+01  0.109067E+04  0.109068E+04  0.433970E-05
  0.869000E+01  0.109078E+04  0.109079E+04  0.434470E-05
  0.870000E+01  0.109089E+04  0.109090E+04  0.434970E-05
  0.871000E+01  0.109100E+04  0.109101E+04  0.435470E-05
  0.872000E+01  0.109111E+04  0.109111E+04  0.435970E-05
  0.873000E+01  0.109122E+04  0.109122E+04  0.436470E-05
  0.874000E+01  0.109133E+04  0.109133E+04  0.436970E-05
  0.875000E+01  0.109144E+04  0.109144E+04  0.437470E-05
  0.876000E+01  0.109155E+04  0.109155E+04  0.437970E-05
  0.877000E+01  0.109166E+04  0.109166E+04  0.438470E-05
  0.878000E+01  0.109176E+04  0.109177E+04  0.438970E-05
  0.879000E+01  0.109187E+04  0.109188E+04  0.439470E-05
  0.880000E+01  0.109198E+04  0.109199E+04  0.439970E-05
  0.881000E+01  0.109209E+04  0.109210E+04  0.440470E-05
  0.882000E+01  0.109220E+04  0.109221E+04  0.440970E-05
  0.883000E+01  0.109231E+04  0.109232E+04  0.441470E-05
  0.884000E+01  0.109242E+04  0.109243E+04  0.441970E-05
  0.885000E+01  0.109253E+04  0.109253E+04  0.442470E-05
  0.886000E+01  0.109264E+04  0.109264E+04  0.442969E-05
  0.887000E+01  0.109275E+04  0.109275E+04  0.443469E-05
  0.888000E+01  0.109286E+04  0.109286E+04  0.443969E-05
  0.889000E+01  0.109297E+04  0.109297E+04  0.444469E-05
  0.890000E+01  0.109308E+04  0.109308E+04  0.444969E-05
  0.891000E+01  0.109319E+04  0.109319E+04  0.445469E-05
  0.892000E+01  0.109329E+04  0.109330E+04  0.445969E-05
  0.893000E+01  0.109340E+04  0.109341E+04  0.446469E-05
  0.894000E+01  0.109351E+04  0.109352E+04  0.446969E-05
  0.895000E+01  0.109362E+04  0.109363E+04  0.447469E-05
  0.896000E+01  0.109373E+04  0.109374E+04  0.447969E-05
  0.897000E+01  0.109384E+04  0.109385E+04  0.448469E-05
  0.898000E+01  0.109395E+04  0.109396E+04  0.448969E-05
  0.899000E+01  0.109406E+04  0.109406E+04  0.449469E-05
  0.900000E+01  0.109417E+04  0.109417E+04  0.449969E-05
  0.901000E+01  0.109428E+04  0.109428E+04  0.450469E-05
  0.902000E+01  0.109439E+04  0.109439E+04  0.450969E-05
  0.903000E+01  0.109450E+04  0.109450E+04  0.451469E-05
  0.904000E+01  0.109461E+04  0.109461E+04  0.451969E-05
  0.905000E+01  0.109472E+04  0.109472E+04  0.452469E-05
  0.906000E+01  0.109483E+04  0.109483E+04  0.452969E-05
  0.907000E+01  0.109494E+04  0.109494E+04  0.453469E-05
  0.908000E+01  0.109504E+04  0.109505E+04  0.453969E-05
  0.909000E+01  0.109515E+04  0.109516E+04  0.454469E-05
  0.910000E+01  0.109526E+04  0.109527E+04  0.454969E-05
  0.911000E+01  0.109537E+04  0.109538E+04  0.455469E-05
  0.912000E+01  0.109548E+04  0.109549E+04  0.455969E-05
  0.913000E+01  0.109559E+04  0.109560E+04  0.456469E-05
  0.914000E+01  0.109570E+04  0.109571E+04  0.456968E-05
  0.915000E+01  0.109581E+04  0.109582E+04  0.457468E-05
  0.916000E+01  0.109592E+04  0.109593E+04  0.457968E-05
  0.917000E+01  0.109603E+04  0.109604E+04  0.458468E-05
  0.918000E+01  0.109614E+04  0.109615E+04  0.458968E-05
  0.919000E+01  0.109625E+04  0.109626E+04  0.459468E-05
  0.920000E+01  0.109636E+04  0.109636E+04  0.459968E-05
  0.921000E+01  0.109647E+04  0.109647E+04  0.460468E-05
  0.922000E+01  0.109658E+04  0.109658E+04  0.460968E-05
  0.923000E+01  0.109669E+04  0.109669E+04  0.461468E-05
  0.924000E+01  0.109680E+04  0.109680E+04  0.461968E-05
  0.925000E+01  0.109691E+04  0.109691E+04  0.462468E-05
  0.926000E+01  0.109702E+04  0.109702E+04  0.462968E-05
  0.927000E+01  0.109713E+04  0.109713E+04  0.463468E-05
  0.928000E+01  0.109724E+04  0.109724E+04  0.463968E-05
  0.929000E+01  0.109735E+04  0.109735E+04  0.464468E-05
  0.930000E+01  0.109746E+04  0.109746E+04  0.464968E-05
  0.931000E+01  0.109757E+04  0.109757E+04  0.465468E-05
  0.932000E+01  0.109768E+04  0.109768E+04  0.465968E-05
  0.933000E+01  0.109779E+04  0.109779E+04  0.466468E-05
  0.934000E+01  0.109790E+04  0.109790E+04  0.466968E-05
  0.935000E+01  0.109801E+04  0.109801E+04  0.467468E-05
  0.936000E+01  0.109812E+04  0.109812E+04  0.467968E-05
  0.937000E+01  0.109823E+04  0.109823E+04  0.468468E-05
  0.938000E+01  0.109833E+04  0.109834E+04  0.468968E-05
  0.939000E+01  0.109844E+04  0.109845E+04  0.469468E-05
  0.940000E+01  0.109855E+04  0.109856E+04  0.469968E-05
  0.941000E+01  0.109866E+04  0.109867E+04  0.470468E-05
  0.942000E+01  0.109877E+04  0.109878E+04  0.470967E-05
  0.943000E+01  0.109888E+04  0.109889E+04  0.471467E-05
  0.944000E+01  0.109899E+04  0.109900E+04  0.471967E-05
  0.945000E+01  0.109910E+04  0.109911E+04  0.472467E-05
  0.946000E+01  0.109921E+04  0.109922E+04  0.472967E-05
  0.947000E+01  0.109932E+04  0.109933E+04  0.473467E-05
  0.948000E+01  0.109943E+04  0.109944E+04  0.473967E-05
  0.949000E+01  0.109954E+04  0.109955E+04  0.474467E-05
  0.950000E+01  0.109965E+04  0.109966E+04  0.474967E-05
  0.951000E+01  0.109976E+04  0.109977E+04  0.475467E-05
  0.952000E+01  0.109987E+04  0.109988E+04  0.475967E-05
  0.953000E+01  0.109998E+04  0.109999E+04  0.476467E-05
  0.954000E+01  0.110009E+04  0.110010E+04  0.476967E-05
  0.955000E+01  0.110020E+04  0.110021E+04  0.477467E-05
  0.956000E+01  0.110031E+04  0.110032E+04  0.477967E-05
  0.957000E+01  0.110042E+04  0.110043E+04  0.478467E-05
  0.958000E+01  0.110053E+04  0.110054E+04  0.478967E-05
  0.959000E+01  0.110064E+04  0.110065E+04  0.479467E-05
  0.960000E+01  0.110075E+04  0.110076E+04  0.479967E-05
  0.961000E+01  0.110086E+04  0.110087E+04  0.480467E-05
  0.962000E+01  0.110097E+04  0.110098E+04  0.480967E-05
  0.963000E+01  0.110108E+04  0.110109E+04  0.481467E-05
  0.964000E+01  0.110119E+04  0.110120E+04  0.481967E-05
  0.965000E+01  0.110130E+04  0.110131E+04  0.482467E-05
  0.966000E+01  0.110141E+04  0.110142E+04  0.482967E-05
  0.967000E+01  0.110152E+04  0.110153E+04  0.483467E-05
  0.968000E+01  0.110163E+04  0.110164E+04  0.483967E-05
  0.969000E+01  0.110174E+04  0.110175E+04  0.484467E-05
  0.970000E+01  0.110186E+04  0.110186E+04  0.484966E-05
  0.971000E+01  0.110197E+04  0.110197E+04  0.485466E-05
  0.972000E+01  0.110208E+04  0.110208E+04  0.485966E-05
  0.973000E+01  0.110219E+04  0.110219E+04  0.486466E-05
  0.974000E+01  0.110230E+04  0.110230E+04  0.486966E-05
  0.975000E+01  0.110241E+04  0.110241E+04  0.487466E-05
  0.976000E+01  0.110252E+04  0.110252E+04  0.487966E-05
  0.977000E+01  0.110263E+04  0.110263E+04  0.488466E-05
  0.978000E+01  0.110274E+04  0.110274E+04  0.488966E-05
  0.979000E+01  0.110285E+04  0.110285E+04  0.489466E-05
  0.980000E+01  0.110296E+04  0.110296E+04  0.489966E-05
  0.981000E+01  0.110307E+04  0.110307E+04  0.490466E-05
  0.982000E+01  0.110318E+04  0.110318E+04  0.490966E-05
  0.983000E+01  0.110329E+04  0.110329E+04  0.491466E-05
  0.984000E+01  0.110340E+04  0.110340E+04  0.491966E-05
  0.985000E+01  0.110351E+04  0.110351E+04  0.492466E-05
  0.986000E+01  0.110362E+04  0.110362E+04  0.492966E-05
  0.987000E+01  0.110373E+04  0.110374E+04  0.493466E-05
  0.988000E+01  0.110384E+04  0.110385E+04  0.493966E-05
  0.989000E+01  0.110395E+04  0.110396E+04  0.494466E-05
  0.990000E+01  0.110406E+04  0.110407E+04  0.494966E-05
  0.991000E+01  0.110417E+04  0.110418E+04  0.495466E-05
  0.992000E+01  0.110428E+04  0.110429E+04  0.495966E-05
  0.993000E+01  0.110439E+04  0.110440E+04  0.496466E-05
  0.994000E+01  0.110450E+04  0.110451E+04  0.496966E-05
  0.995000E+01  0.110461E+04  0.110462E+04  0.497466E-05
  0.996000E+01  0.110472E+04  0.110473E+04  0.497966E-05
  0.997000E+01  0.110483E+04  0.110484E+04  0.498466E-05
  0.998000E+01  0.110494E+04  0.110495E+04  0.498965E-05
  0.999000E+01  0.110505E+04  0.110506E+04  0.499465E-05
