 #     x               legendre p( 4 ,x)
  -.998999             0.815388690
  -.997999             0.820266264
  -.996999             0.819794439
  -.995999             0.817079660
  -.994999             0.813136773
  -.993999             0.808422235
  -.992999             0.803181069
  -.991999             0.797560332
  -.990999             0.791655365
  -.989999             0.785531586
  -.988999             0.779235880
  -.987999             0.772803025
  -.986999             0.766259551
  -.985999             0.759626170
  -.984999             0.752919372
  -.983999             0.746152503
  -.982999             0.739336521
  -.981999             0.732480540
  -.980999             0.725592218
  -.979999             0.718678059
  -.978999             0.711743628
  -.977999             0.704793730
  -.976999             0.697832538
  -.975999             0.690863703
  -.974999             0.683890434
  -.973999             0.676915569
  -.972999             0.669941628
  -.971999             0.662970859
  -.970999             0.656005277
  -.969999             0.649046692
  -.968999             0.642096737
  -.967999             0.635156891
  -.966999             0.628228495
  -.965999             0.621312769
  -.964999             0.614410827
  -.963999             0.607523687
  -.962999             0.600652283
  -.961999             0.593797472
  -.960999             0.586960040
  -.959999             0.580140715
  -.958999             0.573340166
  -.957999             0.566559014
  -.956999             0.559797831
  -.955999             0.553057149
  -.954999             0.546337460
  -.953999             0.539639224
  -.952999             0.532962865
  -.951999             0.526308780
  -.950999             0.519677337
  -.949999             0.513068880
  -.948999             0.506483730
  -.947999             0.499922186
  -.946999             0.493384528
  -.945999             0.486871015
  -.944999             0.480381892
  -.943999             0.473917385
  -.942999             0.467477709
  -.941999             0.461063062
  -.940999             0.454673629
  -.939999             0.448309584
  -.938999             0.441971089
  -.937999             0.435658297
  -.936999             0.429371349
  -.935999             0.423110376
  -.934999             0.416875503
  -.933999             0.410666844
  -.932999             0.404484506
  -.931999             0.398328589
  -.930999             0.392199185
  -.929999             0.386096381
  -.928999             0.380020256
  -.927999             0.373970885
  -.926999             0.367948334
  -.925999             0.361952668
  -.924999             0.355983943
  -.923999             0.350042214
  -.922999             0.344127528
  -.921999             0.338239929
  -.920999             0.332379458
  -.919999             0.326546150
  -.918999             0.320740037
  -.917999             0.314961149
  -.916999             0.309209511
  -.915999             0.303485144
  -.914999             0.297788067
  -.913999             0.292118297
  -.912999             0.286475847
  -.911999             0.280860726
  -.910999             0.275272944
  -.909999             0.269712504
  -.908999             0.264179410
  -.907999             0.258673663
  -.906999             0.253195261
  -.905999             0.247744200
  -.904999             0.242320476
  -.903999             0.236924079
  -.902999             0.231555001
  -.901999             0.226213230
  -.900999             0.220898754
  -.899999             0.215611558
  -.898999             0.210351625
  -.897999             0.205118938
  -.896999             0.199913478
  -.895999             0.194735224
  -.894999             0.189584155
  -.893999             0.184460246
  -.892999             0.179363473
  -.891999             0.174293811
  -.890999             0.169251233
  -.889999             0.164235710
  -.888999             0.159247214
  -.887999             0.154285714
  -.886999             0.149351178
  -.885999             0.144443575
  -.884999             0.139562872
  -.883999             0.134709034
  -.882999             0.129882026
  -.881999             0.125081813
  -.880999             0.120308357
  -.879999             0.115561622
  -.878999             0.110841568
  -.877999             0.106148158
  -.876999             0.101481351
  -.875999             0.096841107
  -.874999             0.092227384
  -.873999             0.087640141
  -.872999             0.083079336
  -.871999             0.078544925
  -.870999             0.074036864
  -.869999             0.069555111
  -.868999             0.065099619
  -.867999             0.060670343
  -.866999             0.056267238
  -.865999             0.051890257
  -.864999             0.047539353
  -.863999             0.043214479
  -.862999             0.038915588
  -.861999             0.034642630
  -.860999             0.030395557
  -.859999             0.026174320
  -.858999             0.021978870
  -.857999             0.017809156
  -.856999             0.013665128
  -.855999             0.009546736
  -.854999             0.005453928
  -.853999             0.001386653
  -.852999            -0.002655141
  -.851999            -0.006671505
  -.850999            -0.010662494
  -.849999            -0.014628158
  -.848999            -0.018568552
  -.847999            -0.022483728
  -.846999            -0.026373740
  -.845999            -0.030238643
  -.844999            -0.034078490
  -.843999            -0.037893335
  -.842999            -0.041683235
  -.841999            -0.045448242
  -.840999            -0.049188414
  -.839999            -0.052903804
  -.838999            -0.056594470
  -.837999            -0.060260466
  -.836999            -0.063901849
  -.835999            -0.067518675
  -.834999            -0.071111001
  -.833999            -0.074678883
  -.832999            -0.078222378
  -.831999            -0.081741544
  -.830999            -0.085236437
  -.829999            -0.088707116
  -.828999            -0.092153637
  -.827999            -0.095576058
  -.826999            -0.098974438
  -.825999            -0.102348834
  -.824999            -0.105699305
  -.823999            -0.109025909
  -.822999            -0.112328704
  -.821999            -0.115607750
  -.820999            -0.118863105
  -.819999            -0.122094828
  -.818999            -0.125302977
  -.817999            -0.128487613
  -.816999            -0.131648794
  -.815999            -0.134786580
  -.814999            -0.137901030
  -.813999            -0.140992204
  -.812999            -0.144060162
  -.811999            -0.147104963
  -.810999            -0.150126667
  -.809999            -0.153125335
  -.808999            -0.156101026
  -.807999            -0.159053800
  -.806999            -0.161983718
  -.805999            -0.164890840
  -.804999            -0.167775227
  -.803999            -0.170636939
  -.802999            -0.173476036
  -.801999            -0.176292579
  -.800999            -0.179086629
  -.799999            -0.181858246
  -.798999            -0.184607492
  -.797999            -0.187334427
  -.796999            -0.190039112
  -.795999            -0.192721609
  -.794999            -0.195381977
  -.793999            -0.198020279
  -.792999            -0.200636575
  -.791999            -0.203230926
  -.790999            -0.205803395
  -.789999            -0.208354041
  -.788999            -0.210882927
  -.787999            -0.213390113
  -.786999            -0.215875661
  -.785999            -0.218339632
  -.784999            -0.220782089
  -.783999            -0.223203091
  -.782999            -0.225602702
  -.781999            -0.227980981
  -.780999            -0.230337992
  -.779999            -0.232673795
  -.778999            -0.234988452
  -.777999            -0.237282024
  -.776999            -0.239554574
  -.775999            -0.241806162
  -.774999            -0.244036851
  -.773999            -0.246246703
  -.772999            -0.248435778
  -.771999            -0.250604138
  -.770999            -0.252751846
  -.769999            -0.254878963
  -.768999            -0.256985551
  -.767999            -0.259071671
  -.766999            -0.261137385
  -.765999            -0.263182755
  -.764999            -0.265207843
  -.763999            -0.267212710
  -.762999            -0.269197418
  -.761999            -0.271162029
  -.760999            -0.273106604
  -.759999            -0.275031206
  -.758999            -0.276935895
  -.757999            -0.278820735
  -.756999            -0.280685786
  -.755999            -0.282531110
  -.754999            -0.284356768
  -.753999            -0.286162823
  -.752999            -0.287949337
  -.751999            -0.289716370
  -.750999            -0.291463984
  -.749999            -0.293192242
  -.748999            -0.294901204
  -.747999            -0.296590932
  -.746999            -0.298261488
  -.745999            -0.299912934
  -.744999            -0.301545331
  -.743999            -0.303158740
  -.742999            -0.304753223
  -.741999            -0.306328841
  -.740999            -0.307885656
  -.739999            -0.309423730
  -.738999            -0.310943123
  -.737999            -0.312443898
  -.736999            -0.313926114
  -.735999            -0.315389835
  -.734999            -0.316835121
  -.733999            -0.318262033
  -.732999            -0.319670633
  -.731999            -0.321060982
  -.730999            -0.322433141
  -.729999            -0.323787171
  -.728999            -0.325123133
  -.727999            -0.326441089
  -.726999            -0.327741099
  -.725999            -0.329023225
  -.724999            -0.330287528
  -.723999            -0.331534068
  -.722999            -0.332762906
  -.721999            -0.333974104
  -.720999            -0.335167722
  -.719999            -0.336343821
  -.718999            -0.337502462
  -.717999            -0.338643706
  -.716999            -0.339767613
  -.715999            -0.340874244
  -.714999            -0.341963659
  -.713999            -0.343035920
  -.712999            -0.344091086
  -.711999            -0.345129219
  -.710999            -0.346150379
  -.709999            -0.347154625
  -.708999            -0.348142019
  -.707999            -0.349112622
  -.706999            -0.350066492
  -.705999            -0.351003691
  -.704999            -0.351924278
  -.703999            -0.352828315
  -.702999            -0.353715860
  -.701999            -0.354586975
  -.700999            -0.355441718
  -.699999            -0.356280151
  -.698999            -0.357102333
  -.697999            -0.357908323
  -.696999            -0.358698183
  -.695999            -0.359471971
  -.694999            -0.360229747
  -.693999            -0.360971571
  -.692999            -0.361697503
  -.691999            -0.362407602
  -.690999            -0.363101928
  -.689999            -0.363780540
  -.688999            -0.364443498
  -.687999            -0.365090862
  -.686999            -0.365722689
  -.685999            -0.366339041
  -.684999            -0.366939975
  -.683999            -0.367525552
  -.682999            -0.368095830
  -.681999            -0.368650868
  -.680999            -0.369190726
  -.679999            -0.369715463
  -.678999            -0.370225137
  -.677999            -0.370719807
  -.676999            -0.371199532
  -.675999            -0.371664370
  -.674999            -0.372114382
  -.673999            -0.372549624
  -.672999            -0.372970156
  -.671999            -0.373376037
  -.670999            -0.373767324
  -.669999            -0.374144076
  -.668999            -0.374506352
  -.667999            -0.374854209
  -.666999            -0.375187707
  -.665999            -0.375506903
  -.664999            -0.375811855
  -.663999            -0.376102622
  -.662999            -0.376379261
  -.661999            -0.376641830
  -.660999            -0.376890388
  -.659999            -0.377124992
  -.658999            -0.377345699
  -.657999            -0.377552568
  -.656999            -0.377745657
  -.655999            -0.377925022
  -.654999            -0.378090722
  -.653999            -0.378242813
  -.652999            -0.378381354
  -.651999            -0.378506401
  -.650999            -0.378618012
  -.649999            -0.378716244
  -.648999            -0.378801154
  -.647999            -0.378872800
  -.646999            -0.378931238
  -.645999            -0.378976525
  -.644999            -0.379008718
  -.643999            -0.379027874
  -.642999            -0.379034051
  -.641999            -0.379027303
  -.640999            -0.379007689
  -.639999            -0.378975265
  -.638999            -0.378930086
  -.637999            -0.378872211
  -.636999            -0.378801694
  -.635999            -0.378718593
  -.634999            -0.378622964
  -.633999            -0.378514862
  -.632999            -0.378394345
  -.631999            -0.378261467
  -.630999            -0.378116286
  -.629999            -0.377958856
  -.628999            -0.377789235
  -.627999            -0.377607477
  -.626999            -0.377413638
  -.625999            -0.377207774
  -.624999            -0.376989941
  -.623999            -0.376760194
  -.622999            -0.376518588
  -.621999            -0.376265179
  -.620999            -0.376000023
  -.619999            -0.375723174
  -.618999            -0.375434688
  -.617999            -0.375134619
  -.616999            -0.374823023
  -.615999            -0.374499956
  -.614999            -0.374165471
  -.613999            -0.373819623
  -.612999            -0.373462468
  -.611999            -0.373094060
  -.610999            -0.372714453
  -.609999            -0.372323703
  -.608999            -0.371921863
  -.607999            -0.371508989
  -.606999            -0.371085133
  -.605999            -0.370650352
  -.604999            -0.370204699
  -.603999            -0.369748227
  -.602999            -0.369280992
  -.601999            -0.368803047
  -.600999            -0.368314446
  -.599999            -0.367815243
  -.598999            -0.367305492
  -.597999            -0.366785246
  -.596999            -0.366254559
  -.595999            -0.365713485
  -.594999            -0.365162077
  -.593999            -0.364600388
  -.592999            -0.364028472
  -.591999            -0.363446383
  -.590999            -0.362854172
  -.589999            -0.362251895
  -.588999            -0.361639602
  -.587999            -0.361017349
  -.586999            -0.360385186
  -.585999            -0.359743168
  -.584999            -0.359091347
  -.583999            -0.358429776
  -.582999            -0.357758507
  -.581999            -0.357077593
  -.580999            -0.356387087
  -.579999            -0.355687040
  -.578999            -0.354977505
  -.577999            -0.354258535
  -.576999            -0.353530181
  -.575999            -0.352792496
  -.574999            -0.352045532
  -.573999            -0.351289340
  -.572999            -0.350523972
  -.571999            -0.349749481
  -.570999            -0.348965918
  -.569999            -0.348173335
  -.568999            -0.347371783
  -.567999            -0.346561313
  -.566999            -0.345741978
  -.565999            -0.344913829
  -.564999            -0.344076916
  -.563999            -0.343231291
  -.562999            -0.342377006
  -.561999            -0.341514110
  -.560999            -0.340642656
  -.559999            -0.339762694
  -.558999            -0.338874275
  -.557999            -0.337977449
  -.556999            -0.337072268
  -.555999            -0.336158782
  -.554999            -0.335237041
  -.553999            -0.334307096
  -.552999            -0.333368997
  -.551999            -0.332422795
  -.550999            -0.331468539
  -.549999            -0.330506281
  -.548999            -0.329536069
  -.547999            -0.328557955
  -.546999            -0.327571987
  -.545999            -0.326578216
  -.544999            -0.325576691
  -.543999            -0.324567462
  -.542999            -0.323550579
  -.541999            -0.322526091
  -.540999            -0.321494048
  -.539999            -0.320454499
  -.538999            -0.319407493
  -.537999            -0.318353080
  -.536999            -0.317291308
  -.535999            -0.316222227
  -.534999            -0.315145885
  -.533999            -0.314062332
  -.532999            -0.312971617
  -.531999            -0.311873787
  -.530999            -0.310768892
  -.529999            -0.309656981
  -.528999            -0.308538101
  -.527999            -0.307412302
  -.526999            -0.306279631
  -.525999            -0.305140137
  -.524999            -0.303993868
  -.523999            -0.302840873
  -.522999            -0.301681198
  -.521999            -0.300514893
  -.520999            -0.299342004
  -.519999            -0.298162581
  -.518999            -0.296976670
  -.517999            -0.295784319
  -.516999            -0.294585576
  -.515999            -0.293380488
  -.514999            -0.292169102
  -.513999            -0.290951467
  -.512999            -0.289727628
  -.511999            -0.288497634
  -.510999            -0.287261531
  -.509999            -0.286019367
  -.508999            -0.284771188
  -.507999            -0.283517040
  -.506999            -0.282256972
  -.505999            -0.280991029
  -.504999            -0.279719259
  -.503999            -0.278441707
  -.502999            -0.277158420
  -.501999            -0.275869444
  -.500999            -0.274574827
  -.499999            -0.273274613
  -.498999            -0.271968849
  -.497999            -0.270657581
  -.496999            -0.269340855
  -.495999            -0.268018717
  -.494999            -0.266691213
  -.493999            -0.265358388
  -.492999            -0.264020288
  -.491999            -0.262676958
  -.490999            -0.261328445
  -.489999            -0.259974792
  -.488999            -0.258616047
  -.487999            -0.257252253
  -.486999            -0.255883457
  -.485999            -0.254509702
  -.484999            -0.253131035
  -.483999            -0.251747500
  -.482999            -0.250359141
  -.481999            -0.248966004
  -.480999            -0.247568133
  -.479999            -0.246165573
  -.478999            -0.244758368
  -.477999            -0.243346562
  -.476999            -0.241930201
  -.475999            -0.240509328
  -.474999            -0.239083987
  -.473999            -0.237654222
  -.472999            -0.236220078
  -.471999            -0.234781599
  -.470999            -0.233338827
  -.469999            -0.231891808
  -.468999            -0.230440584
  -.467999            -0.228985199
  -.466999            -0.227525697
  -.465999            -0.226062121
  -.464999            -0.224594514
  -.463999            -0.223122920
  -.462999            -0.221647382
  -.461999            -0.220167943
  -.460999            -0.218684646
  -.459999            -0.217197533
  -.458999            -0.215706649
  -.457999            -0.214212035
  -.456999            -0.212713734
  -.455999            -0.211211788
  -.454999            -0.209706241
  -.453999            -0.208197135
  -.452999            -0.206684512
  -.451999            -0.205168414
  -.450999            -0.203648883
  -.449999            -0.202125962
  -.448999            -0.200599693
  -.447999            -0.199070117
  -.446999            -0.197537276
  -.445999            -0.196001212
  -.444999            -0.194461967
  -.443999            -0.192919583
  -.442999            -0.191374100
  -.441999            -0.189825561
  -.440999            -0.188274006
  -.439999            -0.186719478
  -.438999            -0.185162016
  -.437999            -0.183601663
  -.436999            -0.182038458
  -.435999            -0.180472444
  -.434999            -0.178903661
  -.433999            -0.177332149
  -.432999            -0.175757950
  -.431999            -0.174181103
  -.430999            -0.172601650
  -.429999            -0.171019631
  -.428999            -0.169435087
  -.427999            -0.167848056
  -.426999            -0.166258581
  -.425999            -0.164666700
  -.424999            -0.163072453
  -.423999            -0.161475882
  -.422999            -0.159877025
  -.421999            -0.158275922
  -.420999            -0.156672613
  -.419999            -0.155067137
  -.418999            -0.153459534
  -.417999            -0.151849844
  -.416999            -0.150238105
  -.415999            -0.148624357
  -.414999            -0.147008639
  -.413999            -0.145390991
  -.412999            -0.143771450
  -.411999            -0.142150057
  -.410999            -0.140526849
  -.409999            -0.138901866
  -.408999            -0.137275146
  -.407999            -0.135646728
  -.406999            -0.134016650
  -.405999            -0.132384951
  -.404999            -0.130751668
  -.403999            -0.129116841
  -.402999            -0.127480507
  -.401999            -0.125842704
  -.400999            -0.124203471
  -.399999            -0.122562845
  -.398999            -0.120920864
  -.397999            -0.119277566
  -.396999            -0.117632987
  -.395999            -0.115987167
  -.394999            -0.114340142
  -.393999            -0.112691950
  -.392999            -0.111042628
  -.391999            -0.109392212
  -.390999            -0.107740742
  -.389999            -0.106088252
  -.388999            -0.104434781
  -.387999            -0.102780364
  -.386999            -0.101125040
  -.385999            -0.099468844
  -.384999            -0.097811813
  -.383999            -0.096153984
  -.382999            -0.094495393
  -.381999            -0.092836076
  -.380999            -0.091176070
  -.379999            -0.089515411
  -.378999            -0.087854135
  -.377999            -0.086192277
  -.376999            -0.084529875
  -.375999            -0.082866963
  -.374999            -0.081203578
  -.373999            -0.079539754
  -.372999            -0.077875528
  -.371999            -0.076210936
  -.370999            -0.074546011
  -.369999            -0.072880791
  -.368999            -0.071215309
  -.367999            -0.069549602
  -.366999            -0.067883704
  -.365999            -0.066217650
  -.364999            -0.064551475
  -.363999            -0.062885214
  -.362999            -0.061218901
  -.361999            -0.059552572
  -.360999            -0.057886260
  -.359999            -0.056220000
  -.358999            -0.054553827
  -.357999            -0.052887775
  -.356999            -0.051221877
  -.355999            -0.049556169
  -.354999            -0.047890683
  -.353999            -0.046225455
  -.352999            -0.044560517
  -.351999            -0.042895904
  -.350999            -0.041231649
  -.349999            -0.039567786
  -.348999            -0.037904348
  -.347999            -0.036241369
  -.346999            -0.034578882
  -.345999            -0.032916920
  -.344999            -0.031255517
  -.343999            -0.029594705
  -.342999            -0.027934517
  -.341999            -0.026274987
  -.340999            -0.024616147
  -.339999            -0.022958030
  -.338999            -0.021300668
  -.337999            -0.019644094
  -.336999            -0.017988340
  -.335999            -0.016333439
  -.334999            -0.014679423
  -.333999            -0.013026325
  -.332999            -0.011374176
  -.331999            -0.009723008
  -.330999            -0.008072853
  -.329999            -0.006423743
  -.328999            -0.004775711
  -.327999            -0.003128786
  -.326999            -0.001483002
  -.325999             0.000161610
  -.324999             0.001805020
  -.323999             0.003447195
  -.322999             0.005088105
  -.321999             0.006727718
  -.320999             0.008366004
  -.319999             0.010002930
  -.318999             0.011638468
  -.317999             0.013272585
  -.316999             0.014905251
  -.315999             0.016536435
  -.314999             0.018166107
  -.313999             0.019794237
  -.312999             0.021420794
  -.311999             0.023045747
  -.310999             0.024669067
  -.309999             0.026290724
  -.308999             0.027910687
  -.307999             0.029528927
  -.306999             0.031145414
  -.305999             0.032760117
  -.304999             0.034373009
  -.303999             0.035984058
  -.302999             0.037593235
  -.301999             0.039200512
  -.300999             0.040805858
  -.299999             0.042409245
  -.298999             0.044010643
  -.297999             0.045610024
  -.296999             0.047207358
  -.295999             0.048802616
  -.294999             0.050395771
  -.293999             0.051986793
  -.292999             0.053575653
  -.291999             0.055162323
  -.290999             0.056746775
  -.289999             0.058328980
  -.288999             0.059908910
  -.287999             0.061486538
  -.286999             0.063061834
  -.285999             0.064634771
  -.284999             0.066205321
  -.283999             0.067773456
  -.282999             0.069339149
  -.281999             0.070902372
  -.280999             0.072463097
  -.279999             0.074021297
  -.278999             0.075576945
  -.277999             0.077130013
  -.276999             0.078680474
  -.275999             0.080228301
  -.274999             0.081773468
  -.273999             0.083315946
  -.272999             0.084855710
  -.271999             0.086392733
  -.270999             0.087926987
  -.269999             0.089458447
  -.268999             0.090987086
  -.267999             0.092512877
  -.266999             0.094035795
  -.265999             0.095555813
  -.264999             0.097072905
  -.263999             0.098587044
  -.262999             0.100098206
  -.261999             0.101606364
  -.260999             0.103111493
  -.259999             0.104613566
  -.258999             0.106112558
  -.257999             0.107608445
  -.256999             0.109101199
  -.255999             0.110590797
  -.254999             0.112077212
  -.253999             0.113560420
  -.252999             0.115040395
  -.251999             0.116517113
  -.250999             0.117990549
  -.249999             0.119460678
  -.248999             0.120927476
  -.247999             0.122390917
  -.246999             0.123850977
  -.245999             0.125307632
  -.244999             0.126760858
  -.243999             0.128210630
  -.242999             0.129656923
  -.241999             0.131099715
  -.240999             0.132538981
  -.239999             0.133974698
  -.238999             0.135406840
  -.237999             0.136835386
  -.236999             0.138260310
  -.235999             0.139681590
  -.234999             0.141099202
  -.233999             0.142513123
  -.232999             0.143923329
  -.231999             0.145329798
  -.230999             0.146732506
  -.229999             0.148131430
  -.228999             0.149526547
  -.227999             0.150917836
  -.226999             0.152305272
  -.225999             0.153688833
  -.224999             0.155068497
  -.223999             0.156444241
  -.222999             0.157816043
  -.221999             0.159183880
  -.220999             0.160547732
  -.219999             0.161907574
  -.218999             0.163263386
  -.217999             0.164615145
  -.216999             0.165962829
  -.215999             0.167306418
  -.214999             0.168645889
  -.213999             0.169981220
  -.212999             0.171312391
  -.211999             0.172639380
  -.210999             0.173962165
  -.209999             0.175280725
  -.208999             0.176595040
  -.207999             0.177905088
  -.206999             0.179210848
  -.205999             0.180512300
  -.204999             0.181809422
  -.203999             0.183102195
  -.202999             0.184390597
  -.201999             0.185674608
  -.200999             0.186954208
  -.199999             0.188229376
  -.198999             0.189500092
  -.197999             0.190766337
  -.196999             0.192028089
  -.195999             0.193285330
  -.194999             0.194538039
  -.193999             0.195786196
  -.192999             0.197029782
  -.191999             0.198268778
  -.190999             0.199503163
  -.189999             0.200732918
  -.188999             0.201958025
  -.187999             0.203178464
  -.186999             0.204394215
  -.185999             0.205605260
  -.184999             0.206811580
  -.183999             0.208013156
  -.182999             0.209209969
  -.181999             0.210402001
  -.180999             0.211589233
  -.179999             0.212771646
  -.178999             0.213949222
  -.177999             0.215121943
  -.176999             0.216289790
  -.175999             0.217452746
  -.174999             0.218610792
  -.173999             0.219763911
  -.172999             0.220912084
  -.171999             0.222055294
  -.170999             0.223193523
  -.169999             0.224326754
  -.168999             0.225454969
  -.167999             0.226578150
  -.166999             0.227696281
  -.165999             0.228809344
  -.164999             0.229917322
  -.163999             0.231020198
  -.162999             0.232117955
  -.161999             0.233210576
  -.160999             0.234298044
  -.159999             0.235380344
  -.158999             0.236457457
  -.157999             0.237529368
  -.156999             0.238596060
  -.155999             0.239657518
  -.154999             0.240713723
  -.153999             0.241764662
  -.152999             0.242810317
  -.151999             0.243850673
  -.150999             0.244885713
  -.149999             0.245915422
  -.148999             0.246939785
  -.147999             0.247958785
  -.146999             0.248972408
  -.145999             0.249980637
  -.144999             0.250983458
  -.143999             0.251980855
  -.142999             0.252972813
  -.141999             0.253959318
  -.140999             0.254940353
  -.139999             0.255915905
  -.138999             0.256885958
  -.137999             0.257850499
  -.136999             0.258809511
  -.135999             0.259762981
  -.134999             0.260710895
  -.133999             0.261653238
  -.132999             0.262589996
  -.131999             0.263521154
  -.130999             0.264446699
  -.129999             0.265366617
  -.128999             0.266280893
  -.127999             0.267189515
  -.126999             0.268092469
  -.125999             0.268989740
  -.124999             0.269881315
  -.123999             0.270767182
  -.122999             0.271647326
  -.121999             0.272521735
  -.120999             0.273390395
  -.119999             0.274253293
  -.118999             0.275110417
  -.117999             0.275961754
  -.116999             0.276807290
  -.115999             0.277647013
  -.114999             0.278480911
  -.113999             0.279308971
  -.112999             0.280131180
  -.111999             0.280947527
  -.110999             0.281757999
  -.109999             0.282562584
  -.108999             0.283361271
  -.107999             0.284154046
  -.106999             0.284940898
  -.105999             0.285721816
  -.104999             0.286496788
  -.103999             0.287265802
  -.102999             0.288028847
  -.101999             0.288785911
  -.100999             0.289536984
  -.099999             0.290282053
  -.098999             0.291021108
  -.097999             0.291754138
  -.096999             0.292481132
  -.095999             0.293202079
  -.094999             0.293916968
  -.093999             0.294625789
  -.092999             0.295328531
  -.091999             0.296025183
  -.090999             0.296715736
  -.089999             0.297400179
  -.088999             0.298078501
  -.087999             0.298750693
  -.086999             0.299416745
  -.085999             0.300076647
  -.084999             0.300730389
  -.083999             0.301377961
  -.082999             0.302019353
  -.081999             0.302654556
  -.080999             0.303283561
  -.079999             0.303906359
  -.078999             0.304522939
  -.077999             0.305133293
  -.076999             0.305737411
  -.075999             0.306335286
  -.074999             0.306926907
  -.073999             0.307512266
  -.072999             0.308091354
  -.071999             0.308664163
  -.070999             0.309230684
  -.069999             0.309790909
  -.068999             0.310344829
  -.067999             0.310892436
  -.066999             0.311433722
  -.065999             0.311968679
  -.064999             0.312497298
  -.063999             0.313019573
  -.062999             0.313535494
  -.061999             0.314045056
  -.060999             0.314548249
  -.059999             0.315045066
  -.058999             0.315535500
  -.057999             0.316019544
  -.056999             0.316497190
  -.055999             0.316968431
  -.054999             0.317433260
  -.053999             0.317891671
  -.052999             0.318343656
  -.051999             0.318789208
  -.050999             0.319228321
  -.049999             0.319660988
  -.048999             0.320087203
  -.047999             0.320506960
  -.046999             0.320920251
  -.045999             0.321327071
  -.044999             0.321727414
  -.043999             0.322121273
  -.042999             0.322508643
  -.041999             0.322889518
  -.040999             0.323263892
  -.039999             0.323631759
  -.038999             0.323993114
  -.037999             0.324347951
  -.036999             0.324696265
  -.035999             0.325038051
  -.034999             0.325373303
  -.033999             0.325702016
  -.032999             0.326024186
  -.031999             0.326339807
  -.030999             0.326648875
  -.029999             0.326951384
  -.028999             0.327247331
  -.027999             0.327536710
  -.026999             0.327819517
  -.025999             0.328095748
  -.024999             0.328365398
  -.023999             0.328628464
  -.022999             0.328884940
  -.021999             0.329134824
  -.020999             0.329378111
  -.019999             0.329614798
  -.018999             0.329844880
  -.017999             0.330068355
  -.016999             0.330285218
  -.015999             0.330495466
  -.014999             0.330699096
  -.013999             0.330896105
  -.012999             0.331086489
  -.011999             0.331270245
  -.010999             0.331447370
  -.009999             0.331617862
  -.008999             0.331781718
  -.007999             0.331938934
  -.006999             0.332089509
  -.005999             0.332233440
  -.004999             0.332370724
  -.003999             0.332501359
  -.002999             0.332625343
  -.001999             0.332742674
  -.000999             0.332853349
  0.000001             0.332957368
  0.001001             0.333054727
  0.002001             0.333145425
  0.003001             0.333229460
  0.004001             0.333306832
  0.005001             0.333377537
  0.006001             0.333441576
  0.007001             0.333498946
  0.008001             0.333549647
  0.009001             0.333593677
  0.010001             0.333631036
  0.011001             0.333661722
  0.012001             0.333685734
  0.013001             0.333703073
  0.014001             0.333713736
  0.015001             0.333717724
  0.016001             0.333715036
  0.017001             0.333705673
  0.018001             0.333689632
  0.019001             0.333666915
  0.020001             0.333637521
  0.021001             0.333601451
  0.022001             0.333558704
  0.023001             0.333509280
  0.024001             0.333453180
  0.025001             0.333390405
  0.026001             0.333320954
  0.027001             0.333244829
  0.028001             0.333162029
  0.029001             0.333072557
  0.030001             0.332976412
  0.031001             0.332873595
  0.032001             0.332764108
  0.033001             0.332647951
  0.034001             0.332525127
  0.035001             0.332395635
  0.036001             0.332259479
  0.037001             0.332116658
  0.038001             0.331967175
  0.039001             0.331811032
  0.040001             0.331648230
  0.041001             0.331478771
  0.042001             0.331302657
  0.043001             0.331119890
  0.044001             0.330930472
  0.045001             0.330734406
  0.046001             0.330531694
  0.047001             0.330322338
  0.048001             0.330106341
  0.049001             0.329883706
  0.050001             0.329654435
  0.051001             0.329418531
  0.052001             0.329175997
  0.053001             0.328926836
  0.054001             0.328671051
  0.055001             0.328408646
  0.056001             0.328139623
  0.057001             0.327863986
  0.058001             0.327581738
  0.059001             0.327292884
  0.060001             0.326997426
  0.061001             0.326695369
  0.062001             0.326386715
  0.063001             0.326071471
  0.064001             0.325749638
  0.065001             0.325421222
  0.066001             0.325086226
  0.067001             0.324744656
  0.068001             0.324396515
  0.069001             0.324041808
  0.070001             0.323680539
  0.071001             0.323312714
  0.072001             0.322938336
  0.073001             0.322557412
  0.074001             0.322169945
  0.075001             0.321775942
  0.076001             0.321375407
  0.077001             0.320968345
  0.078001             0.320554761
  0.079001             0.320134662
  0.080001             0.319708053
  0.081001             0.319274940
  0.082001             0.318835327
  0.083001             0.318389221
  0.084001             0.317936629
  0.085001             0.317477555
  0.086001             0.317012007
  0.087001             0.316539989
  0.088001             0.316061510
  0.089001             0.315576574
  0.090001             0.315085189
  0.091001             0.314587361
  0.092001             0.314083097
  0.093001             0.313572403
  0.094001             0.313055286
  0.095001             0.312531755
  0.096001             0.312001814
  0.097001             0.311465472
  0.098001             0.310922736
  0.099001             0.310373613
  0.100001             0.309818111
  0.101001             0.309256237
  0.102001             0.308687999
  0.103001             0.308113404
  0.104001             0.307532461
  0.105001             0.306945177
  0.106001             0.306351561
  0.107001             0.305751619
  0.108001             0.305145362
  0.109001             0.304532796
  0.110001             0.303913930
  0.111001             0.303288773
  0.112001             0.302657334
  0.113001             0.302019621
  0.114001             0.301375642
  0.115001             0.300725407
  0.116001             0.300068925
  0.117001             0.299406204
  0.118001             0.298737254
  0.119001             0.298062084
  0.120001             0.297380703
  0.121001             0.296693122
  0.122001             0.295999348
  0.123001             0.295299393
  0.124001             0.294593265
  0.125001             0.293880975
  0.126001             0.293162532
  0.127001             0.292437947
  0.128001             0.291707229
  0.129001             0.290970389
  0.130001             0.290227437
  0.131001             0.289478383
  0.132001             0.288723238
  0.133001             0.287962013
  0.134001             0.287194717
  0.135001             0.286421363
  0.136001             0.285641960
  0.137001             0.284856520
  0.138001             0.284065054
  0.139001             0.283267572
  0.140001             0.282464087
  0.141001             0.281654609
  0.142001             0.280839150
  0.143001             0.280017721
  0.144001             0.279190334
  0.145001             0.278357002
  0.146001             0.277517734
  0.147001             0.276672544
  0.148001             0.275821444
  0.149001             0.274964445
  0.150001             0.274101560
  0.151001             0.273232801
  0.152001             0.272358181
  0.153001             0.271477711
  0.154001             0.270591405
  0.155001             0.269699275
  0.156001             0.268801335
  0.157001             0.267897595
  0.158001             0.266988071
  0.159001             0.266072775
  0.160001             0.265151719
  0.161001             0.264224918
  0.162001             0.263292384
  0.163001             0.262354131
  0.164001             0.261410173
  0.165001             0.260460523
  0.166001             0.259505195
  0.167001             0.258544202
  0.168001             0.257577559
  0.169001             0.256605280
  0.170001             0.255627379
  0.171001             0.254643869
  0.172001             0.253654766
  0.173001             0.252660083
  0.174001             0.251659836
  0.175001             0.250654038
  0.176001             0.249642704
  0.177001             0.248625850
  0.178001             0.247603490
  0.179001             0.246575639
  0.180001             0.245542312
  0.181001             0.244503524
  0.182001             0.243459290
  0.183001             0.242409627
  0.184001             0.241354549
  0.185001             0.240294071
  0.186001             0.239228211
  0.187001             0.238156982
  0.188001             0.237080402
  0.189001             0.235998485
  0.190001             0.234911249
  0.191001             0.233818708
  0.192001             0.232720880
  0.193001             0.231617781
  0.194001             0.230509427
  0.195001             0.229395834
  0.196001             0.228277020
  0.197001             0.227153000
  0.198001             0.226023793
  0.199001             0.224889413
  0.200001             0.223749880
  0.201001             0.222605209
  0.202001             0.221455418
  0.203001             0.220300524
  0.204001             0.219140545
  0.205001             0.217975497
  0.206001             0.216805399
  0.207001             0.215630268
  0.208001             0.214450123
  0.209001             0.213264980
  0.210001             0.212074858
  0.211001             0.210879774
  0.212001             0.209679748
  0.213001             0.208474797
  0.214001             0.207264939
  0.215001             0.206050194
  0.216001             0.204830579
  0.217001             0.203606113
  0.218001             0.202376815
  0.219001             0.201142703
  0.220001             0.199903798
  0.221001             0.198660116
  0.222001             0.197411679
  0.223001             0.196158505
  0.224001             0.194900612
  0.225001             0.193638022
  0.226001             0.192370753
  0.227001             0.191098824
  0.228001             0.189822256
  0.229001             0.188541068
  0.230001             0.187255280
  0.231001             0.185964912
  0.232001             0.184669985
  0.233001             0.183370518
  0.234001             0.182066531
  0.235001             0.180758046
  0.236001             0.179445082
  0.237001             0.178127659
  0.238001             0.176805800
  0.239001             0.175479524
  0.240001             0.174148853
  0.241001             0.172813807
  0.242001             0.171474407
  0.243001             0.170130674
  0.244001             0.168782630
  0.245001             0.167430297
  0.246001             0.166073694
  0.247001             0.164712845
  0.248001             0.163347771
  0.249001             0.161978492
  0.250001             0.160605032
  0.251001             0.159227413
  0.252001             0.157845655
  0.253001             0.156459782
  0.254001             0.155069815
  0.255001             0.153675777
  0.256001             0.152277690
  0.257001             0.150875577
  0.258001             0.149469460
  0.259001             0.148059362
  0.260001             0.146645306
  0.261001             0.145227315
  0.262001             0.143805412
  0.263001             0.142379619
  0.264001             0.140949960
  0.265001             0.139516459
  0.266001             0.138079138
  0.267001             0.136638022
  0.268001             0.135193133
  0.269001             0.133744496
  0.270001             0.132292134
  0.271001             0.130836071
  0.272001             0.129376331
  0.273001             0.127912939
  0.274001             0.126445917
  0.275001             0.124975291
  0.276001             0.123501085
  0.277001             0.122023324
  0.278001             0.120542031
  0.279001             0.119057232
  0.280001             0.117568951
  0.281001             0.116077214
  0.282001             0.114582045
  0.283001             0.113083469
  0.284001             0.111581511
  0.285001             0.110076197
  0.286001             0.108567551
  0.287001             0.107055600
  0.288001             0.105540369
  0.289001             0.104021884
  0.290001             0.102500170
  0.291001             0.100975253
  0.292001             0.099447159
  0.293001             0.097915914
  0.294001             0.096381544
  0.295001             0.094844076
  0.296001             0.093303535
  0.297001             0.091759949
  0.298001             0.090213343
  0.299001             0.088663745
  0.300001             0.087111180
  0.301001             0.085555677
  0.302001             0.083997261
  0.303001             0.082435960
  0.304001             0.080871801
  0.305001             0.079304810
  0.306001             0.077735017
  0.307001             0.076162447
  0.308001             0.074587128
  0.309001             0.073009088
  0.310001             0.071428355
  0.311001             0.069844956
  0.312001             0.068258919
  0.313001             0.066670273
  0.314001             0.065079045
  0.315001             0.063485264
  0.316001             0.061888957
  0.317001             0.060290154
  0.318001             0.058688883
  0.319001             0.057085172
  0.320001             0.055479049
  0.321001             0.053870545
  0.322001             0.052259687
  0.323001             0.050646505
  0.324001             0.049031028
  0.325001             0.047413285
  0.326001             0.045793305
  0.327001             0.044171117
  0.328001             0.042546752
  0.329001             0.040920238
  0.330001             0.039291606
  0.331001             0.037660884
  0.332001             0.036028104
  0.333001             0.034393294
  0.334001             0.032756486
  0.335001             0.031117709
  0.336001             0.029476993
  0.337001             0.027834369
  0.338001             0.026189868
  0.339001             0.024543519
  0.340001             0.022895354
  0.341001             0.021245403
  0.342001             0.019593697
  0.343001             0.017940267
  0.344001             0.016285145
  0.345001             0.014628361
  0.346001             0.012969946
  0.347001             0.011309933
  0.348001             0.009648352
  0.349001             0.007985235
  0.350001             0.006320614
  0.351001             0.004654520
  0.352001             0.002986986
  0.353001             0.001318043
  0.354001            -0.000352277
  0.355001            -0.002023942
  0.356001            -0.003696918
  0.357001            -0.005371175
  0.358001            -0.007046679
  0.359001            -0.008723397
  0.360001            -0.010401298
  0.361001            -0.012080349
  0.362001            -0.013760516
  0.363001            -0.015441766
  0.364001            -0.017124068
  0.365001            -0.018807386
  0.366001            -0.020491689
  0.367001            -0.022176943
  0.368001            -0.023863113
  0.369001            -0.025550168
  0.370001            -0.027238073
  0.371001            -0.028926794
  0.372001            -0.030616298
  0.373001            -0.032306550
  0.374001            -0.033997516
  0.375001            -0.035689163
  0.376001            -0.037381456
  0.377001            -0.039074361
  0.378001            -0.040767843
  0.379001            -0.042461867
  0.380001            -0.044156400
  0.381001            -0.045851405
  0.382001            -0.047546849
  0.383001            -0.049242697
  0.384001            -0.050938913
  0.385001            -0.052635462
  0.386001            -0.054332309
  0.387001            -0.056029418
  0.388001            -0.057726755
  0.389001            -0.059424283
  0.390001            -0.061121967
  0.391001            -0.062819771
  0.392001            -0.064517659
  0.393001            -0.066215595
  0.394001            -0.067913544
  0.395001            -0.069611468
  0.396001            -0.071309332
  0.397001            -0.073007100
  0.398001            -0.074704734
  0.399001            -0.076402199
  0.400001            -0.078099457
  0.401001            -0.079796472
  0.402001            -0.081493207
  0.403001            -0.083189625
  0.404001            -0.084885689
  0.405001            -0.086581361
  0.406001            -0.088276605
  0.407001            -0.089971383
  0.408001            -0.091665657
  0.409001            -0.093359390
  0.410001            -0.095052545
  0.411001            -0.096745083
  0.412001            -0.098436966
  0.413001            -0.100128157
  0.414001            -0.101818618
  0.415001            -0.103508310
  0.416001            -0.105197194
  0.417001            -0.106885233
  0.418001            -0.108572389
  0.419001            -0.110258621
  0.420001            -0.111943893
  0.421001            -0.113628164
  0.422001            -0.115311397
  0.423001            -0.116993551
  0.424001            -0.118674588
  0.425001            -0.120354469
  0.426001            -0.122033154
  0.427001            -0.123710604
  0.428001            -0.125386780
  0.429001            -0.127061641
  0.430001            -0.128735149
  0.431001            -0.130407262
  0.432001            -0.132077942
  0.433001            -0.133747148
  0.434001            -0.135414840
  0.435001            -0.137080978
  0.436001            -0.138745521
  0.437001            -0.140408430
  0.438001            -0.142069663
  0.439001            -0.143729180
  0.440001            -0.145386940
  0.441001            -0.147042902
  0.442001            -0.148697026
  0.443001            -0.150349270
  0.444001            -0.151999593
  0.445001            -0.153647953
  0.446001            -0.155294311
  0.447001            -0.156938623
  0.448001            -0.158580848
  0.449001            -0.160220945
  0.450001            -0.161858872
  0.451001            -0.163494588
  0.452001            -0.165128049
  0.453001            -0.166759214
  0.454001            -0.168388041
  0.455001            -0.170014487
  0.456001            -0.171638511
  0.457001            -0.173260069
  0.458001            -0.174879119
  0.459001            -0.176495618
  0.460001            -0.178109524
  0.461001            -0.179720793
  0.462001            -0.181329383
  0.463001            -0.182935250
  0.464001            -0.184538351
  0.465001            -0.186138643
  0.466001            -0.187736082
  0.467001            -0.189330625
  0.468001            -0.190922229
  0.469001            -0.192510848
  0.470001            -0.194096441
  0.471001            -0.195678961
  0.472001            -0.197258367
  0.473001            -0.198834613
  0.474001            -0.200407655
  0.475001            -0.201977449
  0.476001            -0.203543950
  0.477001            -0.205107113
  0.478001            -0.206666895
  0.479001            -0.208223250
  0.480001            -0.209776133
  0.481001            -0.211325500
  0.482001            -0.212871304
  0.483001            -0.214413502
  0.484001            -0.215952047
  0.485001            -0.217486895
  0.486001            -0.219018000
  0.487001            -0.220545315
  0.488001            -0.222068796
  0.489001            -0.223588396
  0.490001            -0.225104070
  0.491001            -0.226615772
  0.492001            -0.228123455
  0.493001            -0.229627073
  0.494001            -0.231126580
  0.495001            -0.232621929
  0.496001            -0.234113074
  0.497001            -0.235599968
  0.498001            -0.237082564
  0.499001            -0.238560816
  0.500001            -0.240034676
  0.501001            -0.241504097
  0.502001            -0.242969032
  0.503001            -0.244429434
  0.504001            -0.245885256
  0.505001            -0.247336449
  0.506001            -0.248782966
  0.507001            -0.250224760
  0.508001            -0.251661782
  0.509001            -0.253093985
  0.510001            -0.254521320
  0.511001            -0.255943740
  0.512001            -0.257361196
  0.513001            -0.258773640
  0.514001            -0.260181023
  0.515001            -0.261583296
  0.516001            -0.262980412
  0.517001            -0.264372321
  0.518001            -0.265758974
  0.519001            -0.267140322
  0.520001            -0.268516317
  0.521001            -0.269886908
  0.522001            -0.271252047
  0.523001            -0.272611684
  0.524001            -0.273965770
  0.525001            -0.275314254
  0.526001            -0.276657088
  0.527001            -0.277994221
  0.528001            -0.279325603
  0.529001            -0.280651185
  0.530001            -0.281970915
  0.531001            -0.283284744
  0.532001            -0.284592621
  0.533001            -0.285894496
  0.534001            -0.287190319
  0.535001            -0.288480037
  0.536001            -0.289763602
  0.537001            -0.291040960
  0.538001            -0.292312063
  0.539001            -0.293576857
  0.540001            -0.294835293
  0.541001            -0.296087318
  0.542001            -0.297332882
  0.543001            -0.298571932
  0.544001            -0.299804417
  0.545001            -0.301030286
  0.546001            -0.302249485
  0.547001            -0.303461963
  0.548001            -0.304667669
  0.549001            -0.305866549
  0.550001            -0.307058551
  0.551001            -0.308243623
  0.552001            -0.309421713
  0.553001            -0.310592767
  0.554001            -0.311756733
  0.555001            -0.312913558
  0.556001            -0.314063188
  0.557001            -0.315205571
  0.558001            -0.316340654
  0.559001            -0.317468383
  0.560001            -0.318588704
  0.561001            -0.319701564
  0.562001            -0.320806910
  0.563001            -0.321904687
  0.564001            -0.322994842
  0.565001            -0.324077321
  0.566001            -0.325152069
  0.567001            -0.326219033
  0.568001            -0.327278157
  0.569001            -0.328329388
  0.570001            -0.329372671
  0.571001            -0.330407951
  0.572001            -0.331435173
  0.573001            -0.332454283
  0.574001            -0.333465225
  0.575001            -0.334467945
  0.576001            -0.335462387
  0.577001            -0.336448496
  0.578001            -0.337426216
  0.579001            -0.338395492
  0.580001            -0.339356268
  0.581001            -0.340308488
  0.582001            -0.341252096
  0.583001            -0.342187037
  0.584001            -0.343113254
  0.585001            -0.344030691
  0.586001            -0.344939292
  0.587001            -0.345838999
  0.588001            -0.346729757
  0.589001            -0.347611509
  0.590001            -0.348484198
  0.591001            -0.349347767
  0.592001            -0.350202159
  0.593001            -0.351047316
  0.594001            -0.351883183
  0.595001            -0.352709700
  0.596001            -0.353526811
  0.597001            -0.354334459
  0.598001            -0.355132584
  0.599001            -0.355921130
  0.600001            -0.356700039
  0.601001            -0.357469252
  0.602001            -0.358228712
  0.603001            -0.358978359
  0.604001            -0.359718136
  0.605001            -0.360447984
  0.606001            -0.361167845
  0.607001            -0.361877659
  0.608001            -0.362577368
  0.609001            -0.363266912
  0.610001            -0.363946234
  0.611001            -0.364615272
  0.612001            -0.365273969
  0.613001            -0.365922265
  0.614001            -0.366560099
  0.615001            -0.367187413
  0.616001            -0.367804146
  0.617001            -0.368410239
  0.618001            -0.369005632
  0.619001            -0.369590264
  0.620001            -0.370164075
  0.621001            -0.370727004
  0.622001            -0.371278992
  0.623001            -0.371819978
  0.624001            -0.372349900
  0.625001            -0.372868699
  0.626001            -0.373376312
  0.627001            -0.373872679
  0.628001            -0.374357739
  0.629001            -0.374831430
  0.630001            -0.375293691
  0.631001            -0.375744461
  0.632001            -0.376183677
  0.633001            -0.376611277
  0.634001            -0.377027200
  0.635001            -0.377431385
  0.636001            -0.377823767
  0.637001            -0.378204286
  0.638001            -0.378572879
  0.639001            -0.378929483
  0.640001            -0.379274035
  0.641001            -0.379606474
  0.642001            -0.379926735
  0.643001            -0.380234756
  0.644001            -0.380530474
  0.645001            -0.380813825
  0.646001            -0.381084747
  0.647001            -0.381343174
  0.648001            -0.381589045
  0.649001            -0.381822295
  0.650001            -0.382042860
  0.651001            -0.382250677
  0.652001            -0.382445680
  0.653001            -0.382627807
  0.654001            -0.382796991
  0.655001            -0.382953170
  0.656001            -0.383096278
  0.657001            -0.383226251
  0.658001            -0.383343023
  0.659001            -0.383446530
  0.660001            -0.383536706
  0.661001            -0.383613487
  0.662001            -0.383676806
  0.663001            -0.383726599
  0.664001            -0.383762800
  0.665001            -0.383785342
  0.666001            -0.383794161
  0.667001            -0.383789190
  0.668001            -0.383770363
  0.669001            -0.383737613
  0.670001            -0.383690874
  0.671001            -0.383630081
  0.672001            -0.383555165
  0.673001            -0.383466061
  0.674001            -0.383362700
  0.675001            -0.383245018
  0.676001            -0.383112945
  0.677001            -0.382966415
  0.678001            -0.382805360
  0.679001            -0.382629714
  0.680001            -0.382439407
  0.681001            -0.382234373
  0.682001            -0.382014542
  0.683001            -0.381779849
  0.684001            -0.381530223
  0.685001            -0.381265596
  0.686001            -0.380985901
  0.687001            -0.380691068
  0.688001            -0.380381030
  0.689001            -0.380055715
  0.690001            -0.379715057
  0.691001            -0.379358985
  0.692001            -0.378987431
  0.693001            -0.378600325
  0.694001            -0.378197597
  0.695001            -0.377779177
  0.696001            -0.377344997
  0.697001            -0.376894985
  0.698001            -0.376429072
  0.699001            -0.375947187
  0.700001            -0.375449260
  0.701001            -0.374935221
  0.702001            -0.374404999
  0.703001            -0.373858522
  0.704001            -0.373295721
  0.705001            -0.372716524
  0.706001            -0.372120859
  0.707001            -0.371508656
  0.708001            -0.370879843
  0.709001            -0.370234347
  0.710001            -0.369572099
  0.711001            -0.368893024
  0.712001            -0.368197052
  0.713001            -0.367484110
  0.714001            -0.366754126
  0.715001            -0.366007027
  0.716001            -0.365242741
  0.717001            -0.364461194
  0.718001            -0.363662315
  0.719001            -0.362846028
  0.720001            -0.362012263
  0.721001            -0.361160944
  0.722001            -0.360291998
  0.723001            -0.359405353
  0.724001            -0.358500933
  0.725001            -0.357578665
  0.726001            -0.356638475
  0.727001            -0.355680289
  0.728001            -0.354704031
  0.729001            -0.353709628
  0.730001            -0.352697004
  0.731001            -0.351666085
  0.732001            -0.350616796
  0.733001            -0.349549061
  0.734001            -0.348462805
  0.735001            -0.347357952
  0.736001            -0.346234428
  0.737001            -0.345092155
  0.738001            -0.343931058
  0.739001            -0.342751060
  0.740001            -0.341552086
  0.741001            -0.340334059
  0.742001            -0.339096902
  0.743001            -0.337840539
  0.744001            -0.336564892
  0.745001            -0.335269884
  0.746001            -0.333955438
  0.747001            -0.332621476
  0.748001            -0.331267922
  0.749001            -0.329894696
  0.750001            -0.328501721
  0.751001            -0.327088919
  0.752001            -0.325656212
  0.753001            -0.324203520
  0.754001            -0.322730766
  0.755001            -0.321237870
  0.756001            -0.319724754
  0.757001            -0.318191338
  0.758001            -0.316637544
  0.759001            -0.315063290
  0.760001            -0.313468498
  0.761001            -0.311853088
  0.762001            -0.310216980
  0.763001            -0.308560093
  0.764001            -0.306882347
  0.765001            -0.305183661
  0.766001            -0.303463955
  0.767001            -0.301723147
  0.768001            -0.299961157
  0.769001            -0.298177903
  0.770001            -0.296373303
  0.771001            -0.294547276
  0.772001            -0.292699739
  0.773001            -0.290830611
  0.774001            -0.288939809
  0.775001            -0.287027251
  0.776001            -0.285092854
  0.777001            -0.283136536
  0.778001            -0.281158212
  0.779001            -0.279157799
  0.780001            -0.277135215
  0.781001            -0.275090375
  0.782001            -0.273023195
  0.783001            -0.270933592
  0.784001            -0.268821480
  0.785001            -0.266686776
  0.786001            -0.264529394
  0.787001            -0.262349250
  0.788001            -0.260146258
  0.789001            -0.257920333
  0.790001            -0.255671390
  0.791001            -0.253399341
  0.792001            -0.251104102
  0.793001            -0.248785586
  0.794001            -0.246443706
  0.795001            -0.244078376
  0.796001            -0.241689508
  0.797001            -0.239277016
  0.798001            -0.236840812
  0.799001            -0.234380807
  0.800001            -0.231896915
  0.801001            -0.229389047
  0.802001            -0.226857114
  0.803001            -0.224301029
  0.804001            -0.221720701
  0.805001            -0.219116041
  0.806001            -0.216486961
  0.807001            -0.213833370
  0.808001            -0.211155179
  0.809001            -0.208452298
  0.810001            -0.205724634
  0.811001            -0.202972099
  0.812001            -0.200194601
  0.813001            -0.197392049
  0.814001            -0.194564350
  0.815001            -0.191711414
  0.816001            -0.188833148
  0.817001            -0.185929459
  0.818001            -0.183000255
  0.819001            -0.180045442
  0.820001            -0.177064928
  0.821001            -0.174058619
  0.822001            -0.171026421
  0.823001            -0.167968239
  0.824001            -0.164883979
  0.825001            -0.161773546
  0.826001            -0.158636845
  0.827001            -0.155473781
  0.828001            -0.152284257
  0.829001            -0.149068177
  0.830001            -0.145825444
  0.831001            -0.142555963
  0.832001            -0.139259635
  0.833001            -0.135936363
  0.834001            -0.132586049
  0.835001            -0.129208595
  0.836001            -0.125803901
  0.837001            -0.122371870
  0.838001            -0.118912401
  0.839001            -0.115425394
  0.840001            -0.111910750
  0.841001            -0.108368368
  0.842001            -0.104798146
  0.843001            -0.101199983
  0.844001            -0.097573778
  0.845001            -0.093919428
  0.846001            -0.090236830
  0.847001            -0.086525881
  0.848001            -0.082786477
  0.849001            -0.079018515
  0.850001            -0.075221890
  0.851001            -0.071396496
  0.852001            -0.067542229
  0.853001            -0.063658982
  0.854001            -0.059746648
  0.855001            -0.055805122
  0.856001            -0.051834294
  0.857001            -0.047834057
  0.858001            -0.043804303
  0.859001            -0.039744922
  0.860001            -0.035655804
  0.861001            -0.031536840
  0.862001            -0.027387918
  0.863001            -0.023208927
  0.864001            -0.018999755
  0.865001            -0.014760288
  0.866001            -0.010490414
  0.867001            -0.006190019
  0.868001            -0.001858987
  0.869001             0.002502796
  0.870001             0.006895446
  0.871001             0.011319082
  0.872001             0.015773818
  0.873001             0.020259776
  0.874001             0.024777072
  0.875001             0.029325827
  0.876001             0.033906162
  0.877001             0.038518198
  0.878001             0.043162058
  0.879001             0.047837864
  0.880001             0.052545741
  0.881001             0.057285813
  0.882001             0.062058207
  0.883001             0.066863049
  0.884001             0.071700467
  0.885001             0.076570591
  0.886001             0.081473549
  0.887001             0.086409474
  0.888001             0.091378497
  0.889001             0.096380751
  0.890001             0.101416371
  0.891001             0.106485492
  0.892001             0.111588252
  0.893001             0.116724788
  0.894001             0.121895240
  0.895001             0.127099748
  0.896001             0.132338456
  0.897001             0.137611506
  0.898001             0.142919044
  0.899001             0.148261217
  0.900001             0.153638172
  0.901001             0.159050061
  0.902001             0.164497034
  0.903001             0.169979245
  0.904001             0.175496849
  0.905001             0.181050005
  0.906001             0.186638870
  0.907001             0.192263606
  0.908001             0.197924376
  0.909001             0.203621347
  0.910001             0.209354685
  0.911001             0.215124561
  0.912001             0.220931149
  0.913001             0.226774622
  0.914001             0.232655159
  0.915001             0.238572941
  0.916001             0.244528151
  0.917001             0.250520976
  0.918001             0.256551606
  0.919001             0.262620234
  0.920001             0.268727056
  0.921001             0.274872273
  0.922001             0.281056088
  0.923001             0.287278709
  0.924001             0.293540349
  0.925001             0.299841223
  0.926001             0.306181553
  0.927001             0.312561563
  0.928001             0.318981485
  0.929001             0.325441554
  0.930001             0.331942012
  0.931001             0.338483105
  0.932001             0.345065088
  0.933001             0.351688219
  0.934001             0.358352765
  0.935001             0.365059000
  0.936001             0.371807206
  0.937001             0.378597671
  0.938001             0.385430693
  0.939001             0.392306580
  0.940001             0.399225649
  0.941001             0.406188225
  0.942001             0.413194647
  0.943001             0.420245264
  0.944001             0.427340438
  0.945001             0.434480542
  0.946001             0.441665967
  0.947001             0.448897117
  0.948001             0.456174410
  0.949001             0.463498285
  0.950001             0.470869198
  0.951001             0.478287624
  0.952001             0.485754063
  0.953001             0.493269035
  0.954001             0.500833086
  0.955001             0.508446791
  0.956001             0.516110753
  0.957001             0.523825609
  0.958001             0.531592029
  0.959001             0.539410725
  0.960001             0.547282447
  0.961001             0.555207995
  0.962001             0.563188218
  0.963001             0.571224021
  0.964001             0.579316372
  0.965001             0.587466309
  0.966001             0.595674943
  0.967001             0.603943473
  0.968001             0.612273193
  0.969001             0.620665505
  0.970001             0.629121931
  0.971001             0.637644130
  0.972001             0.646233916
  0.973001             0.654893281
  0.974001             0.663624422
  0.975001             0.672429769
  0.976001             0.681312024
  0.977001             0.690274208
  0.978001             0.699319713
  0.979001             0.708452373
  0.980001             0.717676544
  0.981001             0.726997214
  0.982001             0.736420136
  0.983001             0.745951996
  0.984001             0.755600639
  0.985001             0.765375365
  0.986001             0.775287321
  0.987001             0.785350041
  0.988001             0.795580207
  0.989001             0.805998724
  0.990001             0.816632321
  0.991001             0.827515981
  0.992001             0.838696801
  0.993001             0.850240435
  0.994001             0.862242487
  0.995001             0.874850349
  0.996001             0.888309551
  0.997001             0.903077638
  0.998001             0.920174138
  0.999001             0.942793315
  1.000001             1.000000000
