   3     -4.00     -464.0000000000
   3     -3.99     -460.2895920000
   3     -3.98     -456.5983360000
   3     -3.97     -452.9261840000
   3     -3.96     -449.2730880000
   3     -3.95     -445.6390000000
   3     -3.94     -442.0238720000
   3     -3.93     -438.4276560000
   3     -3.92     -434.8503040000
   3     -3.91     -431.2917680000
   3     -3.90     -427.7520000000
   3     -3.89     -424.2309520000
   3     -3.88     -420.7285760000
   3     -3.87     -417.2448240000
   3     -3.86     -413.7796480000
   3     -3.85     -410.3330000000
   3     -3.84     -406.9048320000
   3     -3.83     -403.4950960000
   3     -3.82     -400.1037440000
   3     -3.81     -396.7307280000
   3     -3.80     -393.3760000000
   3     -3.79     -390.0395120000
   3     -3.78     -386.7212160000
   3     -3.77     -383.4210640000
   3     -3.76     -380.1390080000
   3     -3.75     -376.8750000000
   3     -3.74     -373.6289920000
   3     -3.73     -370.4009360000
   3     -3.72     -367.1907840000
   3     -3.71     -363.9984880000
   3     -3.70     -360.8240000000
   3     -3.69     -357.6672720000
   3     -3.68     -354.5282560000
   3     -3.67     -351.4069040000
   3     -3.66     -348.3031680000
   3     -3.65     -345.2170000000
   3     -3.64     -342.1483520000
   3     -3.63     -339.0971760000
   3     -3.62     -336.0634240000
   3     -3.61     -333.0470480000
   3     -3.60     -330.0480000000
   3     -3.59     -327.0662320000
   3     -3.58     -324.1016960000
   3     -3.57     -321.1543440000
   3     -3.56     -318.2241280000
   3     -3.55     -315.3110000000
   3     -3.54     -312.4149120000
   3     -3.53     -309.5358160000
   3     -3.52     -306.6736640000
   3     -3.51     -303.8284080000
   3     -3.50     -301.0000000000
   3     -3.49     -298.1883920000
   3     -3.48     -295.3935360000
   3     -3.47     -292.6153840000
   3     -3.46     -289.8538880000
   3     -3.45     -287.1090000000
   3     -3.44     -284.3806720000
   3     -3.43     -281.6688560000
   3     -3.42     -278.9735040000
   3     -3.41     -276.2945680000
   3     -3.40     -273.6320000000
   3     -3.39     -270.9857520000
   3     -3.38     -268.3557760000
   3     -3.37     -265.7420240000
   3     -3.36     -263.1444480000
   3     -3.35     -260.5630000000
   3     -3.34     -257.9976320000
   3     -3.33     -255.4482960000
   3     -3.32     -252.9149440000
   3     -3.31     -250.3975280000
   3     -3.30     -247.8960000000
   3     -3.29     -245.4103120000
   3     -3.28     -242.9404160000
   3     -3.27     -240.4862640000
   3     -3.26     -238.0478080000
   3     -3.25     -235.6250000000
   3     -3.24     -233.2177920000
   3     -3.23     -230.8261360000
   3     -3.22     -228.4499840000
   3     -3.21     -226.0892880000
   3     -3.20     -223.7440000000
   3     -3.19     -221.4140720000
   3     -3.18     -219.0994560000
   3     -3.17     -216.8001040000
   3     -3.16     -214.5159680000
   3     -3.15     -212.2470000000
   3     -3.14     -209.9931520000
   3     -3.13     -207.7543760000
   3     -3.12     -205.5306240000
   3     -3.11     -203.3218480000
   3     -3.10     -201.1280000000
   3     -3.09     -198.9490320000
   3     -3.08     -196.7848960000
   3     -3.07     -194.6355440000
   3     -3.06     -192.5009280000
   3     -3.05     -190.3810000000
   3     -3.04     -188.2757120000
   3     -3.03     -186.1850160000
   3     -3.02     -184.1088640000
   3     -3.01     -182.0472080000
   3     -3.00     -180.0000000000
   3     -2.99     -177.9671920000
   3     -2.98     -175.9487360000
   3     -2.97     -173.9445840000
   3     -2.96     -171.9546880000
   3     -2.95     -169.9790000000
   3     -2.94     -168.0174720000
   3     -2.93     -166.0700560000
   3     -2.92     -164.1367040000
   3     -2.91     -162.2173680000
   3     -2.90     -160.3120000000
   3     -2.89     -158.4205520000
   3     -2.88     -156.5429760000
   3     -2.87     -154.6792240000
   3     -2.86     -152.8292480000
   3     -2.85     -150.9930000000
   3     -2.84     -149.1704320000
   3     -2.83     -147.3614960000
   3     -2.82     -145.5661440000
   3     -2.81     -143.7843280000
   3     -2.80     -142.0160000000
   3     -2.79     -140.2611120000
   3     -2.78     -138.5196160000
   3     -2.77     -136.7914640000
   3     -2.76     -135.0766080000
   3     -2.75     -133.3750000000
   3     -2.74     -131.6865920000
   3     -2.73     -130.0113360000
   3     -2.72     -128.3491840000
   3     -2.71     -126.7000880000
   3     -2.70     -125.0640000000
   3     -2.69     -123.4408720000
   3     -2.68     -121.8306560000
   3     -2.67     -120.2333040000
   3     -2.66     -118.6487680000
   3     -2.65     -117.0770000000
   3     -2.64     -115.5179520000
   3     -2.63     -113.9715760000
   3     -2.62     -112.4378240000
   3     -2.61     -110.9166480000
   3     -2.60     -109.4080000000
   3     -2.59     -107.9118320000
   3     -2.58     -106.4280960000
   3     -2.57     -104.9567440000
   3     -2.56     -103.4977280000
   3     -2.55     -102.0510000000
   3     -2.54     -100.6165120000
   3     -2.53      -99.1942160000
   3     -2.52      -97.7840640000
   3     -2.51      -96.3860080000
   3     -2.50      -95.0000000000
   3     -2.49      -93.6259920000
   3     -2.48      -92.2639360000
   3     -2.47      -90.9137840000
   3     -2.46      -89.5754880000
   3     -2.45      -88.2490000000
   3     -2.44      -86.9342720000
   3     -2.43      -85.6312560000
   3     -2.42      -84.3399040000
   3     -2.41      -83.0601680000
   3     -2.40      -81.7920000000
   3     -2.39      -80.5353520000
   3     -2.38      -79.2901760000
   3     -2.37      -78.0564240000
   3     -2.36      -76.8340480000
   3     -2.35      -75.6230000000
   3     -2.34      -74.4232320000
   3     -2.33      -73.2346960000
   3     -2.32      -72.0573440000
   3     -2.31      -70.8911280000
   3     -2.30      -69.7360000000
   3     -2.29      -68.5919120000
   3     -2.28      -67.4588160000
   3     -2.27      -66.3366640000
   3     -2.26      -65.2254080000
   3     -2.25      -64.1250000000
   3     -2.24      -63.0353920000
   3     -2.23      -61.9565360000
   3     -2.22      -60.8883840000
   3     -2.21      -59.8308880000
   3     -2.20      -58.7840000000
   3     -2.19      -57.7476720000
   3     -2.18      -56.7218560000
   3     -2.17      -55.7065040000
   3     -2.16      -54.7015680000
   3     -2.15      -53.7070000000
   3     -2.14      -52.7227520000
   3     -2.13      -51.7487760000
   3     -2.12      -50.7850240000
   3     -2.11      -49.8314480000
   3     -2.10      -48.8880000000
   3     -2.09      -47.9546320000
   3     -2.08      -47.0312960000
   3     -2.07      -46.1179440000
   3     -2.06      -45.2145280000
   3     -2.05      -44.3210000000
   3     -2.04      -43.4373120000
   3     -2.03      -42.5634160000
   3     -2.02      -41.6992640000
   3     -2.01      -40.8448080000
   3     -2.00      -40.0000000000
   3     -1.99      -39.1647920000
   3     -1.98      -38.3391360000
   3     -1.97      -37.5229840000
   3     -1.96      -36.7162880000
   3     -1.95      -35.9190000000
   3     -1.94      -35.1310720000
   3     -1.93      -34.3524560000
   3     -1.92      -33.5831040000
   3     -1.91      -32.8229680000
   3     -1.90      -32.0720000000
   3     -1.89      -31.3301520000
   3     -1.88      -30.5973760000
   3     -1.87      -29.8736240000
   3     -1.86      -29.1588480000
   3     -1.85      -28.4530000000
   3     -1.84      -27.7560320000
   3     -1.83      -27.0678960000
   3     -1.82      -26.3885440000
   3     -1.81      -25.7179280000
   3     -1.80      -25.0560000000
   3     -1.79      -24.4027120000
   3     -1.78      -23.7580160000
   3     -1.77      -23.1218640000
   3     -1.76      -22.4942080000
   3     -1.75      -21.8750000000
   3     -1.74      -21.2641920000
   3     -1.73      -20.6617360000
   3     -1.72      -20.0675840000
   3     -1.71      -19.4816880000
   3     -1.70      -18.9040000000
   3     -1.69      -18.3344720000
   3     -1.68      -17.7730560000
   3     -1.67      -17.2197040000
   3     -1.66      -16.6743680000
   3     -1.65      -16.1370000000
   3     -1.64      -15.6075520000
   3     -1.63      -15.0859760000
   3     -1.62      -14.5722240000
   3     -1.61      -14.0662480000
   3     -1.60      -13.5680000000
   3     -1.59      -13.0774320000
   3     -1.58      -12.5944960000
   3     -1.57      -12.1191440000
   3     -1.56      -11.6513280000
   3     -1.55      -11.1910000000
   3     -1.54      -10.7381120000
   3     -1.53      -10.2926160000
   3     -1.52       -9.8544640000
   3     -1.51       -9.4236080000
   3     -1.50       -9.0000000000
   3     -1.49       -8.5835920000
   3     -1.48       -8.1743360000
   3     -1.47       -7.7721840000
   3     -1.46       -7.3770880000
   3     -1.45       -6.9890000000
   3     -1.44       -6.6078720000
   3     -1.43       -6.2336560000
   3     -1.42       -5.8663040000
   3     -1.41       -5.5057680000
   3     -1.40       -5.1520000000
   3     -1.39       -4.8049520000
   3     -1.38       -4.4645760000
   3     -1.37       -4.1308240000
   3     -1.36       -3.8036480000
   3     -1.35       -3.4830000000
   3     -1.34       -3.1688320000
   3     -1.33       -2.8610960000
   3     -1.32       -2.5597440000
   3     -1.31       -2.2647280000
   3     -1.30       -1.9760000000
   3     -1.29       -1.6935120000
   3     -1.28       -1.4172160000
   3     -1.27       -1.1470640000
   3     -1.26       -0.8830080000
   3     -1.25       -0.6250000000
   3     -1.24       -0.3729920000
   3     -1.23       -0.1269360000
   3     -1.22        0.1132160000
   3     -1.21        0.3475120000
   3     -1.20        0.5760000000
   3     -1.19        0.7987280000
   3     -1.18        1.0157440000
   3     -1.17        1.2270960000
   3     -1.16        1.4328320000
   3     -1.15        1.6330000000
   3     -1.14        1.8276480000
   3     -1.13        2.0168240000
   3     -1.12        2.2005760000
   3     -1.11        2.3789520000
   3     -1.10        2.5520000000
   3     -1.09        2.7197680000
   3     -1.08        2.8823040000
   3     -1.07        3.0396560000
   3     -1.06        3.1918720000
   3     -1.05        3.3390000000
   3     -1.04        3.4810880000
   3     -1.03        3.6181840000
   3     -1.02        3.7503360000
   3     -1.01        3.8775920000
   3     -1.00        4.0000000000
   3     -0.99        4.1176080000
   3     -0.98        4.2304640000
   3     -0.97        4.3386160000
   3     -0.96        4.4421120000
   3     -0.95        4.5410000000
   3     -0.94        4.6353280000
   3     -0.93        4.7251440000
   3     -0.92        4.8104960000
   3     -0.91        4.8914320000
   3     -0.90        4.9680000000
   3     -0.89        5.0402480000
   3     -0.88        5.1082240000
   3     -0.87        5.1719760000
   3     -0.86        5.2315520000
   3     -0.85        5.2870000000
   3     -0.84        5.3383680000
   3     -0.83        5.3857040000
   3     -0.82        5.4290560000
   3     -0.81        5.4684720000
   3     -0.80        5.5040000000
   3     -0.79        5.5356880000
   3     -0.78        5.5635840000
   3     -0.77        5.5877360000
   3     -0.76        5.6081920000
   3     -0.75        5.6250000000
   3     -0.74        5.6382080000
   3     -0.73        5.6478640000
   3     -0.72        5.6540160000
   3     -0.71        5.6567120000
   3     -0.70        5.6560000000
   3     -0.69        5.6519280000
   3     -0.68        5.6445440000
   3     -0.67        5.6338960000
   3     -0.66        5.6200320000
   3     -0.65        5.6030000000
   3     -0.64        5.5828480000
   3     -0.63        5.5596240000
   3     -0.62        5.5333760000
   3     -0.61        5.5041520000
   3     -0.60        5.4720000000
   3     -0.59        5.4369680000
   3     -0.58        5.3991040000
   3     -0.57        5.3584560000
   3     -0.56        5.3150720000
   3     -0.55        5.2690000000
   3     -0.54        5.2202880000
   3     -0.53        5.1689840000
   3     -0.52        5.1151360000
   3     -0.51        5.0587920000
   3     -0.50        5.0000000000
   3     -0.49        4.9388080000
   3     -0.48        4.8752640000
   3     -0.47        4.8094160000
   3     -0.46        4.7413120000
   3     -0.45        4.6710000000
   3     -0.44        4.5985280000
   3     -0.43        4.5239440000
   3     -0.42        4.4472960000
   3     -0.41        4.3686320000
   3     -0.40        4.2880000000
   3     -0.39        4.2054480000
   3     -0.38        4.1210240000
   3     -0.37        4.0347760000
   3     -0.36        3.9467520000
   3     -0.35        3.8570000000
   3     -0.34        3.7655680000
   3     -0.33        3.6725040000
   3     -0.32        3.5778560000
   3     -0.31        3.4816720000
   3     -0.30        3.3840000000
   3     -0.29        3.2848880000
   3     -0.28        3.1843840000
   3     -0.27        3.0825360000
   3     -0.26        2.9793920000
   3     -0.25        2.8750000000
   3     -0.24        2.7694080000
   3     -0.23        2.6626640000
   3     -0.22        2.5548160000
   3     -0.21        2.4459120000
   3     -0.20        2.3360000000
   3     -0.19        2.2251280000
   3     -0.18        2.1133440000
   3     -0.17        2.0006960000
   3     -0.16        1.8872320000
   3     -0.15        1.7730000000
   3     -0.14        1.6580480000
   3     -0.13        1.5424240000
   3     -0.12        1.4261760000
   3     -0.11        1.3093520000
   3     -0.10        1.1920000000
   3     -0.09        1.0741680000
   3     -0.08        0.9559040000
   3     -0.07        0.8372560000
   3     -0.06        0.7182720000
   3     -0.05        0.5990000000
   3     -0.04        0.4794880000
   3     -0.03        0.3597840000
   3     -0.02        0.2399360000
   3     -0.01        0.1199920000
   3      0.00        0.0000000000
   3      0.01       -0.1199920000
   3      0.02       -0.2399360000
   3      0.03       -0.3597840000
   3      0.04       -0.4794880000
   3      0.05       -0.5990000000
   3      0.06       -0.7182720000
   3      0.07       -0.8372560000
   3      0.08       -0.9559040000
   3      0.09       -1.0741680000
   3      0.10       -1.1920000000
   3      0.11       -1.3093520000
   3      0.12       -1.4261760000
   3      0.13       -1.5424240000
   3      0.14       -1.6580480000
   3      0.15       -1.7730000000
   3      0.16       -1.8872320000
   3      0.17       -2.0006960000
   3      0.18       -2.1133440000
   3      0.19       -2.2251280000
   3      0.20       -2.3360000000
   3      0.21       -2.4459120000
   3      0.22       -2.5548160000
   3      0.23       -2.6626640000
   3      0.24       -2.7694080000
   3      0.25       -2.8750000000
   3      0.26       -2.9793920000
   3      0.27       -3.0825360000
   3      0.28       -3.1843840000
   3      0.29       -3.2848880000
   3      0.30       -3.3840000000
   3      0.31       -3.4816720000
   3      0.32       -3.5778560000
   3      0.33       -3.6725040000
   3      0.34       -3.7655680000
   3      0.35       -3.8570000000
   3      0.36       -3.9467520000
   3      0.37       -4.0347760000
   3      0.38       -4.1210240000
   3      0.39       -4.2054480000
   3      0.40       -4.2880000000
   3      0.41       -4.3686320000
   3      0.42       -4.4472960000
   3      0.43       -4.5239440000
   3      0.44       -4.5985280000
   3      0.45       -4.6710000000
   3      0.46       -4.7413120000
   3      0.47       -4.8094160000
   3      0.48       -4.8752640000
   3      0.49       -4.9388080000
   3      0.50       -5.0000000000
   3      0.51       -5.0587920000
   3      0.52       -5.1151360000
   3      0.53       -5.1689840000
   3      0.54       -5.2202880000
   3      0.55       -5.2690000000
   3      0.56       -5.3150720000
   3      0.57       -5.3584560000
   3      0.58       -5.3991040000
   3      0.59       -5.4369680000
   3      0.60       -5.4720000000
   3      0.61       -5.5041520000
   3      0.62       -5.5333760000
   3      0.63       -5.5596240000
   3      0.64       -5.5828480000
   3      0.65       -5.6030000000
   3      0.66       -5.6200320000
   3      0.67       -5.6338960000
   3      0.68       -5.6445440000
   3      0.69       -5.6519280000
   3      0.70       -5.6560000000
   3      0.71       -5.6567120000
   3      0.72       -5.6540160000
   3      0.73       -5.6478640000
   3      0.74       -5.6382080000
   3      0.75       -5.6250000000
   3      0.76       -5.6081920000
   3      0.77       -5.5877360000
   3      0.78       -5.5635840000
   3      0.79       -5.5356880000
   3      0.80       -5.5040000000
   3      0.81       -5.4684720000
   3      0.82       -5.4290560000
   3      0.83       -5.3857040000
   3      0.84       -5.3383680000
   3      0.85       -5.2870000000
   3      0.86       -5.2315520000
   3      0.87       -5.1719760000
   3      0.88       -5.1082240000
   3      0.89       -5.0402480000
   3      0.90       -4.9680000000
   3      0.91       -4.8914320000
   3      0.92       -4.8104960000
   3      0.93       -4.7251440000
   3      0.94       -4.6353280000
   3      0.95       -4.5410000000
   3      0.96       -4.4421120000
   3      0.97       -4.3386160000
   3      0.98       -4.2304640000
   3      0.99       -4.1176080000
   3      1.00       -4.0000000000
   3      1.01       -3.8775920000
   3      1.02       -3.7503360000
   3      1.03       -3.6181840000
   3      1.04       -3.4810880000
   3      1.05       -3.3390000000
   3      1.06       -3.1918720000
   3      1.07       -3.0396560000
   3      1.08       -2.8823040000
   3      1.09       -2.7197680000
   3      1.10       -2.5520000000
   3      1.11       -2.3789520000
   3      1.12       -2.2005760000
   3      1.13       -2.0168240000
   3      1.14       -1.8276480000
   3      1.15       -1.6330000000
   3      1.16       -1.4328320000
   3      1.17       -1.2270960000
   3      1.18       -1.0157440000
   3      1.19       -0.7987280000
   3      1.20       -0.5760000000
   3      1.21       -0.3475120000
   3      1.22       -0.1132160000
   3      1.23        0.1269360000
   3      1.24        0.3729920000
   3      1.25        0.6250000000
   3      1.26        0.8830080000
   3      1.27        1.1470640000
   3      1.28        1.4172160000
   3      1.29        1.6935120000
   3      1.30        1.9760000000
   3      1.31        2.2647280000
   3      1.32        2.5597440000
   3      1.33        2.8610960000
   3      1.34        3.1688320000
   3      1.35        3.4830000000
   3      1.36        3.8036480000
   3      1.37        4.1308240000
   3      1.38        4.4645760000
   3      1.39        4.8049520000
   3      1.40        5.1520000000
   3      1.41        5.5057680000
   3      1.42        5.8663040000
   3      1.43        6.2336560000
   3      1.44        6.6078720000
   3      1.45        6.9890000000
   3      1.46        7.3770880000
   3      1.47        7.7721840000
   3      1.48        8.1743360000
   3      1.49        8.5835920000
   3      1.50        9.0000000000
   3      1.51        9.4236080000
   3      1.52        9.8544640000
   3      1.53       10.2926160000
   3      1.54       10.7381120000
   3      1.55       11.1910000000
   3      1.56       11.6513280000
   3      1.57       12.1191440000
   3      1.58       12.5944960000
   3      1.59       13.0774320000
   3      1.60       13.5680000000
   3      1.61       14.0662480000
   3      1.62       14.5722240000
   3      1.63       15.0859760000
   3      1.64       15.6075520000
   3      1.65       16.1370000000
   3      1.66       16.6743680000
   3      1.67       17.2197040000
   3      1.68       17.7730560000
   3      1.69       18.3344720000
   3      1.70       18.9040000000
   3      1.71       19.4816880000
   3      1.72       20.0675840000
   3      1.73       20.6617360000
   3      1.74       21.2641920000
   3      1.75       21.8750000000
   3      1.76       22.4942080000
   3      1.77       23.1218640000
   3      1.78       23.7580160000
   3      1.79       24.4027120000
   3      1.80       25.0560000000
   3      1.81       25.7179280000
   3      1.82       26.3885440000
   3      1.83       27.0678960000
   3      1.84       27.7560320000
   3      1.85       28.4530000000
   3      1.86       29.1588480000
   3      1.87       29.8736240000
   3      1.88       30.5973760000
   3      1.89       31.3301520000
   3      1.90       32.0720000000
   3      1.91       32.8229680000
   3      1.92       33.5831040000
   3      1.93       34.3524560000
   3      1.94       35.1310720000
   3      1.95       35.9190000000
   3      1.96       36.7162880000
   3      1.97       37.5229840000
   3      1.98       38.3391360000
   3      1.99       39.1647920000
   3      2.00       40.0000000000
   3      2.01       40.8448080000
   3      2.02       41.6992640000
   3      2.03       42.5634160000
   3      2.04       43.4373120000
   3      2.05       44.3210000000
   3      2.06       45.2145280000
   3      2.07       46.1179440000
   3      2.08       47.0312960000
   3      2.09       47.9546320000
   3      2.10       48.8880000000
   3      2.11       49.8314480000
   3      2.12       50.7850240000
   3      2.13       51.7487760000
   3      2.14       52.7227520000
   3      2.15       53.7070000000
   3      2.16       54.7015680000
   3      2.17       55.7065040000
   3      2.18       56.7218560000
   3      2.19       57.7476720000
   3      2.20       58.7840000000
   3      2.21       59.8308880000
   3      2.22       60.8883840000
   3      2.23       61.9565360000
   3      2.24       63.0353920000
   3      2.25       64.1250000000
   3      2.26       65.2254080000
   3      2.27       66.3366640000
   3      2.28       67.4588160000
   3      2.29       68.5919120000
   3      2.30       69.7360000000
   3      2.31       70.8911280000
   3      2.32       72.0573440000
   3      2.33       73.2346960000
   3      2.34       74.4232320000
   3      2.35       75.6230000000
   3      2.36       76.8340480000
   3      2.37       78.0564240000
   3      2.38       79.2901760000
   3      2.39       80.5353520000
   3      2.40       81.7920000000
   3      2.41       83.0601680000
   3      2.42       84.3399040000
   3      2.43       85.6312560000
   3      2.44       86.9342720000
   3      2.45       88.2490000000
   3      2.46       89.5754880000
   3      2.47       90.9137840000
   3      2.48       92.2639360000
   3      2.49       93.6259920000
   3      2.50       95.0000000000
   3      2.51       96.3860080000
   3      2.52       97.7840640000
   3      2.53       99.1942160000
   3      2.54      100.6165120000
   3      2.55      102.0510000000
   3      2.56      103.4977280000
   3      2.57      104.9567440000
   3      2.58      106.4280960000
   3      2.59      107.9118320000
   3      2.60      109.4080000000
   3      2.61      110.9166480000
   3      2.62      112.4378240000
   3      2.63      113.9715760000
   3      2.64      115.5179520000
   3      2.65      117.0770000000
   3      2.66      118.6487680000
   3      2.67      120.2333040000
   3      2.68      121.8306560000
   3      2.69      123.4408720000
   3      2.70      125.0640000000
   3      2.71      126.7000880000
   3      2.72      128.3491840000
   3      2.73      130.0113360000
   3      2.74      131.6865920000
   3      2.75      133.3750000000
   3      2.76      135.0766080000
   3      2.77      136.7914640000
   3      2.78      138.5196160000
   3      2.79      140.2611120000
   3      2.80      142.0160000000
   3      2.81      143.7843280000
   3      2.82      145.5661440000
   3      2.83      147.3614960000
   3      2.84      149.1704320000
   3      2.85      150.9930000000
   3      2.86      152.8292480000
   3      2.87      154.6792240000
   3      2.88      156.5429760000
   3      2.89      158.4205520000
   3      2.90      160.3120000000
   3      2.91      162.2173680000
   3      2.92      164.1367040000
   3      2.93      166.0700560000
   3      2.94      168.0174720000
   3      2.95      169.9790000000
   3      2.96      171.9546880000
   3      2.97      173.9445840000
   3      2.98      175.9487360000
   3      2.99      177.9671920000
   3      3.00      180.0000000000
   3      3.01      182.0472080000
   3      3.02      184.1088640000
   3      3.03      186.1850160000
   3      3.04      188.2757120000
   3      3.05      190.3810000000
   3      3.06      192.5009280000
   3      3.07      194.6355440000
   3      3.08      196.7848960000
   3      3.09      198.9490320000
   3      3.10      201.1280000000
   3      3.11      203.3218480000
   3      3.12      205.5306240000
   3      3.13      207.7543760000
   3      3.14      209.9931520000
   3      3.15      212.2470000000
   3      3.16      214.5159680000
   3      3.17      216.8001040000
   3      3.18      219.0994560000
   3      3.19      221.4140720000
   3      3.20      223.7440000000
   3      3.21      226.0892880000
   3      3.22      228.4499840000
   3      3.23      230.8261360000
   3      3.24      233.2177920000
   3      3.25      235.6250000000
   3      3.26      238.0478080000
   3      3.27      240.4862640000
   3      3.28      242.9404160000
   3      3.29      245.4103120000
   3      3.30      247.8960000000
   3      3.31      250.3975280000
   3      3.32      252.9149440000
   3      3.33      255.4482960000
   3      3.34      257.9976320000
   3      3.35      260.5630000000
   3      3.36      263.1444480000
   3      3.37      265.7420240000
   3      3.38      268.3557760000
   3      3.39      270.9857520000
   3      3.40      273.6320000000
   3      3.41      276.2945680000
   3      3.42      278.9735040000
   3      3.43      281.6688560000
   3      3.44      284.3806720000
   3      3.45      287.1090000000
   3      3.46      289.8538880000
   3      3.47      292.6153840000
   3      3.48      295.3935360000
   3      3.49      298.1883920000
   3      3.50      301.0000000000
   3      3.51      303.8284080000
   3      3.52      306.6736640000
   3      3.53      309.5358160000
   3      3.54      312.4149120000
   3      3.55      315.3110000000
   3      3.56      318.2241280000
   3      3.57      321.1543440000
   3      3.58      324.1016960000
   3      3.59      327.0662320000
   3      3.60      330.0480000000
   3      3.61      333.0470480000
   3      3.62      336.0634240000
   3      3.63      339.0971760000
   3      3.64      342.1483520000
   3      3.65      345.2170000000
   3      3.66      348.3031680000
   3      3.67      351.4069040000
   3      3.68      354.5282560000
   3      3.69      357.6672720000
   3      3.70      360.8240000000
   3      3.71      363.9984880000
   3      3.72      367.1907840000
   3      3.73      370.4009360000
   3      3.74      373.6289920000
   3      3.75      376.8750000000
   3      3.76      380.1390080000
   3      3.77      383.4210640000
   3      3.78      386.7212160000
   3      3.79      390.0395120000
   3      3.80      393.3760000000
   3      3.81      396.7307280000
   3      3.82      400.1037440000
   3      3.83      403.4950960000
   3      3.84      406.9048320000
   3      3.85      410.3330000000
   3      3.86      413.7796480000
   3      3.87      417.2448240000
   3      3.88      420.7285760000
   3      3.89      424.2309520000
   3      3.90      427.7520000000
   3      3.91      431.2917680000
   3      3.92      434.8503040000
   3      3.93      438.4276560000
   3      3.94      442.0238720000
   3      3.95      445.6390000000
   3      3.96      449.2730880000
   3      3.97      452.9261840000
   3      3.98      456.5983360000
   3      3.99      460.2895920000
   3      4.00      464.0000000000
