     1.000     1.000
     1.414     1.248
     1.732     1.529
     2.000     1.731
     2.236     1.952
     2.449     2.158
     2.646     2.319
     2.828     2.474
     3.000     2.632
     3.162     2.801
     3.317     2.955
     3.464     3.081
     3.606     3.193
     3.742     3.280
     3.873     3.419
     4.000     3.537
     4.123     3.649
     4.243     3.741
     4.359     3.833
     4.472     3.927
     4.583     4.024
     4.690     4.147
     4.796     4.266
     4.899     4.373
     5.000     4.459
     5.099     4.536
     5.196     4.609
     5.292     4.700
     5.385     4.800
     5.477     4.900
     5.568     4.997
     5.657     5.082
     5.745     5.163
     5.831     5.265
     5.916     5.375
     6.000     5.459
     6.083     5.556
     6.164     5.611
     6.245     5.671
     6.325     5.745
     6.403     5.809
     6.481     5.894
     6.557     5.976
     6.633     6.049
     6.708     6.116
     6.782     6.220
     6.856     6.325
     6.928     6.371
     7.000     6.456
     7.071     6.531
     7.141     6.581
     7.211     6.661
     7.280     6.726
     7.348     6.826
     7.416     6.887
     7.483     6.991
     7.550     7.043
     7.616     7.107
     7.681     7.176
     7.746     7.225
     7.810     7.308
     7.874     7.342
     7.937     7.431
     8.000     7.468
     8.062     7.578
     8.124     7.671
     8.185     7.730
     8.246     7.743
     8.307     7.813
     8.367     7.854
     8.426     7.912
     8.485     7.966
     8.544     7.981
     8.602     8.060
     8.660     8.081
     8.718     8.115
     8.775     8.183
     8.832     8.240
     8.888     8.353
     8.944     8.418
     9.000     8.511
     9.055     8.524
     9.110     8.547
     9.165     8.607
     9.220     8.684
     9.274     8.749
     9.327     8.840
     9.381     8.902
     9.434     8.941
     9.487     8.948
     9.539     9.036
     9.592     9.041
     9.644     9.104
     9.695     9.162
     9.747     9.172
     9.798     9.207
     9.849     9.267
     9.899     9.375
     9.950     9.425
    10.000     9.466
    10.050     9.513
    10.100     9.557
    10.149     9.587
    10.198     9.644
    10.247     9.695
    10.296     9.772
    10.344     9.802
    10.392     9.811
    10.440     9.861
    10.488     9.899
    10.536     9.960
    10.583    10.035
    10.630    10.095
    10.677    10.116
    10.724    10.167
    10.770    10.237
    10.817    10.285
    10.863    10.340
    10.909    10.405
    10.954    10.462
    11.000    10.500
    11.045    10.555
    11.091    10.643
    11.136    10.669
    11.180    10.685
    11.225    10.744
    11.269    10.793
    11.314    10.873
    11.358    10.910
    11.402    10.956
    11.446    11.024
    11.489    11.037
    11.533    11.080
    11.576    11.158
    11.619    11.213
    11.662    11.250
    11.705    11.252
    11.747    11.268
    11.790    11.321
    11.832    11.340
    11.874    11.387
    11.916    11.424
    11.958    11.445
    12.000    11.475
    12.042    11.531
    12.083    11.588
    12.124    11.653
    12.166    11.694
    12.207    11.703
    12.247    11.732
    12.288    11.749
    12.329    11.768
    12.369    11.813
    12.410    11.838
    12.450    11.911
    12.490    11.940
    12.530    11.961
    12.570    12.024
    12.610    12.050
    12.649    12.093
    12.689    12.120
    12.728    12.188
    12.767    12.230
    12.806    12.293
    12.845    12.330
    12.884    12.378
    12.923    12.416
    12.961    12.444
    13.000    12.485
    13.038    12.551
    13.077    12.584
    13.115    12.567
    13.153    12.609
    13.191    12.643
    13.229    12.689
    13.266    12.727
    13.304    12.770
    13.342    12.815
    13.379    12.860
    13.416    12.926
    13.454    12.927
    13.491    12.972
    13.528    13.020
    13.565    13.065
    13.601    13.106
    13.638    13.116
    13.675    13.138
    13.711    13.224
    13.748    13.268
    13.784    13.268
    13.820    13.330
    13.856    13.350
    13.892    13.374
    13.928    13.383
    13.964    13.375
    14.000    13.397
    14.036    13.458
    14.071    13.483
    14.107    13.482
    14.142    13.535
    14.177    13.606
    14.213    13.623
    14.248    13.677
    14.283    13.677
    14.318    13.713
    14.353    13.719
    14.387    13.740
    14.422    13.754
    14.457    13.767
    14.491    13.795
    14.526    13.805
    14.560    13.830
    14.595    13.858
    14.629    13.901
    14.663    13.874
    14.697    13.921
    14.731    13.937
    14.765    13.976
    14.799    13.990
    14.832    14.013
    14.866    14.066
    14.900    14.114
    14.933    14.179
    14.967    14.201
    15.000    14.182
    15.033    14.220
    15.067    14.268
    15.100    14.322
    15.133    14.365
    15.166    14.385
    15.199    14.383
    15.232    14.370
    15.264    14.370
    15.297    14.436
    15.330    14.483
    15.362    14.512
    15.395    14.565
    15.427    14.597
    15.460    14.634
    15.492    14.688
    15.524    14.717
    15.556    14.727
    15.588    14.752
    15.620    14.775
    15.652    14.791
    15.684    14.846
    15.716    14.834
    15.748    14.859
    15.780    14.887
    15.811    14.891
    15.843    14.929
    15.875    14.963
    15.906    15.027
    15.937    15.040
    15.969    15.087
    16.000    15.146
    16.031    15.210
    16.062    15.236
    16.093    15.256
    16.125    15.287
    16.155    15.308
    16.186    15.319
    16.217    15.337
    16.248    15.337
    16.279    15.347
    16.310    15.357
    16.340    15.383
    16.371    15.407
    16.401    15.462
    16.432    15.447
    16.462    15.463
    16.492    15.502
    16.523    15.570
    16.553    15.617
    16.583    15.657
    16.613    15.698
    16.643    15.678
    16.673    15.720
    16.703    15.758
    16.733    15.763
    16.763    15.795
    16.793    15.829
    16.823    15.827
    16.852    15.832
    16.882    15.884
    16.912    15.899
    16.941    15.948
    16.971    15.958
    17.000    15.948
    17.029    16.018
    17.059    16.044
    17.088    16.045
    17.117    16.060
    17.146    16.059
    17.176    16.102
    17.205    16.121
    17.234    16.143
    17.263    16.121
    17.292    16.131
    17.321    16.199
    17.349    16.227
    17.378    16.287
    17.407    16.289
    17.436    16.322
    17.464    16.364
    17.493    16.416
    17.521    16.457
    17.550    16.466
    17.578    16.479
    17.607    16.489
    17.635    16.512
    17.664    16.532
    17.692    16.600
    17.720    16.606
    17.748    16.588
    17.776    16.619
    17.804    16.647
    17.833    16.650
    17.861    16.659
    17.889    16.650
    17.916    16.692
    17.944    16.712
    17.972    16.726
    18.000    16.751
    18.028    16.779
    18.055    16.802
    18.083    16.813
    18.111    16.832
    18.138    16.830
    18.166    16.884
    18.193    16.898
    18.221    16.950
    18.248    16.946
    18.276    16.982
    18.303    17.029
    18.330    17.047
    18.358    17.109
    18.385    17.135
    18.412    17.148
    18.439    17.160
    18.466    17.214
    18.493    17.234
    18.520    17.278
    18.547    17.292
    18.574    17.335
    18.601    17.341
    18.628    17.381
    18.655    17.430
    18.682    17.434
    18.708    17.455
    18.735    17.495
    18.762    17.526
    18.788    17.539
    18.815    17.546
    18.841    17.551
    18.868    17.574
    18.894    17.584
    18.921    17.606
    18.947    17.646
    18.974    17.649
    19.000    17.681
    19.026    17.716
    19.053    17.746
    19.079    17.786
    19.105    17.816
    19.131    17.827
    19.157    17.825
    19.183    17.848
    19.209    17.897
    19.235    17.929
    19.261    17.943
    19.287    17.935
    19.313    17.995
    19.339    18.014
    19.365    18.027
    19.391    18.048
    19.416    18.084
    19.442    18.080
    19.468    18.089
    19.494    18.113
    19.519    18.090
    19.545    18.124
    19.570    18.134
    19.596    18.089
    19.621    18.103
    19.647    18.150
    19.672    18.186
    19.698    18.220
    19.723    18.245
    19.748    18.211
    19.774    18.227
    19.799    18.270
    19.824    18.290
    19.849    18.292
    19.875    18.337
    19.900    18.317
    19.925    18.378
    19.950    18.409
    19.975    18.416
    20.000    18.479
    20.025    18.499
    20.050    18.512
    20.075    18.565
    20.100    18.595
    20.125    18.606
    20.149    18.591
    20.174    18.616
    20.199    18.671
    20.224    18.659
    20.248    18.676
    20.273    18.734
    20.298    18.742
    20.322    18.772
    20.347    18.812
    20.372    18.847
    20.396    18.875
    20.421    18.917
    20.445    18.924
    20.469    18.949
    20.494    18.974
    20.518    18.980
    20.543    19.004
    20.567    19.074
    20.591    19.083
    20.616    19.139
    20.640    19.203
    20.664    19.244
    20.688    19.243
    20.712    19.245
    20.736    19.262
    20.761    19.263
    20.785    19.260
    20.809    19.265
    20.833    19.319
    20.857    19.346
    20.881    19.360
    20.905    19.354
    20.928    19.344
    20.952    19.369
    20.976    19.372
    21.000    19.399
    21.024    19.396
    21.048    19.390
    21.071    19.392
    21.095    19.389
    21.119    19.415
    21.142    19.468
    21.166    19.461
    21.190    19.466
    21.213    19.470
    21.237    19.503
    21.260    19.563
    21.284    19.578
    21.307    19.634
    21.331    19.685
    21.354    19.759
    21.378    19.758
    21.401    19.794
    21.424    19.815
    21.448    19.854
    21.471    19.875
    21.494    19.883
    21.517    19.861
    21.541    19.863
    21.564    19.916
    21.587    19.921
    21.610    19.941
    21.633    19.981
    21.656    19.976
    21.679    19.953
    21.703    19.961
    21.726    19.985
    21.749    20.064
    21.772    20.118
    21.794    20.179
    21.817    20.217
    21.840    20.247
    21.863    20.318
    21.886    20.332
    21.909    20.369
    21.932    20.388
    21.954    20.432
    21.977    20.506
    22.000    20.539
    22.023    20.553
    22.045    20.580
    22.068    20.610
    22.091    20.664
    22.113    20.647
    22.136    20.643
    22.159    20.683
    22.181    20.695
    22.204    20.743
    22.226    20.788
    22.249    20.812
    22.271    20.795
    22.293    20.807
    22.316    20.838
    22.338    20.865
    22.361    20.897
    22.383    20.920
    22.405    20.911
    22.428    20.942
    22.450    20.972
    22.472    21.004
    22.494    21.015
    22.517    21.027
    22.539    21.060
    22.561    21.077
    22.583    21.126
    22.605    21.172
    22.627    21.227
    22.650    21.250
    22.672    21.225
    22.694    21.255
    22.716    21.245
    22.738    21.282
    22.760    21.330
    22.782    21.333
    22.804    21.384
    22.825    21.414
    22.847    21.435
    22.869    21.397
    22.891    21.431
    22.913    21.490
    22.935    21.498
    22.956    21.529
    22.978    21.553
    23.000    21.568
    23.022    21.610
    23.043    21.641
    23.065    21.658
    23.087    21.703
    23.108    21.749
    23.130    21.736
    23.152    21.754
    23.173    21.762
    23.195    21.783
    23.216    21.824
    23.238    21.840
    23.259    21.878
    23.281    21.915
    23.302    21.921
    23.324    21.902
    23.345    21.943
    23.367    21.994
    23.388    22.014
    23.409    22.005
    23.431    22.037
    23.452    22.059
    23.473    22.093
    23.495    22.119
    23.516    22.125
    23.537    22.168
    23.558    22.198
    23.580    22.248
    23.601    22.253
    23.622    22.231
    23.643    22.254
    23.664    22.259
    23.685    22.329
    23.707    22.365
    23.728    22.368
    23.749    22.407
    23.770    22.411
    23.791    22.398
    23.812    22.436
    23.833    22.491
    23.854    22.532
    23.875    22.538
    23.896    22.500
    23.917    22.518
    23.937    22.534
    23.958    22.540
    23.979    22.572
    24.000    22.551
    24.021    22.547
    24.042    22.599
    24.062    22.588
    24.083    22.623
    24.104    22.656
    24.125    22.692
    24.145    22.710
    24.166    22.725
    24.187    22.679
    24.207    22.692
    24.228    22.705
    24.249    22.681
    24.269    22.752
    24.290    22.767
    24.310    22.809
    24.331    22.853
    24.352    22.829
    24.372    22.845
    24.393    22.839
    24.413    22.859
    24.434    22.831
    24.454    22.839
    24.474    22.852
    24.495    22.854
    24.515    22.854
    24.536    22.844
    24.556    22.849
    24.576    22.869
    24.597    22.877
    24.617    22.870
    24.637    22.870
    24.658    22.896
    24.678    22.924
    24.698    22.959
    24.718    23.006
    24.739    23.007
    24.759    23.020
    24.779    23.048
    24.799    23.076
    24.819    23.062
    24.839    23.070
    24.860    23.105
    24.880    23.147
    24.900    23.192
    24.920    23.208
    24.940    23.244
    24.960    23.281
    24.980    23.315
    25.000    23.319
    25.020    23.336
    25.040    23.378
    25.060    23.430
    25.080    23.462
    25.100    23.445
    25.120    23.488
    25.140    23.517
    25.159    23.526
    25.179    23.551
    25.199    23.587
    25.219    23.599
    25.239    23.600
    25.259    23.599
    25.278    23.608
    25.298    23.623
    25.318    23.620
    25.338    23.621
    25.357    23.581
    25.377    23.626
    25.397    23.663
    25.417    23.651
    25.436    23.681
    25.456    23.744
    25.475    23.783
    25.495    23.745
    25.515    23.747
    25.534    23.759
    25.554    23.801
    25.573    23.807
    25.593    23.809
    25.612    23.813
    25.632    23.848
    25.652    23.844
    25.671    23.845
    25.690    23.886
    25.710    23.934
    25.729    23.953
    25.749    23.984
    25.768    24.026
    25.788    24.018
    25.807    24.009
    25.826    24.029
    25.846    24.024
    25.865    24.045
    25.884    24.079
    25.904    24.105
    25.923    24.092
    25.942    24.136
    25.962    24.147
    25.981    24.142
    26.000    24.174
    26.019    24.214
    26.038    24.189
    26.058    24.209
    26.077    24.251
    26.096    24.230
    26.115    24.226
    26.134    24.253
    26.153    24.317
    26.173    24.352
    26.192    24.389
    26.211    24.422
    26.230    24.469
    26.249    24.461
    26.268    24.504
    26.287    24.533
    26.306    24.564
    26.325    24.593
    26.344    24.642
    26.363    24.655
    26.382    24.689
    26.401    24.692
    26.420    24.717
    26.439    24.740
    26.458    24.738
    26.476    24.746
    26.495    24.748
    26.514    24.768
    26.533    24.806
    26.552    24.823
    26.571    24.851
    26.589    24.876
    26.608    24.887
    26.627    24.901
    26.646    24.906
    26.665    24.939
    26.683    24.933
    26.702    24.932
    26.721    24.953
    26.739    24.990
    26.758    25.024
    26.777    25.060
    26.796    25.083
    26.814    25.150
    26.833    25.162
    26.851    25.134
    26.870    25.177
    26.889    25.189
    26.907    25.204
    26.926    25.256
    26.944    25.279
    26.963    25.297
    26.981    25.306
    27.000    25.343
    27.019    25.391
    27.037    25.426
    27.055    25.430
    27.074    25.450
    27.092    25.429
    27.111    25.467
    27.129    25.512
    27.148    25.535
    27.166    25.539
    27.185    25.596
    27.203    25.652
    27.221    25.679
    27.240    25.686
    27.258    25.713
    27.276    25.747
    27.295    25.778
    27.313    25.784
    27.331    25.809
    27.350    25.816
    27.368    25.865
    27.386    25.893
    27.404    25.902
    27.423    25.921
    27.441    25.910
    27.459    25.928
    27.477    25.922
    27.495    25.932
    27.514    25.921
    27.532    25.929
    27.550    25.957
    27.568    25.996
    27.586    26.024
    27.604    25.994
    27.622    26.010
    27.641    26.039
    27.659    26.052
    27.677    26.045
    27.695    26.006
    27.713    26.019
    27.731    26.047
    27.749    26.082
    27.767    26.093
    27.785    26.119
    27.803    26.143
    27.821    26.119
    27.839    26.115
    27.857    26.121
    27.875    26.179
    27.893    26.190
    27.911    26.189
    27.928    26.195
    27.946    26.213
    27.964    26.239
    27.982    26.238
    28.000    26.255
    28.018    26.247
    28.036    26.308
    28.054    26.319
    28.071    26.330
    28.089    26.357
    28.107    26.417
    28.125    26.442
    28.142    26.453
    28.160    26.464
    28.178    26.477
    28.196    26.478
    28.213    26.484
    28.231    26.501
    28.249    26.476
    28.267    26.481
    28.284    26.512
    28.302    26.534
    28.320    26.556
    28.337    26.586
    28.355    26.608
    28.373    26.596
    28.390    26.632
    28.408    26.673
    28.425    26.741
    28.443    26.765
    28.460    26.796
    28.478    26.825
    28.496    26.844
    28.513    26.849
    28.531    26.880
    28.548    26.872
    28.566    26.895
    28.583    26.894
    28.601    26.892
    28.618    26.930
    28.636    26.931
    28.653    27.009
    28.671    26.969
    28.688    26.997
    28.705    27.048
    28.723    27.077
    28.740    27.094
    28.758    27.121
    28.775    27.100
    28.792    27.108
    28.810    27.146
    28.827    27.197
    28.844    27.286
    28.862    27.285
    28.879    27.291
    28.896    27.290
    28.914    27.272
    28.931    27.314
    28.948    27.344
    28.965    27.373
    28.983    27.368
    29.000    27.425
    29.017    27.475
    29.034    27.501
    29.052    27.535
    29.069    27.508
    29.086    27.536
    29.103    27.545
    29.120    27.573
    29.138    27.580
    29.155    27.566
    29.172    27.529
    29.189    27.539
    29.206    27.578
    29.223    27.596
    29.240    27.588
    29.257    27.569
    29.275    27.574
    29.292    27.623
    29.309    27.614
    29.326    27.638
    29.343    27.679
    29.360    27.685
    29.377    27.727
    29.394    27.774
    29.411    27.793
    29.428    27.833
    29.445    27.811
    29.462    27.800
    29.479    27.800
    29.496    27.806
    29.513    27.869
    29.530    27.885
    29.547    27.899
    29.563    27.941
    29.580    27.946
    29.597    27.969
    29.614    27.965
    29.631    28.009
    29.648    28.028
    29.665    28.015
    29.682    28.017
    29.698    28.071
    29.715    28.062
    29.732    28.097
    29.749    28.116
    29.766    28.160
    29.783    28.197
    29.799    28.200
    29.816    28.197
    29.833    28.201
    29.850    28.230
    29.866    28.254
    29.883    28.281
    29.900    28.329
    29.917    28.387
    29.933    28.414
    29.950    28.411
    29.967    28.447
    29.983    28.434
    30.000    28.457
    30.017    28.449
    30.033    28.501
    30.050    28.495
    30.067    28.511
    30.083    28.516
    30.100    28.499
    30.116    28.516
    30.133    28.541
    30.150    28.598
    30.166    28.639
    30.183    28.645
    30.199    28.660
    30.216    28.677
    30.232    28.705
    30.249    28.722
    30.265    28.715
    30.282    28.704
    30.299    28.738
    30.315    28.767
    30.332    28.808
    30.348    28.832
    30.364    28.834
    30.381    28.829
    30.397    28.870
    30.414    28.900
    30.430    28.949
    30.447    28.980
    30.463    29.010
    30.480    29.002
    30.496    29.041
    30.512    29.085
    30.529    29.061
    30.545    29.107
    30.561    29.103
    30.578    29.115
    30.594    29.136
    30.610    29.113
    30.627    29.109
    30.643    29.125
    30.659    29.122
    30.676    29.156
    30.692    29.196
    30.708    29.215
    30.725    29.264
    30.741    29.290
    30.757    29.299
    30.773    29.320
    30.790    29.368
    30.806    29.387
    30.822    29.382
    30.838    29.384
    30.854    29.413
    30.871    29.478
    30.887    29.515
    30.903    29.539
    30.919    29.547
    30.935    29.559
    30.952    29.552
    30.968    29.549
    30.984    29.564
    31.000    29.605
    31.016    29.584
    31.032    29.572
    31.048    29.599
    31.064    29.613
    31.081    29.635
    31.097    29.652
    31.113    29.668
    31.129    29.718
    31.145    29.770
    31.161    29.765
    31.177    29.781
    31.193    29.775
    31.209    29.768
    31.225    29.804
    31.241    29.864
    31.257    29.884
    31.273    29.933
    31.289    29.882
    31.305    29.876
    31.321    29.878
    31.337    29.874
    31.353    29.893
    31.369    29.877
    31.385    29.926
    31.401    29.919
    31.417    29.925
    31.432    29.910
    31.448    29.935
    31.464    29.959
    31.480    29.953
    31.496    29.943
    31.512    29.957
    31.528    30.031
    31.544    30.045
    31.559    30.059
    31.575    30.064
    31.591    30.078
    31.607    30.078
    31.623    30.119
