   #x=  30.00
             #h           3-point     Error             5-point          Error
        0.3140E+00     -0.1530E+00    0.819426E-02       -0.15E+00        0.11E-03
        0.2983E+00     -0.1531E+00    0.739516E-02       -0.15E+00        0.91E-04
        0.2834E+00     -0.1532E+00    0.667798E-02       -0.15E+00        0.81E-04
        0.2692E+00     -0.1533E+00    0.601798E-02       -0.15E+00        0.51E-04
        0.2558E+00     -0.1534E+00    0.544300E-02       -0.15E+00        0.56E-04
        0.2430E+00     -0.1535E+00    0.490512E-02       -0.15E+00        0.37E-04
        0.2308E+00     -0.1536E+00    0.442287E-02       -0.15E+00        0.26E-04
        0.2193E+00     -0.1536E+00    0.399318E-02       -0.15E+00        0.21E-04
        0.2083E+00     -0.1537E+00    0.360368E-02       -0.15E+00        0.87E-05
        0.1979E+00     -0.1538E+00    0.324818E-02       -0.15E+00        0.87E-05
        0.1880E+00     -0.1538E+00    0.293287E-02       -0.15E+00        0.11E-04
        0.1786E+00     -0.1538E+00    0.264229E-02       -0.15E+00        0.97E-07
        0.1697E+00     -0.1539E+00    0.238262E-02       -0.15E+00        0.19E-05
        0.1612E+00     -0.1539E+00    0.214768E-02       -0.15E+00        0.30E-05
        0.1531E+00     -0.1539E+00    0.196220E-02       -0.15E+00        0.11E-04
        0.1455E+00     -0.1540E+00    0.175818E-02       -0.15E+00        0.12E-04
        0.1382E+00     -0.1540E+00    0.159125E-02       -0.15E+00        0.19E-04
        0.1313E+00     -0.1540E+00    0.143668E-02       -0.15E+00        0.45E-05
        0.1247E+00     -0.1541E+00    0.128830E-02       -0.15E+00        0.32E-05
        0.1185E+00     -0.1541E+00    0.117701E-02       -0.15E+00        0.18E-04
        0.1126E+00     -0.1541E+00    0.105336E-02       -0.15E+00        0.50E-05
        0.1069E+00     -0.1541E+00    0.954438E-03       -0.15E+00        0.13E-04
        0.1016E+00     -0.1541E+00    0.855517E-03       -0.15E+00        0.13E-04
        0.9651E-01     -0.1541E+00    0.744230E-03       -0.15E+00        0.11E-04
        0.9168E-01     -0.1541E+00    0.694769E-03       -0.15E+00        0.48E-05
        0.8710E-01     -0.1542E+00    0.620578E-03       -0.15E+00        0.13E-04
        0.8275E-01     -0.1542E+00    0.571117E-03       -0.15E+00        0.10E-04
        0.7861E-01     -0.1542E+00    0.521656E-03       -0.15E+00        0.43E-05
        0.7468E-01     -0.1542E+00    0.422735E-03       -0.15E+00        0.38E-04
        0.7094E-01     -0.1542E+00    0.422735E-03       -0.15E+00        0.24E-04
        0.6740E-01     -0.1542E+00    0.348544E-03       -0.15E+00        0.32E-04
        0.6403E-01     -0.1542E+00    0.348544E-03       -0.15E+00        0.25E-04
        0.6083E-01     -0.1542E+00    0.299083E-03       -0.15E+00        0.11E-04
        0.5778E-01     -0.1542E+00    0.200162E-03       -0.15E+00        0.34E-04
        0.5489E-01     -0.1542E+00    0.200162E-03       -0.15E+00        0.17E-04
        0.5215E-01     -0.1542E+00    0.150701E-03       -0.15E+00        0.69E-04
        0.4954E-01     -0.1542E+00    0.150701E-03       -0.15E+00        0.67E-05
        0.4707E-01     -0.1542E+00    0.101240E-03       -0.15E+00        0.44E-05
        0.4471E-01     -0.1542E+00    0.200162E-03       -0.15E+00        0.73E-04
        0.4248E-01     -0.1543E+00    0.231847E-05       -0.15E+00        0.13E-04
        0.4035E-01     -0.1542E+00    0.101240E-03       -0.15E+00        0.16E-03
        0.3834E-01     -0.1542E+00    0.101240E-03       -0.15E+00        0.48E-04
        0.3642E-01     -0.1542E+00    0.101240E-03       -0.15E+00        0.10E-03
        0.3460E-01     -0.1542E+00    0.101240E-03       -0.15E+00        0.11E-03
        0.3287E-01     -0.1542E+00    0.101240E-03       -0.15E+00        0.12E-03
        0.3122E-01     -0.1542E+00    0.101240E-03       -0.15E+00        0.17E-03
        0.2966E-01     -0.1542E+00    0.101240E-03       -0.15E+00        0.11E-03
        0.2818E-01     -0.1542E+00    0.101240E-03       -0.15E+00        0.20E-03
        0.2677E-01     -0.1543E+00    0.294446E-03       -0.15E+00        0.18E-04
        0.2543E-01     -0.1543E+00    0.966030E-04       -0.15E+00        0.79E-04
        0.2416E-01     -0.1542E+00    0.101240E-03       -0.15E+00        0.97E-06
        0.2295E-01     -0.1542E+00    0.101240E-03       -0.15E+00        0.31E-04
        0.2181E-01     -0.1542E+00    0.101240E-03       -0.15E+00        0.18E-03
        0.2071E-01     -0.1543E+00    0.294446E-03       -0.15E+00        0.17E-03
        0.1968E-01     -0.1542E+00    0.496926E-03       -0.15E+00        0.21E-03
        0.1870E-01     -0.1544E+00    0.690132E-03       -0.15E+00        0.19E-03
        0.1776E-01     -0.1544E+00    0.690132E-03       -0.15E+00        0.45E-03
        0.1687E-01     -0.1543E+00    0.294446E-03       -0.15E+00        0.64E-04
        0.1603E-01     -0.1543E+00    0.294446E-03       -0.15E+00        0.33E-03
        0.1523E-01     -0.1542E+00    0.496926E-03       -0.15E+00        0.96E-04
        0.1447E-01     -0.1544E+00    0.108582E-02       -0.15E+00        0.40E-03
        0.1374E-01     -0.1543E+00    0.294446E-03       -0.15E+00        0.15E-02
        0.1306E-01     -0.1542E+00    0.496926E-03       -0.15E+00        0.53E-03
        0.1240E-01     -0.1543E+00    0.294446E-03       -0.15E+00        0.23E-03
        0.1178E-01     -0.1543E+00    0.294446E-03       -0.15E+00        0.16E-03
        0.1119E-01     -0.1545E+00    0.187719E-02       -0.15E+00        0.76E-03
        0.1063E-01     -0.1543E+00    0.294446E-03       -0.15E+00        0.11E-03
        0.1010E-01     -0.1543E+00    0.294446E-03       -0.15E+00        0.38E-03
        0.9597E-02     -0.1545E+00    0.187719E-02       -0.15E+00        0.13E-02
        0.9117E-02     -0.1545E+00    0.187719E-02       -0.15E+00        0.10E-02
        0.8661E-02     -0.1543E+00    0.294446E-03       -0.15E+00        0.71E-03
        0.8228E-02     -0.1548E+00    0.345993E-02       -0.15E+00        0.70E-03
        0.7817E-02     -0.1538E+00    0.287104E-02       -0.15E+00        0.80E-03
        0.7426E-02     -0.1548E+00    0.345993E-02       -0.15E+00        0.30E-03
        0.7055E-02     -0.1543E+00    0.294446E-03       -0.15E+00        0.10E-02
        0.6702E-02     -0.1548E+00    0.345993E-02       -0.15E+00        0.20E-02
        0.6367E-02     -0.1543E+00    0.294446E-03       -0.15E+00        0.41E-02
        0.6048E-02     -0.1543E+00    0.294446E-03       -0.15E+00        0.10E-03
        0.5746E-02     -0.1543E+00    0.294446E-03       -0.15E+00        0.13E-02
        0.5459E-02     -0.1543E+00    0.294446E-03       -0.15E+00        0.28E-02
        0.5186E-02     -0.1543E+00    0.294446E-03       -0.15E+00        0.38E-02
        0.4927E-02     -0.1543E+00    0.294446E-03       -0.15E+00        0.23E-02
        0.4680E-02     -0.1553E+00    0.662542E-02       -0.15E+00        0.12E-01
        0.4446E-02     -0.1553E+00    0.662542E-02       -0.15E+00        0.34E-02
        0.4224E-02     -0.1562E+00    0.129564E-01       -0.16E+00        0.11E-01
        0.4013E-02     -0.1562E+00    0.129564E-01       -0.15E+00        0.81E-02
        0.3812E-02     -0.1562E+00    0.129564E-01       -0.15E+00        0.73E-02
        0.3621E-02     -0.1543E+00    0.294446E-03       -0.15E+00        0.18E-02
        0.3440E-02     -0.1562E+00    0.129564E-01       -0.15E+00        0.12E-02
        0.3268E-02     -0.1562E+00    0.129564E-01       -0.16E+00        0.13E-01
        0.3105E-02     -0.1543E+00    0.294446E-03       -0.16E+00        0.15E-01
        0.2950E-02     -0.1562E+00    0.129564E-01       -0.16E+00        0.67E-02
        0.2802E-02     -0.1562E+00    0.129564E-01       -0.15E+00        0.16E-01
        0.2662E-02     -0.1562E+00    0.129564E-01       -0.16E+00        0.18E-01
        0.2529E-02     -0.1562E+00    0.129564E-01       -0.15E+00        0.33E-01
        0.2403E-02     -0.1562E+00    0.129564E-01       -0.15E+00        0.18E-01
        0.2282E-02     -0.1602E+00    0.382803E-01       -0.15E+00        0.11E-01
        0.2168E-02     -0.1562E+00    0.129564E-01       -0.15E+00        0.14E-01
        0.2060E-02     -0.1562E+00    0.129564E-01       -0.15E+00        0.29E-01
        0.1957E-02     -0.1562E+00    0.129564E-01       -0.15E+00        0.58E-01
        0.1859E-02     -0.1562E+00    0.129564E-01       -0.16E+00        0.44E-01
        0.1766E-02     -0.1484E+00    0.376914E-01       -0.15E+00        0.89E-02
        0.1678E-02     -0.1562E+00    0.129564E-01       -0.16E+00        0.67E-02
        0.1594E-02     -0.1641E+00    0.636042E-01       -0.16E+00        0.14E-01
        0.1514E-02     -0.1562E+00    0.129564E-01       -0.16E+00        0.11E-01
        0.1438E-02     -0.1562E+00    0.129564E-01       -0.15E+00        0.41E-02
        0.1367E-02     -0.1562E+00    0.129564E-01       -0.15E+00        0.34E-01
        0.1298E-02     -0.1562E+00    0.129564E-01       -0.14E+00        0.83E-01
        0.1233E-02     -0.1562E+00    0.129564E-01       -0.16E+00        0.16E-01
        0.1172E-02     -0.1875E+00    0.215548E+00       -0.14E+00        0.62E-01
        0.1113E-02     -0.1719E+00    0.114252E+00       -0.16E+00        0.40E-01
        0.1057E-02     -0.1562E+00    0.129564E-01       -0.14E+00        0.78E-01
        0.1005E-02     -0.1875E+00    0.215548E+00       -0.16E+00        0.21E-01
        0.9543E-03     -0.1875E+00    0.215548E+00       -0.17E+00        0.13E+00
        0.9066E-03     -0.1562E+00    0.129564E-01       -0.15E+00        0.60E-01
        0.8613E-03     -0.1562E+00    0.129564E-01       -0.16E+00        0.42E-01
        0.8182E-03     -0.1875E+00    0.215548E+00       -0.12E+00        0.23E+00
        0.7773E-03     -0.1875E+00    0.215548E+00       -0.13E+00        0.15E+00
        0.7384E-03     -0.1250E+00    0.189635E+00       -0.15E+00        0.55E-01
        0.7015E-03     -0.1875E+00    0.215548E+00       -0.16E+00        0.47E-01
        0.6664E-03     -0.1250E+00    0.189635E+00       -0.18E+00        0.16E+00
        0.6331E-03     -0.1875E+00    0.215548E+00       -0.20E+00        0.29E+00
        0.6015E-03     -0.1875E+00    0.215548E+00       -0.22E+00        0.42E+00
        0.5714E-03     -0.1875E+00    0.215548E+00       -0.24E+00        0.58E+00
        0.5428E-03     -0.1875E+00    0.215548E+00       -0.13E+00        0.13E+00
        0.5157E-03     -0.2500E+00    0.620730E+00        0.00E+00        0.10E+01
        0.4899E-03     -0.2500E+00    0.620730E+00        0.00E+00        0.10E+01
        0.4654E-03     -0.2500E+00    0.620730E+00        0.00E+00        0.10E+01
        0.4421E-03     -0.3750E+00    0.143110E+01        0.00E+00        0.10E+01
        0.4200E-03     -0.2500E+00    0.620730E+00        0.00E+00        0.10E+01
        0.3990E-03     -0.2500E+00    0.620730E+00        0.00E+00        0.10E+01
        0.3791E-03     -0.2500E+00    0.620730E+00        0.00E+00        0.10E+01
        0.3601E-03     -0.5000E+00    0.224146E+01       -0.31E+00        0.99E+00
        0.3421E-03     -0.2500E+00    0.620730E+00        0.00E+00        0.10E+01
        0.3250E-03     -0.2500E+00    0.620730E+00        0.00E+00        0.10E+01
        0.3088E-03     -0.2500E+00    0.620730E+00        0.00E+00        0.10E+01
        0.2933E-03     -0.2500E+00    0.620730E+00        0.00E+00        0.10E+01
        0.2787E-03      0.0000E+00    0.100000E+01        0.00E+00        0.10E+01
        0.2647E-03     -0.5000E+00    0.224146E+01        0.00E+00        0.10E+01
        0.2515E-03     -0.5000E+00    0.224146E+01        0.00E+00        0.10E+01
        0.2389E-03      0.0000E+00    0.100000E+01        0.00E+00        0.10E+01
        0.2270E-03      0.0000E+00    0.100000E+01        0.00E+00        0.10E+01
        0.2156E-03     -0.5000E+00    0.224146E+01        0.00E+00        0.10E+01
        0.2048E-03     -0.1000E+01    0.548292E+01        0.00E+00        0.10E+01
        0.1946E-03      0.0000E+00    0.100000E+01        0.00E+00        0.10E+01
        0.1849E-03      0.0000E+00    0.100000E+01        0.00E+00        0.10E+01
        0.1756E-03     -0.1000E+01    0.548292E+01        0.00E+00        0.10E+01
        0.1668E-03      0.0000E+00    0.100000E+01        0.00E+00        0.10E+01
        0.1585E-03      0.0000E+00    0.100000E+01        0.00E+00        0.10E+01
        0.1506E-03     -0.2000E+01    0.119658E+02        0.00E+00        0.10E+01
        0.1430E-03      0.0000E+00    0.100000E+01        0.00E+00        0.10E+01
        0.1359E-03      0.0000E+00    0.100000E+01        0.00E+00        0.10E+01
        0.1291E-03      0.0000E+00    0.100000E+01        0.00E+00        0.10E+01
        0.1226E-03      0.0000E+00    0.100000E+01        0.00E+00        0.10E+01
        0.1165E-03      0.0000E+00    0.100000E+01        0.00E+00        0.10E+01
        0.1107E-03      0.0000E+00    0.100000E+01        0.00E+00        0.10E+01
        0.1052E-03      0.0000E+00    0.100000E+01        0.00E+00        0.10E+01
        0.9989E-04      0.0000E+00    0.100000E+01        0.00E+00        0.10E+01
        0.9490E-04      0.0000E+00    0.100000E+01        0.00E+00        0.10E+01
        0.9015E-04      0.0000E+00    0.100000E+01        0.00E+00        0.10E+01
        0.8565E-04      0.0000E+00    0.100000E+01        0.00E+00        0.10E+01
        0.8136E-04      0.0000E+00    0.100000E+01        0.00E+00        0.10E+01
        0.7730E-04      0.0000E+00    0.100000E+01        0.00E+00        0.10E+01
        0.7343E-04      0.0000E+00    0.100000E+01        0.00E+00        0.10E+01
        0.6976E-04      0.0000E+00    0.100000E+01        0.00E+00        0.10E+01
        0.6627E-04      0.0000E+00    0.100000E+01        0.00E+00        0.10E+01
        0.6296E-04      0.0000E+00    0.100000E+01        0.00E+00        0.10E+01
        0.5981E-04      0.0000E+00    0.100000E+01        0.00E+00        0.10E+01
        0.5682E-04      0.0000E+00    0.100000E+01        0.00E+00        0.10E+01
        0.5398E-04      0.0000E+00    0.100000E+01        0.00E+00        0.10E+01
        0.5128E-04      0.0000E+00    0.100000E+01        0.00E+00        0.10E+01
        0.4872E-04      0.0000E+00    0.100000E+01        0.00E+00        0.10E+01
        0.4628E-04      0.0000E+00    0.100000E+01        0.00E+00        0.10E+01
        0.4397E-04      0.0000E+00    0.100000E+01        0.00E+00        0.10E+01
        0.4177E-04      0.0000E+00    0.100000E+01        0.00E+00        0.10E+01
        0.3968E-04      0.0000E+00    0.100000E+01        0.00E+00        0.10E+01
        0.3769E-04      0.0000E+00    0.100000E+01        0.00E+00        0.10E+01
        0.3581E-04      0.0000E+00    0.100000E+01        0.00E+00        0.10E+01
        0.3402E-04      0.0000E+00    0.100000E+01        0.00E+00        0.10E+01
        0.3232E-04      0.0000E+00    0.100000E+01        0.00E+00        0.10E+01
        0.3070E-04      0.0000E+00    0.100000E+01        0.00E+00        0.10E+01
        0.2917E-04      0.0000E+00    0.100000E+01        0.00E+00        0.10E+01
        0.2771E-04      0.0000E+00    0.100000E+01        0.00E+00        0.10E+01
        0.2632E-04      0.0000E+00    0.100000E+01        0.00E+00        0.10E+01
        0.2501E-04      0.0000E+00    0.100000E+01        0.00E+00        0.10E+01
        0.2376E-04      0.0000E+00    0.100000E+01        0.00E+00        0.10E+01
        0.2257E-04      0.0000E+00    0.100000E+01        0.00E+00        0.10E+01
        0.2144E-04      0.0000E+00    0.100000E+01        0.00E+00        0.10E+01
        0.2037E-04      0.0000E+00    0.100000E+01        0.00E+00        0.10E+01
        0.1935E-04      0.0000E+00    0.100000E+01        0.00E+00        0.10E+01
        0.1838E-04      0.0000E+00    0.100000E+01        0.00E+00        0.10E+01
        0.1746E-04      0.0000E+00    0.100000E+01        0.00E+00        0.10E+01
        0.1659E-04      0.0000E+00    0.100000E+01        0.00E+00        0.10E+01
        0.1576E-04      0.0000E+00    0.100000E+01        0.00E+00        0.10E+01
        0.1497E-04      0.0000E+00    0.100000E+01        0.00E+00        0.10E+01
        0.1422E-04      0.0000E+00    0.100000E+01        0.00E+00        0.10E+01
        0.1351E-04      0.0000E+00    0.100000E+01        0.00E+00        0.10E+01
        0.1284E-04      0.0000E+00    0.100000E+01        0.00E+00        0.10E+01
        0.1220E-04      0.0000E+00    0.100000E+01        0.00E+00        0.10E+01
        0.1159E-04      0.0000E+00    0.100000E+01        0.00E+00        0.10E+01
        0.1101E-04      0.0000E+00    0.100000E+01        0.00E+00        0.10E+01
        0.1046E-04      0.0000E+00    0.100000E+01        0.00E+00        0.10E+01
        0.9933E-05      0.0000E+00    0.100000E+01        0.00E+00        0.10E+01
        0.9437E-05      0.0000E+00    0.100000E+01        0.00E+00        0.10E+01
        0.8965E-05      0.0000E+00    0.100000E+01        0.00E+00        0.10E+01
        0.8517E-05      0.0000E+00    0.100000E+01        0.00E+00        0.10E+01
        0.8091E-05      0.0000E+00    0.100000E+01        0.00E+00        0.10E+01
        0.7686E-05      0.0000E+00    0.100000E+01        0.00E+00        0.10E+01
        0.7302E-05      0.0000E+00    0.100000E+01        0.00E+00        0.10E+01
        0.6937E-05      0.0000E+00    0.100000E+01        0.00E+00        0.10E+01
        0.6590E-05      0.0000E+00    0.100000E+01        0.00E+00        0.10E+01
        0.6261E-05      0.0000E+00    0.100000E+01        0.00E+00        0.10E+01
        0.5947E-05      0.0000E+00    0.100000E+01        0.00E+00        0.10E+01
        0.5650E-05      0.0000E+00    0.100000E+01        0.00E+00        0.10E+01
        0.5368E-05      0.0000E+00    0.100000E+01        0.00E+00        0.10E+01
        0.5099E-05      0.0000E+00    0.100000E+01        0.00E+00        0.10E+01
        0.4844E-05      0.0000E+00    0.100000E+01        0.00E+00        0.10E+01
        0.4602E-05      0.0000E+00    0.100000E+01        0.00E+00        0.10E+01
        0.4372E-05      0.0000E+00    0.100000E+01        0.00E+00        0.10E+01
        0.4153E-05      0.0000E+00    0.100000E+01        0.00E+00        0.10E+01
        0.3946E-05      0.0000E+00    0.100000E+01        0.00E+00        0.10E+01
        0.3748E-05      0.0000E+00    0.100000E+01        0.00E+00        0.10E+01
        0.3561E-05      0.0000E+00    0.100000E+01        0.00E+00        0.10E+01
        0.3383E-05      0.0000E+00    0.100000E+01        0.00E+00        0.10E+01
        0.3214E-05      0.0000E+00    0.100000E+01        0.00E+00        0.10E+01
        0.3053E-05      0.0000E+00    0.100000E+01        0.00E+00        0.10E+01
        0.2900E-05      0.0000E+00    0.100000E+01        0.00E+00        0.10E+01
        0.2755E-05      0.0000E+00    0.100000E+01        0.00E+00        0.10E+01
        0.2618E-05      0.0000E+00    0.100000E+01        0.00E+00        0.10E+01
        0.2487E-05      0.0000E+00    0.100000E+01        0.00E+00        0.10E+01
        0.2362E-05      0.0000E+00    0.100000E+01        0.00E+00        0.10E+01
        0.2244E-05      0.0000E+00    0.100000E+01        0.00E+00        0.10E+01
        0.2132E-05      0.0000E+00    0.100000E+01        0.00E+00        0.10E+01
        0.2025E-05      0.0000E+00    0.100000E+01        0.00E+00        0.10E+01
        0.1924E-05      0.0000E+00    0.100000E+01        0.00E+00        0.10E+01
        0.1828E-05      0.0000E+00    0.100000E+01        0.00E+00        0.10E+01
        0.1737E-05      0.0000E+00    0.100000E+01        0.00E+00        0.10E+01
        0.1650E-05      0.0000E+00    0.100000E+01        0.00E+00        0.10E+01
        0.1567E-05      0.0000E+00    0.100000E+01        0.00E+00        0.10E+01
        0.1489E-05      0.0000E+00    0.100000E+01        0.00E+00        0.10E+01
        0.1414E-05      0.0000E+00    0.100000E+01        0.00E+00        0.10E+01
        0.1344E-05      0.0000E+00    0.100000E+01        0.00E+00        0.10E+01
        0.1277E-05      0.0000E+00    0.100000E+01        0.00E+00        0.10E+01
        0.1213E-05      0.0000E+00    0.100000E+01        0.00E+00        0.10E+01
        0.1152E-05      0.0000E+00    0.100000E+01        0.00E+00        0.10E+01
        0.1094E-05      0.0000E+00    0.100000E+01        0.00E+00        0.10E+01
        0.1040E-05      0.0000E+00    0.100000E+01        0.00E+00        0.10E+01
