   #x=   0.10
             #h           3-point     Error             5-point          Error
        0.3140E+00     -0.9869E+00    0.818863E-02       -0.99E+00        0.11E-03
        0.2983E+00     -0.9876E+00    0.739310E-02       -0.99E+00        0.88E-04
        0.2834E+00     -0.9884E+00    0.667234E-02       -0.99E+00        0.72E-04
        0.2692E+00     -0.9890E+00    0.602442E-02       -0.99E+00        0.59E-04
        0.2558E+00     -0.9896E+00    0.543975E-02       -0.99E+00        0.49E-04
        0.2430E+00     -0.9901E+00    0.490877E-02       -0.99E+00        0.39E-04
        0.2308E+00     -0.9906E+00    0.443337E-02       -0.99E+00        0.35E-04
        0.2193E+00     -0.9910E+00    0.400014E-02       -0.99E+00        0.25E-04
        0.2083E+00     -0.9914E+00    0.361292E-02       -0.99E+00        0.22E-04
        0.1979E+00     -0.9918E+00    0.326021E-02       -0.99E+00        0.20E-04
        0.1880E+00     -0.9921E+00    0.294583E-02       -0.99E+00        0.19E-04
        0.1786E+00     -0.9924E+00    0.265063E-02       -0.99E+00        0.16E-04
        0.1697E+00     -0.9926E+00    0.239376E-02       -0.99E+00        0.83E-05
        0.1612E+00     -0.9929E+00    0.215606E-02       -0.99E+00        0.13E-04
        0.1531E+00     -0.9931E+00    0.194903E-02       -0.99E+00        0.62E-05
        0.1455E+00     -0.9932E+00    0.176501E-02       -0.99E+00        0.66E-05
        0.1382E+00     -0.9934E+00    0.158865E-02       -0.99E+00        0.11E-04
        0.1313E+00     -0.9936E+00    0.142763E-02       -0.99E+00        0.96E-05
        0.1247E+00     -0.9937E+00    0.129728E-02       -0.10E+01        0.40E-05
        0.1185E+00     -0.9938E+00    0.117460E-02       -0.99E+00        0.58E-05
        0.1126E+00     -0.9940E+00    0.105191E-02       -0.99E+00        0.17E-04
        0.1069E+00     -0.9941E+00    0.944565E-03       -0.10E+01        0.35E-05
        0.1016E+00     -0.9942E+00    0.852553E-03       -0.10E+01        0.20E-05
        0.9651E-01     -0.9942E+00    0.775876E-03       -0.99E+00        0.18E-04
        0.9168E-01     -0.9943E+00    0.683863E-03       -0.10E+01        0.18E-05
        0.8710E-01     -0.9944E+00    0.622522E-03       -0.99E+00        0.91E-05
        0.8275E-01     -0.9944E+00    0.561180E-03       -0.99E+00        0.24E-04
        0.7861E-01     -0.9945E+00    0.499838E-03       -0.10E+01        0.18E-05
        0.7468E-01     -0.9946E+00    0.438497E-03       -0.99E+00        0.16E-04
        0.7094E-01     -0.9946E+00    0.407826E-03       -0.10E+01        0.68E-05
        0.6740E-01     -0.9946E+00    0.377155E-03       -0.99E+00        0.31E-04
        0.6403E-01     -0.9947E+00    0.346484E-03       -0.99E+00        0.18E-04
        0.6083E-01     -0.9947E+00    0.315813E-03       -0.99E+00        0.16E-04
        0.5778E-01     -0.9948E+00    0.254472E-03       -0.99E+00        0.12E-04
        0.5489E-01     -0.9948E+00    0.254472E-03       -0.99E+00        0.14E-04
        0.5215E-01     -0.9948E+00    0.193130E-03       -0.99E+00        0.59E-04
        0.4954E-01     -0.9948E+00    0.254472E-03       -0.99E+00        0.70E-04
        0.4707E-01     -0.9948E+00    0.193130E-03       -0.99E+00        0.70E-04
        0.4471E-01     -0.9948E+00    0.193130E-03       -0.99E+00        0.75E-04
        0.4248E-01     -0.9950E+00    0.910540E-05       -0.99E+00        0.65E-04
        0.4035E-01     -0.9949E+00    0.131789E-03       -0.99E+00        0.49E-04
        0.3834E-01     -0.9949E+00    0.131789E-03       -0.10E+01        0.40E-04
        0.3642E-01     -0.9950E+00    0.910540E-05       -0.99E+00        0.80E-04
        0.3460E-01     -0.9949E+00    0.131789E-03       -0.99E+00        0.15E-03
        0.3287E-01     -0.9949E+00    0.131789E-03       -0.99E+00        0.85E-04
        0.3122E-01     -0.9949E+00    0.131789E-03       -0.99E+00        0.20E-03
        0.2966E-01     -0.9951E+00    0.113578E-03       -0.99E+00        0.29E-04
        0.2818E-01     -0.9951E+00    0.113578E-03       -0.99E+00        0.22E-04
        0.2677E-01     -0.9951E+00    0.113578E-03       -0.99E+00        0.96E-04
        0.2543E-01     -0.9949E+00    0.131789E-03       -0.99E+00        0.25E-03
        0.2416E-01     -0.9949E+00    0.131789E-03       -0.99E+00        0.61E-04
        0.2295E-01     -0.9951E+00    0.113578E-03       -0.10E+01        0.19E-04
        0.2181E-01     -0.9951E+00    0.113578E-03       -0.99E+00        0.13E-03
        0.2071E-01     -0.9951E+00    0.113578E-03       -0.99E+00        0.71E-04
        0.1968E-01     -0.9946E+00    0.377155E-03       -0.99E+00        0.12E-03
        0.1870E-01     -0.9946E+00    0.377155E-03       -0.99E+00        0.42E-03
        0.1776E-01     -0.9951E+00    0.113578E-03       -0.99E+00        0.30E-03
        0.1687E-01     -0.9946E+00    0.377155E-03       -0.99E+00        0.41E-04
        0.1603E-01     -0.9946E+00    0.377155E-03       -0.99E+00        0.20E-03
        0.1523E-01     -0.9951E+00    0.113578E-03       -0.99E+00        0.35E-03
        0.1447E-01     -0.9941E+00    0.867888E-03       -0.10E+01        0.95E-05
        0.1374E-01     -0.9951E+00    0.113578E-03       -0.99E+00        0.22E-03
        0.1306E-01     -0.9951E+00    0.113578E-03       -0.99E+00        0.93E-03
        0.1240E-01     -0.9951E+00    0.113578E-03       -0.99E+00        0.10E-02
        0.1178E-01     -0.9941E+00    0.867888E-03       -0.99E+00        0.12E-02
        0.1119E-01     -0.9951E+00    0.113578E-03       -0.99E+00        0.43E-03
        0.1063E-01     -0.9941E+00    0.867888E-03       -0.10E+01        0.19E-03
        0.1010E-01     -0.9961E+00    0.109504E-02       -0.99E+00        0.13E-02
        0.9597E-02     -0.9961E+00    0.109504E-02       -0.99E+00        0.97E-03
        0.9117E-02     -0.9961E+00    0.109504E-02       -0.99E+00        0.66E-03
        0.8661E-02     -0.9941E+00    0.867888E-03       -0.10E+01        0.83E-03
        0.8228E-02     -0.9961E+00    0.109504E-02       -0.10E+01        0.41E-03
        0.7817E-02     -0.9941E+00    0.867888E-03       -0.99E+00        0.13E-02
        0.7426E-02     -0.9922E+00    0.283082E-02       -0.99E+00        0.60E-03
        0.7055E-02     -0.9961E+00    0.109504E-02       -0.10E+01        0.14E-02
        0.6702E-02     -0.9961E+00    0.109504E-02       -0.99E+00        0.62E-03
        0.6367E-02     -0.9922E+00    0.283082E-02       -0.10E+01        0.95E-03
        0.6048E-02     -0.9961E+00    0.109504E-02       -0.99E+00        0.44E-02
        0.5746E-02     -0.9961E+00    0.109504E-02       -0.99E+00        0.33E-02
        0.5459E-02     -0.1000E+01    0.502091E-02       -0.99E+00        0.29E-02
        0.5186E-02     -0.9922E+00    0.283082E-02       -0.99E+00        0.21E-02
        0.4927E-02     -0.9922E+00    0.283082E-02       -0.10E+01        0.43E-03
        0.4680E-02     -0.9922E+00    0.283082E-02       -0.99E+00        0.89E-03
        0.4446E-02     -0.1000E+01    0.502091E-02       -0.99E+00        0.61E-02
        0.4224E-02     -0.9922E+00    0.283082E-02       -0.99E+00        0.61E-02
        0.4013E-02     -0.1000E+01    0.502091E-02       -0.10E+01        0.20E-02
        0.3812E-02     -0.1000E+01    0.502091E-02       -0.98E+00        0.11E-01
        0.3621E-02     -0.1000E+01    0.502091E-02       -0.99E+00        0.12E-02
        0.3440E-02     -0.1000E+01    0.502091E-02       -0.99E+00        0.13E-02
        0.3268E-02     -0.1000E+01    0.502091E-02       -0.10E+01        0.19E-02
        0.3105E-02     -0.9844E+00    0.106825E-01       -0.99E+00        0.58E-02
        0.2950E-02     -0.9844E+00    0.106825E-01       -0.99E+00        0.86E-02
        0.2802E-02     -0.1000E+01    0.502091E-02       -0.97E+00        0.24E-01
        0.2662E-02     -0.1000E+01    0.502091E-02       -0.99E+00        0.82E-02
        0.2529E-02     -0.1000E+01    0.502091E-02       -0.99E+00        0.95E-03
        0.2403E-02     -0.1000E+01    0.502091E-02       -0.99E+00        0.37E-02
        0.2282E-02     -0.1000E+01    0.502091E-02       -0.98E+00        0.19E-01
        0.2168E-02     -0.1031E+01    0.364278E-01       -0.98E+00        0.15E-01
        0.2060E-02     -0.1000E+01    0.502091E-02       -0.97E+00        0.21E-01
        0.1957E-02     -0.1000E+01    0.502091E-02       -0.10E+01        0.12E-02
        0.1859E-02     -0.1000E+01    0.502091E-02       -0.10E+01        0.17E-01
        0.1766E-02     -0.1000E+01    0.502091E-02       -0.97E+00        0.27E-01
        0.1678E-02     -0.1000E+01    0.502091E-02       -0.10E+01        0.21E-01
        0.1594E-02     -0.1062E+01    0.678347E-01       -0.10E+01        0.61E-02
        0.1514E-02     -0.1000E+01    0.502091E-02       -0.97E+00        0.25E-01
        0.1438E-02     -0.1062E+01    0.678347E-01       -0.92E+00        0.74E-01
        0.1367E-02     -0.1000E+01    0.502091E-02       -0.10E+01        0.26E-01
        0.1298E-02     -0.1000E+01    0.502091E-02       -0.94E+00        0.52E-01
        0.1233E-02     -0.1000E+01    0.502091E-02       -0.10E+01        0.50E-01
        0.1172E-02     -0.1000E+01    0.502091E-02       -0.93E+00        0.69E-01
        0.1113E-02     -0.1000E+01    0.502091E-02       -0.10E+01        0.31E-01
        0.1057E-02     -0.1000E+01    0.502091E-02       -0.85E+00        0.14E+00
        0.1005E-02     -0.8750E+00    0.120607E+00       -0.95E+00        0.50E-01
        0.9543E-03     -0.1000E+01    0.502091E-02       -0.87E+00        0.12E+00
        0.9066E-03     -0.1000E+01    0.502091E-02       -0.97E+00        0.28E-01
        0.8613E-03     -0.7500E+00    0.246234E+00       -0.86E+00        0.14E+00
        0.8182E-03     -0.1000E+01    0.502091E-02       -0.95E+00        0.46E-01
        0.7773E-03     -0.1000E+01    0.502091E-02       -0.11E+01        0.58E-01
        0.7384E-03     -0.1000E+01    0.502091E-02       -0.12E+01        0.17E+00
        0.7015E-03     -0.1000E+01    0.502091E-02       -0.65E+00        0.35E+00
        0.6664E-03     -0.1000E+01    0.502091E-02       -0.72E+00        0.28E+00
        0.6331E-03     -0.1000E+01    0.502091E-02       -0.79E+00        0.20E+00
        0.6015E-03     -0.1500E+01    0.507531E+00       -0.88E+00        0.12E+00
        0.5714E-03     -0.1000E+01    0.502091E-02       -0.97E+00        0.21E-01
        0.5428E-03     -0.1000E+01    0.502091E-02       -0.11E+01        0.84E-01
        0.5157E-03     -0.5000E+00    0.497490E+00       -0.12E+01        0.20E+00
        0.4899E-03     -0.1000E+01    0.502091E-02       -0.13E+01        0.33E+00
        0.4654E-03     -0.1000E+01    0.502091E-02       -0.73E+00        0.26E+00
        0.4421E-03     -0.1000E+01    0.502091E-02        0.00E+00        0.10E+01
        0.4200E-03     -0.1000E+01    0.502091E-02        0.00E+00        0.10E+01
        0.3990E-03     -0.2000E+01    0.101004E+01        0.00E+00        0.10E+01
        0.3791E-03     -0.1000E+01    0.502091E-02        0.00E+00        0.10E+01
        0.3601E-03     -0.1000E+01    0.502091E-02        0.00E+00        0.10E+01
        0.3421E-03      0.0000E+00    0.100000E+01        0.00E+00        0.10E+01
        0.3250E-03     -0.2000E+01    0.101004E+01        0.00E+00        0.10E+01
        0.3088E-03     -0.2000E+01    0.101004E+01        0.00E+00        0.10E+01
        0.2933E-03      0.0000E+00    0.100000E+01        0.00E+00        0.10E+01
        0.2787E-03     -0.2000E+01    0.101004E+01        0.00E+00        0.10E+01
        0.2647E-03      0.0000E+00    0.100000E+01        0.00E+00        0.10E+01
        0.2515E-03     -0.2000E+01    0.101004E+01        0.00E+00        0.10E+01
        0.2389E-03     -0.4000E+01    0.302008E+01        0.00E+00        0.10E+01
        0.2270E-03      0.0000E+00    0.100000E+01        0.00E+00        0.10E+01
        0.2156E-03      0.0000E+00    0.100000E+01        0.00E+00        0.10E+01
        0.2048E-03      0.0000E+00    0.100000E+01        0.00E+00        0.10E+01
        0.1946E-03      0.0000E+00    0.100000E+01        0.00E+00        0.10E+01
        0.1849E-03      0.0000E+00    0.100000E+01        0.00E+00        0.10E+01
        0.1756E-03      0.0000E+00    0.100000E+01        0.00E+00        0.10E+01
        0.1668E-03      0.0000E+00    0.100000E+01        0.00E+00        0.10E+01
        0.1585E-03      0.0000E+00    0.100000E+01        0.00E+00        0.10E+01
        0.1506E-03      0.0000E+00    0.100000E+01        0.00E+00        0.10E+01
        0.1430E-03      0.0000E+00    0.100000E+01        0.00E+00        0.10E+01
        0.1359E-03      0.0000E+00    0.100000E+01        0.00E+00        0.10E+01
        0.1291E-03      0.0000E+00    0.100000E+01        0.00E+00        0.10E+01
        0.1226E-03      0.0000E+00    0.100000E+01        0.00E+00        0.10E+01
        0.1165E-03      0.0000E+00    0.100000E+01        0.00E+00        0.10E+01
        0.1107E-03      0.0000E+00    0.100000E+01        0.00E+00        0.10E+01
        0.1052E-03      0.0000E+00    0.100000E+01        0.00E+00        0.10E+01
        0.9989E-04      0.0000E+00    0.100000E+01        0.00E+00        0.10E+01
        0.9490E-04      0.0000E+00    0.100000E+01        0.00E+00        0.10E+01
        0.9015E-04      0.0000E+00    0.100000E+01        0.00E+00        0.10E+01
        0.8565E-04      0.0000E+00    0.100000E+01        0.00E+00        0.10E+01
        0.8136E-04      0.0000E+00    0.100000E+01        0.00E+00        0.10E+01
        0.7730E-04      0.0000E+00    0.100000E+01        0.00E+00        0.10E+01
        0.7343E-04      0.0000E+00    0.100000E+01        0.00E+00        0.10E+01
        0.6976E-04      0.0000E+00    0.100000E+01        0.00E+00        0.10E+01
        0.6627E-04      0.0000E+00    0.100000E+01        0.00E+00        0.10E+01
        0.6296E-04      0.0000E+00    0.100000E+01        0.00E+00        0.10E+01
        0.5981E-04      0.0000E+00    0.100000E+01        0.00E+00        0.10E+01
        0.5682E-04      0.0000E+00    0.100000E+01        0.00E+00        0.10E+01
        0.5398E-04      0.0000E+00    0.100000E+01        0.00E+00        0.10E+01
        0.5128E-04      0.0000E+00    0.100000E+01        0.00E+00        0.10E+01
        0.4872E-04      0.0000E+00    0.100000E+01        0.00E+00        0.10E+01
        0.4628E-04      0.0000E+00    0.100000E+01        0.00E+00        0.10E+01
        0.4397E-04      0.0000E+00    0.100000E+01        0.00E+00        0.10E+01
        0.4177E-04      0.0000E+00    0.100000E+01        0.00E+00        0.10E+01
        0.3968E-04      0.0000E+00    0.100000E+01        0.00E+00        0.10E+01
        0.3769E-04      0.0000E+00    0.100000E+01        0.00E+00        0.10E+01
        0.3581E-04      0.0000E+00    0.100000E+01        0.00E+00        0.10E+01
        0.3402E-04      0.0000E+00    0.100000E+01        0.00E+00        0.10E+01
        0.3232E-04      0.0000E+00    0.100000E+01        0.00E+00        0.10E+01
        0.3070E-04      0.0000E+00    0.100000E+01        0.00E+00        0.10E+01
        0.2917E-04      0.0000E+00    0.100000E+01        0.00E+00        0.10E+01
        0.2771E-04      0.0000E+00    0.100000E+01        0.00E+00        0.10E+01
        0.2632E-04      0.0000E+00    0.100000E+01        0.00E+00        0.10E+01
        0.2501E-04      0.0000E+00    0.100000E+01        0.00E+00        0.10E+01
        0.2376E-04      0.0000E+00    0.100000E+01        0.00E+00        0.10E+01
        0.2257E-04      0.0000E+00    0.100000E+01        0.00E+00        0.10E+01
        0.2144E-04      0.0000E+00    0.100000E+01        0.00E+00        0.10E+01
        0.2037E-04      0.0000E+00    0.100000E+01        0.00E+00        0.10E+01
        0.1935E-04      0.0000E+00    0.100000E+01        0.00E+00        0.10E+01
        0.1838E-04      0.0000E+00    0.100000E+01        0.00E+00        0.10E+01
        0.1746E-04      0.0000E+00    0.100000E+01        0.00E+00        0.10E+01
        0.1659E-04      0.0000E+00    0.100000E+01        0.00E+00        0.10E+01
        0.1576E-04      0.0000E+00    0.100000E+01        0.00E+00        0.10E+01
        0.1497E-04      0.0000E+00    0.100000E+01        0.00E+00        0.10E+01
        0.1422E-04      0.0000E+00    0.100000E+01        0.00E+00        0.10E+01
        0.1351E-04      0.0000E+00    0.100000E+01        0.00E+00        0.10E+01
        0.1284E-04      0.0000E+00    0.100000E+01        0.00E+00        0.10E+01
        0.1220E-04      0.0000E+00    0.100000E+01        0.00E+00        0.10E+01
        0.1159E-04      0.0000E+00    0.100000E+01        0.00E+00        0.10E+01
        0.1101E-04      0.0000E+00    0.100000E+01        0.00E+00        0.10E+01
        0.1046E-04      0.0000E+00    0.100000E+01        0.00E+00        0.10E+01
        0.9933E-05      0.0000E+00    0.100000E+01        0.00E+00        0.10E+01
        0.9437E-05      0.0000E+00    0.100000E+01        0.00E+00        0.10E+01
        0.8965E-05      0.0000E+00    0.100000E+01        0.00E+00        0.10E+01
        0.8517E-05      0.0000E+00    0.100000E+01        0.00E+00        0.10E+01
        0.8091E-05      0.0000E+00    0.100000E+01        0.00E+00        0.10E+01
        0.7686E-05      0.0000E+00    0.100000E+01        0.00E+00        0.10E+01
        0.7302E-05      0.0000E+00    0.100000E+01        0.00E+00        0.10E+01
        0.6937E-05      0.0000E+00    0.100000E+01        0.00E+00        0.10E+01
        0.6590E-05      0.0000E+00    0.100000E+01        0.00E+00        0.10E+01
        0.6261E-05      0.0000E+00    0.100000E+01        0.00E+00        0.10E+01
        0.5947E-05      0.0000E+00    0.100000E+01        0.00E+00        0.10E+01
        0.5650E-05      0.0000E+00    0.100000E+01        0.00E+00        0.10E+01
        0.5368E-05      0.0000E+00    0.100000E+01        0.00E+00        0.10E+01
        0.5099E-05      0.0000E+00    0.100000E+01        0.00E+00        0.10E+01
        0.4844E-05      0.0000E+00    0.100000E+01        0.00E+00        0.10E+01
        0.4602E-05      0.0000E+00    0.100000E+01        0.00E+00        0.10E+01
        0.4372E-05      0.0000E+00    0.100000E+01        0.00E+00        0.10E+01
        0.4153E-05      0.0000E+00    0.100000E+01        0.00E+00        0.10E+01
        0.3946E-05      0.0000E+00    0.100000E+01        0.00E+00        0.10E+01
        0.3748E-05      0.0000E+00    0.100000E+01        0.00E+00        0.10E+01
        0.3561E-05      0.0000E+00    0.100000E+01        0.00E+00        0.10E+01
        0.3383E-05      0.0000E+00    0.100000E+01        0.00E+00        0.10E+01
        0.3214E-05      0.0000E+00    0.100000E+01        0.00E+00        0.10E+01
        0.3053E-05      0.0000E+00    0.100000E+01        0.00E+00        0.10E+01
        0.2900E-05      0.0000E+00    0.100000E+01        0.00E+00        0.10E+01
        0.2755E-05      0.0000E+00    0.100000E+01        0.00E+00        0.10E+01
        0.2618E-05      0.0000E+00    0.100000E+01        0.00E+00        0.10E+01
        0.2487E-05      0.0000E+00    0.100000E+01        0.00E+00        0.10E+01
        0.2362E-05      0.0000E+00    0.100000E+01        0.00E+00        0.10E+01
        0.2244E-05      0.0000E+00    0.100000E+01        0.00E+00        0.10E+01
        0.2132E-05      0.0000E+00    0.100000E+01        0.00E+00        0.10E+01
        0.2025E-05      0.0000E+00    0.100000E+01        0.00E+00        0.10E+01
        0.1924E-05      0.0000E+00    0.100000E+01        0.00E+00        0.10E+01
        0.1828E-05      0.0000E+00    0.100000E+01        0.00E+00        0.10E+01
        0.1737E-05      0.0000E+00    0.100000E+01        0.00E+00        0.10E+01
        0.1650E-05      0.0000E+00    0.100000E+01        0.00E+00        0.10E+01
        0.1567E-05      0.0000E+00    0.100000E+01        0.00E+00        0.10E+01
        0.1489E-05      0.0000E+00    0.100000E+01        0.00E+00        0.10E+01
        0.1414E-05      0.0000E+00    0.100000E+01        0.00E+00        0.10E+01
        0.1344E-05      0.0000E+00    0.100000E+01        0.00E+00        0.10E+01
        0.1277E-05      0.0000E+00    0.100000E+01        0.00E+00        0.10E+01
        0.1213E-05      0.0000E+00    0.100000E+01        0.00E+00        0.10E+01
        0.1152E-05      0.0000E+00    0.100000E+01        0.00E+00        0.10E+01
        0.1094E-05      0.0000E+00    0.100000E+01        0.00E+00        0.10E+01
        0.1040E-05      0.0000E+00    0.100000E+01        0.00E+00        0.10E+01
