Accuracy = 29.15971062882582
Number of support vectors = 491


[[  0  64 113   0   0   0   0   1   0   0]
 [  0 182   0   0   0   0   0   0   0   0]
 [  0  52 125   0   0   0   0   0   0   0]
 [  0 165  15   0   0   0   0   3   0   0]
 [  0  77   0   0 104   0   0   0   0   0]
 [  0 153  13   0   0   0   0  16   0   0]
 [  0 162  15   0   0   0   0   4   0   0]
 [  0  66   0   0   0   0   0 113   0   0]
 [  0 172   1   0   0   0   0   1   0   0]
 [  0 151  19   0   0   0   0  10   0   0]]

Begin time:  Fri Dec  1 22:03:27 2017
End   time:  Fri Dec  1 22:12:41 2017 

Time taken:  0 days,  0 hours,        9 minutes,  13.341146 seconds.
