Accuracy = 91.04062326099054
Number of support vectors = 317


[[176   0   0   0   0   2   0   0   0   0]
 [  0 137  16   0   9   2   5   0   2  11]
 [  0   0 175   0   1   0   0   1   0   0]
 [  1   0   9 156   0   3   1   3   0  10]
 [  0   0   0   0 177   0   0   1   1   2]
 [  0   0   1   1   0 178   0   1   0   1]
 [  1   0   0   0   2   0 178   0   0   0]
 [  0   0   0   0   1   9   0 164   1   4]
 [  4   8   6   2   4   7  10   0 127   6]
 [  1   1   1   1   5   2   0   0   1 168]]

Begin time:  Fri Dec  1 21:53:57 2017
End   time:  Fri Dec  1 21:55:35 2017 

Time taken:  0 days,  0 hours,        1 minutes,  38.330967 seconds.
