Accuracy = 95.49248747913188
Number of support vectors = 157


[[178   0   0   0   0   0   0   0   0   0]
 [  0 182   0   0   0   0   0   0   0   0]
 [  0   6 168   0   0   0   0   1   2   0]
 [  0   1   1 173   0   1   0   1   3   3]
 [  0  20   0   0 161   0   0   0   0   0]
 [  0   2   0   0   0 176   2   0   0   2]
 [  2   2   0   0   0   0 177   0   0   0]
 [  0   1   0   0   0   2   0 164   1  11]
 [  0  12   0   0   0   0   0   0 161   1]
 [  0   1   0   0   0   1   0   0   2 176]]

Begin time:  Fri Dec  1 22:00:01 2017
End   time:  Fri Dec  1 22:01:59 2017 

Time taken:  0 days,  0 hours,        1 minutes,  57.998752 seconds.
