Accuracy = 92.48747913188647


[[177   0   0   0   0   1   0   0   0   0]
 [  0 143  15   0   5   1   1   0   5  12]
 [  0   0 175   0   1   0   0   1   0   0]
 [  1   0   7 155   0   3   0   2   1  14]
 [  0   0   0   0 177   0   0   1   3   0]
 [  0   0   1   0   0 176   0   1   0   4]
 [  1   0   0   0   2   0 178   0   0   0]
 [  0   0   0   0   1   9   0 161   1   7]
 [  1  10   2   1   1   5   1   0 149   4]
 [  0   1   0   0   3   2   0   0   3 171]]

Begin time:  Fri Dec  1 21:50:23 2017
End   time:  Fri Dec  1 21:50:24 2017 

Time taken:  0 days,  0 hours,        0 minutes,  1.652384 seconds.
