              #h    forward_diff       rel_error    central_diff       rel_error   extrapol_diff       rel_error
    0.400000E+02   -0.433249E-01    0.566028E+00   -0.455714E-02    0.954353E+00    0.876061E-02    0.108775E+01
    0.320000E+02   -0.687495E-02    0.931136E+00    0.179641E-02    0.101799E+01   -0.170607E-01    0.829109E+00
    0.256000E+02   -0.592295E-02    0.940672E+00   -0.180566E-02    0.981913E+00   -0.182217E-02    0.981748E+00
    0.204800E+02   -0.563464E-01    0.435596E+00    0.709637E-02    0.107108E+01    0.215028E-01    0.121539E+01
    0.163840E+02   -0.104291E+00    0.446479E-01   -0.114971E-01    0.884837E+00    0.303497E-01    0.130400E+01
    0.131072E+02   -0.147555E-01    0.852199E+00   -0.406930E-02    0.959239E+00    0.683214E-02    0.106844E+01
    0.104858E+02   -0.132889E+00    0.331109E+00    0.164246E-01    0.116452E+01   -0.307121E-01    0.692366E+00
    0.838861E+01   -0.189290E+00    0.896060E+00    0.206785E-01    0.120713E+01   -0.617738E-01    0.381231E+00
    0.671089E+01   -0.195260E-01    0.804414E+00    0.631422E-02    0.106325E+01   -0.809921E-01    0.188727E+00
    0.536871E+01   -0.575101E-01    0.423939E+00   -0.164187E-01    0.835539E+00   -0.911222E-01    0.872576E-01
    0.429497E+01   -0.304338E+00    0.204846E+01   -0.389701E-01    0.609649E+00   -0.959780E-01    0.386182E-01
    0.343597E+01   -0.558281E+00    0.459213E+01   -0.574824E-01    0.424217E+00   -0.981741E-01    0.166212E-01
    0.274878E+01   -0.710293E+00    0.611479E+01   -0.712419E-01    0.286393E+00   -0.991319E-01    0.702672E-02
    0.219902E+01   -0.755131E+00    0.656391E+01   -0.808997E-01    0.189653E+00   -0.995402E-01    0.293729E-02
    0.175922E+01   -0.727280E+00    0.628493E+01   -0.874487E-01    0.124054E+00   -0.997118E-01    0.121856E-02
    0.140737E+01   -0.661960E+00    0.563064E+01   -0.917958E-01    0.805099E-01   -0.997831E-01    0.503604E-03
    0.112590E+01   -0.583449E+00    0.484422E+01   -0.946432E-01    0.519885E-01   -0.998127E-01    0.207770E-03
    0.900720E+00   -0.505493E+00    0.406337E+01   -0.964927E-01    0.334632E-01   -0.998249E-01    0.856008E-04
    0.720576E+00   -0.434658E+00    0.335383E+01   -0.976876E-01    0.214944E-01   -0.998298E-01    0.358225E-04
    0.576461E+00   -0.373331E+00    0.273954E+01   -0.984568E-01    0.137889E-01   -0.998319E-01    0.154484E-04
    0.461169E+00   -0.321727E+00    0.222264E+01   -0.989510E-01    0.883927E-02   -0.998326E-01    0.820931E-05
    0.368935E+00   -0.279057E+00    0.179523E+01   -0.992681E-01    0.566226E-02   -0.998334E-01    0.447781E-06
    0.295148E+00   -0.244164E+00    0.144572E+01   -0.994715E-01    0.362523E-02   -0.998331E-01    0.298520E-05
    0.236118E+00   -0.215833E+00    0.116193E+01   -0.996017E-01    0.232100E-02   -0.998336E-01    0.186575E-05
    0.188895E+00   -0.192937E+00    0.932590E+00   -0.996849E-01    0.148790E-02   -0.998330E-01    0.447781E-05
    0.151116E+00   -0.174491E+00    0.747824E+00   -0.997384E-01    0.951385E-03   -0.998326E-01    0.843320E-05
    0.120893E+00   -0.159662E+00    0.599279E+00   -0.997727E-01    0.608609E-03   -0.998338E-01    0.373151E-05
    0.967141E-01   -0.147756E+00    0.480027E+00   -0.997946E-01    0.388823E-03   -0.998340E-01    0.626893E-05
    0.773713E-01   -0.138207E+00    0.384376E+00   -0.998086E-01    0.248444E-03   -0.998343E-01    0.880635E-05
    0.618970E-01   -0.130554E+00    0.307718E+00   -0.998171E-01    0.163515E-03   -0.998325E-01    0.917951E-05
    0.495176E-01   -0.124423E+00    0.246311E+00   -0.998222E-01    0.112841E-03   -0.998334E-01    0.373151E-06
    0.396141E-01   -0.119513E+00    0.197124E+00   -0.998279E-01    0.555994E-04   -0.998339E-01    0.470170E-05
    0.316913E-01   -0.115582E+00    0.157750E+00   -0.998286E-01    0.480618E-04   -0.998336E-01    0.216427E-05
    0.253530E-01   -0.112436E+00    0.126236E+00   -0.998300E-01    0.338821E-04   -0.998394E-01    0.603011E-04
    0.202824E-01   -0.109918E+00    0.101009E+00   -0.998318E-01    0.161947E-04   -0.998357E-01    0.230607E-04
    0.162259E-01   -0.107903E+00    0.808308E-01   -0.998325E-01    0.888098E-05   -0.998374E-01    0.402256E-04
    0.129807E-01   -0.106290E+00    0.646776E-01   -0.998344E-01    0.955266E-05   -0.998344E-01    0.955266E-05
    0.103846E-01   -0.104997E+00    0.517187E-01   -0.998309E-01    0.249265E-04   -0.998386E-01    0.517187E-04
    0.830767E-02   -0.103968E+00    0.414131E-01   -0.998352E-01    0.181351E-04   -0.998257E-01    0.776900E-04
    0.664614E-02   -0.103145E+00    0.331664E-01   -0.998352E-01    0.181351E-04   -0.998352E-01    0.181351E-04
    0.531691E-02   -0.102485E+00    0.265636E-01   -0.998397E-01    0.629878E-04   -0.998098E-01    0.236428E-03
    0.425353E-02   -0.101958E+00    0.212859E-01   -0.998285E-01    0.493305E-04   -0.998285E-01    0.493305E-04
    0.340282E-02   -0.101524E+00    0.169346E-01   -0.998250E-01    0.844813E-04   -0.998483E-01    0.149484E-03
    0.272226E-02   -0.101200E+00    0.136887E-01   -0.998206E-01    0.128289E-03   -0.998498E-01    0.164112E-03
    0.217781E-02   -0.100910E+00    0.107828E-01   -0.998425E-01    0.910488E-04   -0.998425E-01    0.910488E-04
    0.174225E-02   -0.100718E+00    0.886375E-02   -0.998630E-01    0.296655E-03   -0.998174E-01    0.160305E-03
    0.139380E-02   -0.100539E+00    0.706471E-02   -0.998545E-01    0.210979E-03   -0.997975E-01    0.360165E-03
    0.111504E-02   -0.100389E+00    0.556539E-02   -0.998545E-01    0.210979E-03   -0.998545E-01    0.210979E-03
    0.892030E-03   -0.100295E+00    0.462834E-02   -0.998278E-01    0.567935E-04   -0.998278E-01    0.567935E-04
    0.713624E-03   -0.100229E+00    0.395898E-02   -0.998110E-01    0.224189E-03   -0.996997E-01    0.133969E-02
    0.570899E-03   -0.100124E+00    0.291319E-02   -0.998110E-01    0.224189E-03   -0.998110E-01    0.224189E-03
    0.456719E-03   -0.100098E+00    0.265176E-02   -0.998371E-01    0.372404E-04   -0.100011E+00    0.178023E-02
    0.365375E-03   -0.100000E+00    0.167127E-02   -0.998371E-01    0.372404E-04   -0.998371E-01    0.372404E-04
    0.292300E-03   -0.999187E-01    0.854216E-03   -0.997148E-01    0.118834E-02   -0.999867E-01    0.153507E-02
    0.233840E-03   -0.999187E-01    0.854216E-03   -0.999187E-01    0.854216E-03   -0.999187E-01    0.854216E-03
    0.187072E-03   -0.100046E+00    0.213084E-02   -0.997275E-01    0.106064E-02   -0.100152E+00    0.319469E-02
    0.149658E-03   -0.999665E-01    0.133297E-02   -0.999665E-01    0.133297E-02   -0.994355E-01    0.398622E-02
    0.119726E-03   -0.100066E+00    0.233025E-02   -0.100066E+00    0.233025E-02   -0.994023E-01    0.431870E-02
    0.957810E-04   -0.100191E+00    0.357695E-02   -0.995682E-01    0.265646E-02   -0.995682E-01    0.265646E-02
    0.766248E-04   -0.100346E+00    0.513530E-02   -0.995682E-01    0.265646E-02   -0.995682E-01    0.265646E-02
    0.612998E-04   -0.100152E+00    0.318730E-02   -0.100152E+00    0.318730E-02   -0.988552E-01    0.979894E-02
    0.490399E-04   -0.996654E-01    0.168254E-02   -0.996654E-01    0.168254E-02   -0.996654E-01    0.168254E-02
    0.392319E-04   -0.100273E+00    0.440474E-02   -0.100273E+00    0.440474E-02   -0.100273E+00    0.440474E-02
    0.313855E-04   -0.100653E+00    0.820931E-02   -0.987539E-01    0.108135E-01   -0.987539E-01    0.108135E-01
    0.251084E-04   -0.997034E-01    0.130215E-02   -0.997034E-01    0.130215E-02   -0.997034E-01    0.130215E-02
    0.200867E-04   -0.100890E+00    0.105872E-01   -0.100890E+00    0.105872E-01   -0.100890E+00    0.105872E-01
    0.160694E-04   -0.100149E+00    0.315641E-02   -0.100149E+00    0.315641E-02   -0.105094E+00    0.526950E-01
    0.128555E-04   -0.102003E+00    0.217333E-01   -0.102003E+00    0.217333E-01   -0.102003E+00    0.217333E-01
    0.102844E-04   -0.985258E-01    0.130985E-01   -0.985258E-01    0.130985E-01   -0.106253E+00    0.643056E-01
    0.822753E-05   -0.101424E+00    0.159280E-01   -0.101424E+00    0.159280E-01   -0.101424E+00    0.159280E-01
    0.658202E-05   -0.996124E-01    0.221353E-02   -0.996124E-01    0.221353E-02   -0.111687E+00    0.118730E+00
    0.526562E-05   -0.101876E+00    0.204634E-01   -0.101876E+00    0.204634E-01   -0.867836E-01    0.130716E+00
    0.421249E-05   -0.990465E-01    0.788273E-02   -0.990465E-01    0.788273E-02   -0.117912E+00    0.181092E+00
    0.336999E-05   -0.106121E+00    0.629828E-01   -0.106121E+00    0.629828E-01   -0.106121E+00    0.629828E-01
    0.269600E-05   -0.110543E+00    0.107274E+00   -0.884343E-01    0.114181E+00   -0.884343E-01    0.114181E+00
    0.215680E-05   -0.110543E+00    0.107274E+00   -0.110543E+00    0.107274E+00   -0.110543E+00    0.107274E+00
    0.172544E-05   -0.103634E+00    0.380691E-01   -0.103634E+00    0.380691E-01   -0.149694E+00    0.499433E+00
    0.138035E-05   -0.129542E+00    0.297586E+00   -0.863617E-01    0.134942E+00   -0.863617E-01    0.134942E+00
    0.110428E-05   -0.107952E+00    0.813219E-01   -0.107952E+00    0.813219E-01   -0.107952E+00    0.813219E-01
    0.883424E-06   -0.134940E+00    0.351652E+00   -0.134940E+00    0.351652E+00   -0.134940E+00    0.351652E+00
    0.706739E-06   -0.843375E-01    0.155217E+00   -0.843375E-01    0.155217E+00   -0.196788E+00    0.971160E+00
    0.565391E-06   -0.105422E+00    0.559783E-01   -0.105422E+00    0.559783E-01    0.351406E-01    0.135199E+01
    0.452313E-06   -0.131777E+00    0.319973E+00   -0.131777E+00    0.319973E+00    0.439258E-01    0.143999E+01
    0.361850E-06   -0.164722E+00    0.649966E+00   -0.164722E+00    0.649966E+00    0.549073E-01    0.154999E+01
    0.289480E-06   -0.205902E+00    0.106246E+01    0.000000E+00    0.100000E+01    0.000000E+00    0.100000E+01
    0.231584E-06   -0.257378E+00    0.157807E+01    0.000000E+00    0.100000E+01    0.000000E+00    0.100000E+01
    0.185267E-06   -0.321722E+00    0.222259E+01    0.000000E+00    0.100000E+01    0.000000E+00    0.100000E+01
    0.148214E-06    0.000000E+00    0.100000E+01    0.000000E+00    0.100000E+01    0.000000E+00    0.100000E+01
    0.118571E-06    0.000000E+00    0.100000E+01    0.000000E+00    0.100000E+01    0.000000E+00    0.100000E+01
