              #h    forward_diff       rel_error    central_diff       rel_error   extrapol_diff       rel_error
    0.400000E+02   -0.433249E-01    0.566028E+00   -0.455712E-02    0.954353E+00    0.876057E-02    0.108775E+01
    0.320000E+02   -0.687498E-02    0.931136E+00    0.179640E-02    0.101799E+01   -0.170606E-01    0.829109E+00
    0.256000E+02   -0.592293E-02    0.940672E+00   -0.180566E-02    0.981913E+00   -0.182218E-02    0.981748E+00
    0.204800E+02   -0.563464E-01    0.435596E+00    0.709634E-02    0.107108E+01    0.215028E-01    0.121539E+01
    0.163840E+02   -0.104291E+00    0.446476E-01   -0.114971E-01    0.884837E+00    0.303497E-01    0.130400E+01
    0.131072E+02   -0.147556E-01    0.852198E+00   -0.406931E-02    0.959239E+00    0.683215E-02    0.106844E+01
    0.104858E+02   -0.132889E+00    0.331108E+00    0.164246E-01    0.116452E+01   -0.307121E-01    0.692366E+00
    0.838861E+01   -0.189290E+00    0.896060E+00    0.206786E-01    0.120713E+01   -0.617738E-01    0.381231E+00
    0.671089E+01   -0.195261E-01    0.804414E+00    0.631424E-02    0.106325E+01   -0.809921E-01    0.188728E+00
    0.536871E+01   -0.575100E-01    0.423940E+00   -0.164187E-01    0.835539E+00   -0.911222E-01    0.872578E-01
    0.429497E+01   -0.304338E+00    0.204846E+01   -0.389701E-01    0.609648E+00   -0.959780E-01    0.386184E-01
    0.343597E+01   -0.558281E+00    0.459212E+01   -0.574823E-01    0.424217E+00   -0.981741E-01    0.166210E-01
    0.274878E+01   -0.710293E+00    0.611479E+01   -0.712418E-01    0.286393E+00   -0.991319E-01    0.702699E-02
    0.219902E+01   -0.755131E+00    0.656391E+01   -0.808997E-01    0.189653E+00   -0.995402E-01    0.293715E-02
    0.175922E+01   -0.727280E+00    0.628493E+01   -0.874486E-01    0.124054E+00   -0.997117E-01    0.121875E-02
    0.140737E+01   -0.661960E+00    0.563064E+01   -0.917958E-01    0.805099E-01   -0.997832E-01    0.503358E-03
    0.112590E+01   -0.583449E+00    0.484422E+01   -0.946433E-01    0.519881E-01   -0.998127E-01    0.207272E-03
    0.900720E+00   -0.505493E+00    0.406337E+01   -0.964927E-01    0.334629E-01   -0.998249E-01    0.851875E-04
    0.720576E+00   -0.434658E+00    0.335383E+01   -0.976875E-01    0.214946E-01   -0.998299E-01    0.349687E-04
    0.576461E+00   -0.373331E+00    0.273954E+01   -0.984568E-01    0.137887E-01   -0.998320E-01    0.143431E-04
    0.461169E+00   -0.321727E+00    0.222264E+01   -0.989511E-01    0.883799E-02   -0.998328E-01    0.588018E-05
    0.368935E+00   -0.279057E+00    0.179523E+01   -0.992682E-01    0.566173E-02   -0.998332E-01    0.240989E-05
    0.295148E+00   -0.244164E+00    0.144572E+01   -0.994714E-01    0.362573E-02   -0.998333E-01    0.987452E-06
    0.236118E+00   -0.215833E+00    0.116193E+01   -0.996017E-01    0.232138E-02   -0.998334E-01    0.404555E-06
    0.188895E+00   -0.192937E+00    0.932591E+00   -0.996851E-01    0.148605E-02   -0.998334E-01    0.165730E-06
    0.151116E+00   -0.174491E+00    0.747825E+00   -0.997385E-01    0.951227E-03   -0.998334E-01    0.678897E-07
    0.120893E+00   -0.159662E+00    0.599279E+00   -0.997726E-01    0.608848E-03   -0.998334E-01    0.278093E-07
    0.967141E-01   -0.147756E+00    0.480024E+00   -0.997945E-01    0.389688E-03   -0.998334E-01    0.113911E-07
    0.773713E-01   -0.138207E+00    0.384376E+00   -0.998085E-01    0.249411E-03   -0.998334E-01    0.466593E-08
    0.618970E-01   -0.130554E+00    0.307716E+00   -0.998175E-01    0.159627E-03   -0.998334E-01    0.191118E-08
    0.495176E-01   -0.124423E+00    0.246303E+00   -0.998232E-01    0.102163E-03   -0.998334E-01    0.782831E-09
    0.396141E-01   -0.119513E+00    0.197122E+00   -0.998269E-01    0.653852E-04   -0.998334E-01    0.320646E-09
    0.316913E-01   -0.115582E+00    0.157747E+00   -0.998292E-01    0.418468E-04   -0.998334E-01    0.131311E-09
    0.253530E-01   -0.112435E+00    0.126228E+00   -0.998307E-01    0.267821E-04   -0.998334E-01    0.537252E-10
    0.202824E-01   -0.109917E+00    0.101002E+00   -0.998317E-01    0.171406E-04   -0.998334E-01    0.220997E-10
    0.162259E-01   -0.107901E+00    0.808134E-01   -0.998323E-01    0.109700E-04   -0.998334E-01    0.910053E-11
    0.129807E-01   -0.106288E+00    0.646582E-01   -0.998327E-01    0.702080E-05   -0.998334E-01    0.356059E-11
    0.103846E-01   -0.104998E+00    0.517313E-01   -0.998330E-01    0.449332E-05   -0.998334E-01    0.157595E-11
    0.830767E-02   -0.103965E+00    0.413881E-01   -0.998331E-01    0.287573E-05   -0.998334E-01    0.826272E-12
    0.664614E-02   -0.103139E+00    0.331124E-01   -0.998332E-01    0.184046E-05   -0.998334E-01    0.257445E-12
    0.531691E-02   -0.102478E+00    0.264911E-01   -0.998333E-01    0.117790E-05   -0.998334E-01    0.750651E-14
    0.425353E-02   -0.101949E+00    0.211937E-01   -0.998333E-01    0.753855E-06   -0.998334E-01    0.114544E-12
    0.340282E-02   -0.101526E+00    0.169554E-01   -0.998334E-01    0.482467E-06   -0.998334E-01    0.275239E-13
    0.272226E-02   -0.101188E+00    0.135646E-01   -0.998334E-01    0.308779E-06   -0.998334E-01    0.517115E-12
    0.217781E-02   -0.100917E+00    0.108519E-01   -0.998334E-01    0.197619E-06   -0.998334E-01    0.129696E-12
    0.174225E-02   -0.100700E+00    0.868166E-02   -0.998334E-01    0.126476E-06   -0.998334E-01    0.300121E-12
    0.139380E-02   -0.100527E+00    0.694541E-02   -0.998334E-01    0.809450E-07   -0.998334E-01    0.872979E-13
    0.111504E-02   -0.100388E+00    0.555638E-02   -0.998334E-01    0.518045E-07   -0.998334E-01    0.245074E-12
    0.892030E-03   -0.100277E+00    0.444514E-02   -0.998334E-01    0.331551E-07   -0.998334E-01    0.874369E-13
    0.713624E-03   -0.100188E+00    0.355613E-02   -0.998334E-01    0.212179E-07   -0.998334E-01    0.143791E-11
    0.570899E-03   -0.100117E+00    0.284492E-02   -0.998334E-01    0.135812E-07   -0.998334E-01    0.273654E-11
    0.456719E-03   -0.100061E+00    0.227594E-02   -0.998334E-01    0.869086E-08   -0.998334E-01    0.306127E-11
    0.365375E-03   -0.100015E+00    0.182076E-02   -0.998334E-01    0.556260E-08   -0.998334E-01    0.119979E-11
    0.292300E-03   -0.999788E-01    0.145661E-02   -0.998334E-01    0.355911E-08   -0.998334E-01    0.311214E-11
    0.233840E-03   -0.999498E-01    0.116529E-02   -0.998334E-01    0.227602E-08   -0.998334E-01    0.375326E-12
    0.187072E-03   -0.999265E-01    0.932235E-03   -0.998334E-01    0.145566E-08   -0.998334E-01    0.275308E-11
    0.149658E-03   -0.999079E-01    0.745789E-03   -0.998334E-01    0.935508E-09   -0.998334E-01    0.418238E-11
    0.119726E-03   -0.998930E-01    0.596632E-03   -0.998334E-01    0.593692E-09   -0.998334E-01    0.771363E-12
    0.957810E-04   -0.998811E-01    0.477306E-03   -0.998334E-01    0.380057E-09   -0.998334E-01    0.851725E-11
    0.766248E-04   -0.998715E-01    0.381845E-03   -0.998334E-01    0.246535E-09   -0.998334E-01    0.243793E-10
    0.612998E-04   -0.998639E-01    0.305476E-03   -0.998334E-01    0.170340E-09   -0.998334E-01    0.101894E-11
    0.490399E-04   -0.998578E-01    0.244381E-03   -0.998334E-01    0.977741E-10   -0.998334E-01    0.231697E-10
    0.392319E-04   -0.998529E-01    0.195505E-03   -0.998334E-01    0.807664E-10   -0.998334E-01    0.326184E-10
    0.313855E-04   -0.998490E-01    0.156404E-03   -0.998334E-01    0.382472E-10   -0.998334E-01    0.382472E-10
    0.251084E-04   -0.998459E-01    0.125123E-03   -0.998334E-01    0.293891E-10   -0.998334E-01    0.296656E-10
    0.200867E-04   -0.998434E-01    0.100099E-03   -0.998334E-01    0.382902E-11   -0.998334E-01    0.699892E-10
    0.160694E-04   -0.998414E-01    0.800789E-04   -0.998334E-01    0.376938E-10   -0.998334E-01    0.545790E-10
    0.128555E-04   -0.998398E-01    0.640631E-04   -0.998334E-01    0.203927E-10   -0.998334E-01    0.949485E-10
    0.102844E-04   -0.998385E-01    0.512505E-04   -0.998334E-01    0.420192E-10   -0.998334E-01    0.102157E-09
    0.822752E-05   -0.998375E-01    0.410005E-04   -0.998334E-01    0.149862E-10   -0.998334E-01    0.195207E-09
    0.658202E-05   -0.998367E-01    0.328003E-04   -0.998334E-01    0.120179E-09   -0.998334E-01    0.120179E-09
    0.526561E-05   -0.998360E-01    0.262403E-04   -0.998334E-01    0.133256E-09   -0.998334E-01    0.429933E-09
    0.421249E-05   -0.998355E-01    0.209923E-04   -0.998334E-01    0.183538E-09   -0.998334E-01    0.183538E-09
    0.336999E-05   -0.998351E-01    0.167939E-04   -0.998334E-01    0.146456E-09   -0.998334E-01    0.293535E-09
    0.269599E-05   -0.998348E-01    0.134350E-04   -0.998334E-01    0.183538E-09   -0.998334E-01    0.183538E-09
    0.215680E-05   -0.998345E-01    0.107484E-04   -0.998334E-01    0.125831E-09   -0.998334E-01    0.561655E-09
    0.172544E-05   -0.998343E-01    0.859891E-05   -0.998334E-01    0.254735E-09   -0.998334E-01    0.604623E-09
    0.138035E-05   -0.998341E-01    0.687885E-05   -0.998334E-01    0.576994E-09   -0.998334E-01    0.157140E-08
    0.110428E-05   -0.998340E-01    0.550321E-05   -0.998334E-01    0.375582E-09   -0.998334E-01    0.171833E-08
    0.883424E-06   -0.998339E-01    0.440350E-05   -0.998334E-01    0.127948E-09   -0.998334E-01    0.127948E-09
    0.706739E-06   -0.998338E-01    0.352201E-05   -0.998334E-01    0.113088E-08   -0.998334E-01    0.306521E-08
    0.565391E-06   -0.998337E-01    0.281785E-05   -0.998334E-01    0.737495E-09   -0.998334E-01    0.336005E-08
    0.452313E-06   -0.998336E-01    0.225531E-05   -0.998334E-01    0.737691E-09   -0.998334E-01    0.254050E-08
    0.361850E-06   -0.998336E-01    0.180354E-05   -0.998334E-01    0.491631E-09   -0.998334E-01    0.491631E-09
    0.289480E-06   -0.998336E-01    0.144627E-05   -0.998334E-01    0.181335E-08   -0.998334E-01    0.693552E-08
    0.231584E-06   -0.998335E-01    0.115430E-05   -0.998334E-01    0.298869E-08   -0.998334E-01    0.939140E-08
    0.185267E-06   -0.998335E-01    0.925005E-06   -0.998334E-01    0.538971E-08   -0.998334E-01    0.106171E-07
    0.148214E-06   -0.998335E-01    0.740427E-06   -0.998334E-01    0.238843E-08   -0.998334E-01    0.238843E-08
    0.118571E-06   -0.998335E-01    0.592239E-06   -0.998334E-01    0.136316E-08   -0.998334E-01    0.136316E-08
    0.948569E-07   -0.998335E-01    0.475001E-06   -0.998334E-01    0.567108E-08   -0.998334E-01    0.213027E-07
    0.758855E-07   -0.998335E-01    0.384143E-06   -0.998334E-01    0.115329E-07   -0.998334E-01    0.275461E-07
    0.607084E-07   -0.998334E-01    0.307206E-06   -0.998334E-01    0.420561E-08   -0.998334E-01    0.420561E-08
    0.485667E-07   -0.998334E-01    0.261410E-06   -0.998334E-01    0.133648E-07   -0.998334E-01    0.133648E-07
    0.388534E-07   -0.998334E-01    0.198441E-06   -0.998334E-01    0.191582E-08   -0.998334E-01    0.191582E-08
    0.310827E-07   -0.998334E-01    0.169818E-06   -0.998334E-01    0.907141E-08   -0.998334E-01    0.386325E-07
    0.248662E-07   -0.998334E-01    0.134040E-06   -0.998334E-01    0.126925E-09   -0.998334E-01    0.595030E-07
    0.198929E-07   -0.998334E-01    0.134040E-06   -0.998334E-01    0.222343E-07   -0.998334E-01    0.222343E-07
    0.159143E-07   -0.998334E-01    0.921131E-07   -0.998334E-01    0.222343E-07   -0.998334E-01    0.164109E-06
    0.127315E-07   -0.998334E-01    0.746434E-07   -0.998334E-01    0.127051E-07   -0.998334E-01    0.127051E-07
    0.101852E-07   -0.998334E-01    0.964805E-07   -0.998334E-01    0.127051E-07   -0.998334E-01    0.278457E-06
    0.814814E-08   -0.998334E-01    0.418877E-07   -0.998334E-01    0.945944E-07   -0.998334E-01    0.873817E-07
    0.651852E-08   -0.998334E-01    0.418877E-07   -0.998334E-01    0.128715E-06   -0.998334E-01    0.356185E-06
    0.521481E-08   -0.998334E-01    0.845384E-07   -0.998334E-01    0.845384E-07   -0.998335E-01    0.368876E-06
    0.417185E-08   -0.998334E-01    0.137852E-06   -0.998334E-01    0.137852E-06   -0.998335E-01    0.493274E-06
    0.333748E-08   -0.998334E-01    0.712100E-07   -0.998334E-01    0.712100E-07   -0.998334E-01    0.373068E-06
    0.266998E-08   -0.998334E-01    0.237814E-06   -0.998334E-01    0.178696E-06   -0.998335E-01    0.376651E-06
    0.213599E-08   -0.998335E-01    0.446069E-06   -0.998334E-01    0.745685E-07   -0.998335E-01    0.619615E-06
    0.170879E-08   -0.998334E-01    0.555909E-07   -0.998334E-01    0.555909E-07   -0.998335E-01    0.923321E-06
    0.136703E-08   -0.998335E-01    0.380990E-06   -0.998334E-01    0.432507E-06   -0.998335E-01    0.652155E-06
    0.109363E-08   -0.998335E-01    0.787738E-06   -0.998334E-01    0.229133E-06   -0.998335E-01    0.112669E-05
    0.874900E-09   -0.998335E-01    0.787738E-06   -0.998334E-01    0.483351E-06   -0.998332E-01    0.217814E-05
    0.699920E-09   -0.998334E-01    0.152194E-06   -0.998333E-01    0.143667E-05   -0.998335E-01    0.681814E-06
    0.559936E-09   -0.998335E-01    0.946624E-06   -0.998333E-01    0.103945E-05   -0.998336E-01    0.160865E-05
    0.447949E-09   -0.998336E-01    0.144314E-05   -0.998336E-01    0.144314E-05   -0.998339E-01    0.475327E-05
    0.358359E-09   -0.998336E-01    0.144314E-05   -0.998333E-01    0.166010E-05   -0.998328E-01    0.579776E-05
    0.286687E-09   -0.998335E-01    0.667332E-06   -0.998335E-01    0.667332E-06   -0.998330E-01    0.450474E-05
    0.229350E-09   -0.998335E-01    0.667332E-06   -0.998330E-01    0.418149E-05   -0.998324E-01    0.106466E-04
    0.183480E-09   -0.998336E-01    0.187954E-05   -0.998336E-01    0.187954E-05   -0.998344E-01    0.996090E-05
    0.146784E-09   -0.998335E-01    0.364281E-06   -0.998335E-01    0.364281E-06   -0.998324E-01    0.973742E-05
    0.117427E-09   -0.998336E-01    0.225835E-05   -0.998336E-01    0.225835E-05   -0.998349E-01    0.148855E-04
    0.939417E-10   -0.998344E-01    0.936111E-05   -0.998344E-01    0.936111E-05   -0.998328E-01    0.642280E-05
    0.751534E-10   -0.998344E-01    0.936111E-05   -0.998329E-01    0.543631E-05   -0.998309E-01    0.251662E-04
    0.601227E-10   -0.998344E-01    0.936111E-05   -0.998325E-01    0.913566E-05   -0.998300E-01    0.337980E-04
    0.480982E-10   -0.998339E-01    0.473692E-05   -0.998339E-01    0.473692E-05   -0.998308E-01    0.260910E-04
    0.384785E-10   -0.998345E-01    0.105172E-04   -0.998345E-01    0.105172E-04   -0.998383E-01    0.490521E-04
    0.307828E-10   -0.998352E-01    0.177425E-04   -0.998352E-01    0.177425E-04   -0.998400E-01    0.659111E-04
    0.246263E-10   -0.998361E-01    0.267741E-04   -0.998361E-01    0.267741E-04   -0.998421E-01    0.869849E-04
    0.197010E-10   -0.998361E-01    0.267741E-04   -0.998305E-01    0.296736E-04   -0.998229E-01    0.104937E-03
    0.157608E-10   -0.998375E-01    0.408860E-04   -0.998375E-01    0.408860E-04   -0.998469E-01    0.134965E-03
    0.126086E-10   -0.998340E-01    0.560621E-05   -0.998252E-01    0.825933E-04   -0.998369E-01    0.350060E-04
    0.100869E-10   -0.998406E-01    0.717558E-04   -0.998406E-01    0.717558E-04   -0.998259E-01    0.752433E-04
    0.806953E-11   -0.998433E-01    0.993181E-04   -0.998433E-01    0.993181E-04   -0.998617E-01    0.283067E-03
    0.645562E-11   -0.998502E-01    0.168224E-03   -0.998330E-01    0.404061E-05   -0.998559E-01    0.225646E-03
    0.516450E-11   -0.998545E-01    0.211290E-03   -0.998545E-01    0.211290E-03   -0.998258E-01    0.758175E-04
    0.413160E-11   -0.998545E-01    0.211290E-03   -0.998276E-01    0.578733E-04   -0.997918E-01    0.416758E-03
    0.330528E-11   -0.998612E-01    0.278581E-03   -0.998612E-01    0.278581E-03   -0.999060E-01    0.727187E-03
    0.264422E-11   -0.998444E-01    0.110354E-03   -0.998024E-01    0.310214E-03   -0.998584E-01    0.250543E-03
    0.211538E-11   -0.998759E-01    0.425780E-03   -0.998759E-01    0.425780E-03   -0.998059E-01    0.275167E-03
    0.169230E-11   -0.998497E-01    0.162925E-03   -0.997841E-01    0.494212E-03   -0.998716E-01    0.381971E-03
    0.135384E-11   -0.998825E-01    0.491493E-03   -0.998005E-01    0.329928E-03   -0.999098E-01    0.765301E-03
    0.108307E-11   -0.998415E-01    0.807827E-04   -0.997390E-01    0.945994E-03   -0.998757E-01    0.423042E-03
    0.866459E-12   -0.999440E-01    0.110756E-02   -0.998159E-01    0.175912E-03   -0.996450E-01    0.188721E-02
    0.693167E-12   -0.999440E-01    0.110756E-02   -0.997838E-01    0.496779E-03   -0.995703E-01    0.263590E-02
    0.554534E-12   -0.999039E-01    0.706475E-03   -0.999039E-01    0.706475E-03   -0.996370E-01    0.196742E-02
    0.443627E-12   -0.998539E-01    0.205119E-03   -0.998539E-01    0.205119E-03   -0.995202E-01    0.313725E-02
    0.354902E-12   -0.100104E+00    0.271190E-02   -0.997913E-01    0.421576E-03   -0.993742E-01    0.459954E-02
    0.283921E-12   -0.100104E+00    0.271190E-02   -0.997131E-01    0.120494E-02   -0.991917E-01    0.642740E-02
    0.227137E-12   -0.100202E+00    0.369111E-02   -0.100202E+00    0.369111E-02   -0.100854E+00    0.102192E-01
    0.181710E-12   -0.100202E+00    0.369111E-02   -0.995909E-01    0.242896E-02   -0.987763E-01    0.105890E-01
    0.145368E-12   -0.100049E+00    0.216109E-02   -0.100049E+00    0.216109E-02   -0.990309E-01    0.803902E-02
    0.116294E-12   -0.100240E+00    0.407361E-02   -0.100240E+00    0.407361E-02   -0.101513E+00    0.168238E-01
    0.930354E-13   -0.100240E+00    0.407361E-02   -0.990468E-01    0.787964E-02   -0.974557E-01    0.238173E-01
    0.744283E-13   -0.999418E-01    0.108530E-02   -0.999418E-01    0.108530E-02   -0.979529E-01    0.188368E-01
    0.595426E-13   -0.100688E+00    0.855609E-02   -0.988230E-01    0.101209E-01   -0.101309E+00    0.147817E-01
    0.476341E-13   -0.100221E+00    0.388684E-02   -0.100221E+00    0.388684E-02   -0.971138E-01    0.272414E-01
    0.381073E-13   -0.101970E+00    0.213965E-01   -0.101970E+00    0.213965E-01   -0.980849E-01    0.175138E-01
    0.304858E-13   -0.101970E+00    0.213965E-01   -0.983277E-01    0.150819E-01   -0.934720E-01    0.637199E-01
    0.243887E-13   -0.100149E+00    0.315728E-02   -0.955964E-01    0.424408E-01   -0.101666E+00    0.183566E-01
    0.195109E-13   -0.102425E+00    0.259563E-01   -0.967345E-01    0.310413E-01   -0.104321E+00    0.449555E-01
    0.156087E-13   -0.106692E+00    0.687045E-01   -0.106692E+00    0.687045E-01   -0.972086E-01    0.262915E-01
    0.124870E-13   -0.106692E+00    0.687045E-01   -0.978014E-01    0.203542E-01   -0.859467E-01    0.139099E+00
