              #h    forward_diff       rel_error    central_diff       rel_error   extrapol_diff       rel_error
    0.400000E+02   -0.381910E-01    0.954614E+00   -0.384108E-01    0.954353E+00    0.738407E-01    0.108775E+01
    0.320000E+02   -0.172993E-01    0.979442E+00    0.151414E-01    0.101799E+01   -0.143800E+00    0.829109E+00
    0.256000E+02   -0.170683E-01    0.979716E+00   -0.152194E-01    0.981913E+00   -0.153587E-01    0.981748E+00
    0.204800E+02   -0.689690E-01    0.918038E+00    0.598133E-01    0.107108E+01    0.181242E+00    0.121539E+01
    0.163840E+02   -0.265659E-01    0.968429E+00   -0.969062E-01    0.884837E+00    0.255810E+00    0.130400E+01
    0.131072E+02   -0.389358E-01    0.953729E+00   -0.342992E-01    0.959239E+00    0.575865E-01    0.106844E+01
    0.104858E+02   -0.662923E-02    0.992122E+00    0.138439E+00    0.116452E+01   -0.258865E+00    0.692366E+00
    0.838861E+01   -0.183540E+00    0.781882E+00    0.174294E+00    0.120713E+01   -0.520676E+00    0.381231E+00
    0.671089E+01   -0.592612E-01    0.929574E+00    0.532212E-01    0.106325E+01   -0.682662E+00    0.188728E+00
    0.536871E+01    0.849446E-01    0.110095E+01   -0.138389E+00    0.835539E+00   -0.768046E+00    0.872578E-01
    0.429497E+01    0.229955E-02    0.100273E+01   -0.328469E+00    0.609648E+00   -0.808975E+00    0.386184E-01
    0.343597E+01   -0.236676E+00    0.718736E+00   -0.484504E+00    0.424217E+00   -0.827485E+00    0.166210E-01
    0.274878E+01   -0.495332E+00    0.411350E+00   -0.600480E+00    0.286393E+00   -0.835558E+00    0.702699E-02
    0.219902E+01   -0.699699E+00    0.168482E+00   -0.681883E+00    0.189653E+00   -0.838999E+00    0.293715E-02
    0.175922E+01   -0.834509E+00    0.827360E-02   -0.737083E+00    0.124054E+00   -0.840445E+00    0.121875E-02
    0.140737E+01   -0.911383E+00    0.830830E-01   -0.773724E+00    0.805099E-01   -0.841047E+00    0.503358E-03
    0.112590E+01   -0.947983E+00    0.126578E+00   -0.797724E+00    0.519881E-01   -0.841297E+00    0.207272E-03
    0.900720E+00   -0.959536E+00    0.140308E+00   -0.813313E+00    0.334629E-01   -0.841399E+00    0.851875E-04
    0.720576E+00   -0.956905E+00    0.137181E+00   -0.823384E+00    0.214946E-01   -0.841442E+00    0.349687E-04
    0.576461E+00   -0.947101E+00    0.125530E+00   -0.829868E+00    0.137887E-01   -0.841459E+00    0.143431E-04
    0.461169E+00   -0.934353E+00    0.110380E+00   -0.834034E+00    0.883799E-02   -0.841466E+00    0.588018E-05
    0.368935E+00   -0.921054E+00    0.945762E-01   -0.836707E+00    0.566173E-02   -0.841469E+00    0.240989E-05
    0.295148E+00   -0.908464E+00    0.796147E-01   -0.838420E+00    0.362573E-02   -0.841470E+00    0.987452E-06
    0.236118E+00   -0.897166E+00    0.661873E-01   -0.839518E+00    0.232138E-02   -0.841471E+00    0.404555E-06
    0.188895E+00   -0.887354E+00    0.545276E-01   -0.840221E+00    0.148605E-02   -0.841471E+00    0.165730E-06
    0.151116E+00   -0.879018E+00    0.446212E-01   -0.840671E+00    0.951227E-03   -0.841471E+00    0.678897E-07
    0.120893E+00   -0.872042E+00    0.363308E-01   -0.840959E+00    0.608848E-03   -0.841471E+00    0.278093E-07
    0.967141E-01   -0.866267E+00    0.294673E-01   -0.841143E+00    0.389688E-03   -0.841471E+00    0.113911E-07
    0.773713E-01   -0.861523E+00    0.238299E-01   -0.841261E+00    0.249411E-03   -0.841471E+00    0.466593E-08
    0.618970E-01   -0.857650E+00    0.192270E-01   -0.841337E+00    0.159627E-03   -0.841471E+00    0.191120E-08
    0.495176E-01   -0.854502E+00    0.154856E-01   -0.841385E+00    0.102163E-03   -0.841471E+00    0.782830E-09
    0.396141E-01   -0.851951E+00    0.124548E-01   -0.841416E+00    0.653852E-04   -0.841471E+00    0.320657E-09
    0.316913E-01   -0.849891E+00    0.100061E-01   -0.841436E+00    0.418468E-04   -0.841471E+00    0.131337E-09
    0.253530E-01   -0.848230E+00    0.803193E-02   -0.841448E+00    0.267821E-04   -0.841471E+00    0.537984E-10
    0.202824E-01   -0.846892E+00    0.644281E-02   -0.841457E+00    0.171406E-04   -0.841471E+00    0.220356E-10
    0.162259E-01   -0.845817E+00    0.516528E-02   -0.841462E+00    0.109700E-04   -0.841471E+00    0.903422E-11
    0.129807E-01   -0.844954E+00    0.413928E-02   -0.841465E+00    0.702080E-05   -0.841471E+00    0.368517E-11
    0.103846E-01   -0.844261E+00    0.331593E-02   -0.841467E+00    0.449332E-05   -0.841471E+00    0.152283E-11
    0.830767E-02   -0.843706E+00    0.265563E-02   -0.841469E+00    0.287573E-05   -0.841471E+00    0.619714E-12
    0.664614E-02   -0.843260E+00    0.212635E-02   -0.841469E+00    0.184046E-05   -0.841471E+00    0.296861E-12
    0.531691E-02   -0.842903E+00    0.170226E-02   -0.841470E+00    0.117790E-05   -0.841471E+00    0.181019E-12
    0.425353E-02   -0.842618E+00    0.136256E-02   -0.841470E+00    0.753855E-06   -0.841471E+00    0.302139E-13
    0.340282E-02   -0.842389E+00    0.109053E-02   -0.841471E+00    0.482467E-06   -0.841471E+00    0.654414E-13
    0.272226E-02   -0.842205E+00    0.872736E-03   -0.841471E+00    0.308779E-06   -0.841471E+00    0.911694E-13
    0.217781E-02   -0.842059E+00    0.698386E-03   -0.841471E+00    0.197618E-06   -0.841471E+00    0.131015E-12
    0.174225E-02   -0.841941E+00    0.558836E-03   -0.841471E+00    0.126476E-06   -0.841471E+00    0.176534E-12
    0.139380E-02   -0.841847E+00    0.447149E-03   -0.841471E+00    0.809446E-07   -0.841471E+00    0.254641E-13
    0.111504E-02   -0.841772E+00    0.357771E-03   -0.841471E+00    0.518045E-07   -0.841471E+00    0.274432E-12
    0.892030E-03   -0.841712E+00    0.286250E-03   -0.841471E+00    0.331548E-07   -0.841471E+00    0.312694E-13
    0.713624E-03   -0.841664E+00    0.229021E-03   -0.841471E+00    0.212192E-07   -0.841471E+00    0.289209E-12
    0.570899E-03   -0.841625E+00    0.183231E-03   -0.841471E+00    0.135803E-07   -0.841471E+00    0.404127E-12
    0.456719E-03   -0.841594E+00    0.146593E-03   -0.841471E+00    0.869116E-08   -0.841471E+00    0.196588E-13
    0.365375E-03   -0.841570E+00    0.117280E-03   -0.841471E+00    0.556241E-08   -0.841471E+00    0.453076E-12
    0.292300E-03   -0.841550E+00    0.938277E-04   -0.841471E+00    0.356045E-08   -0.841471E+00    0.117531E-11
    0.233840E-03   -0.841534E+00    0.750644E-04   -0.841471E+00    0.227797E-08   -0.841471E+00    0.761548E-12
    0.187072E-03   -0.841522E+00    0.600530E-04   -0.841471E+00    0.145886E-08   -0.841471E+00    0.338422E-12
    0.149658E-03   -0.841511E+00    0.480433E-04   -0.841471E+00    0.933425E-09   -0.841471E+00    0.224744E-11
    0.119726E-03   -0.841503E+00    0.384353E-04   -0.841471E+00    0.596212E-09   -0.841471E+00    0.327590E-11
    0.957810E-04   -0.841497E+00    0.307486E-04   -0.841471E+00    0.382975E-09   -0.841471E+00    0.948505E-12
    0.766248E-04   -0.841492E+00    0.245991E-04   -0.841471E+00    0.242471E-09   -0.841471E+00    0.887945E-12
    0.612998E-04   -0.841488E+00    0.196795E-04   -0.841471E+00    0.155516E-09   -0.841471E+00    0.519257E-11
    0.490399E-04   -0.841484E+00    0.157437E-04   -0.841471E+00    0.995550E-10   -0.841471E+00    0.887813E-12
    0.392319E-04   -0.841482E+00    0.125950E-04   -0.841471E+00    0.632342E-10   -0.841471E+00    0.457562E-12
    0.313855E-04   -0.841479E+00    0.100760E-04   -0.841471E+00    0.405337E-10   -0.841471E+00    0.991187E-11
    0.251084E-04   -0.841478E+00    0.806086E-05   -0.841471E+00    0.279224E-10   -0.841471E+00    0.102912E-12
    0.200867E-04   -0.841476E+00    0.644871E-05   -0.841471E+00    0.160994E-10   -0.841471E+00    0.734131E-11
    0.160694E-04   -0.841475E+00    0.515897E-05   -0.841471E+00    0.296254E-11   -0.841471E+00    0.296254E-11
    0.128555E-04   -0.841474E+00    0.412720E-05   -0.841471E+00    0.501524E-11   -0.841471E+00    0.866901E-11
    0.102844E-04   -0.841474E+00    0.330176E-05   -0.841471E+00    0.101470E-10   -0.841471E+00    0.101469E-10
    0.822752E-05   -0.841473E+00    0.264141E-05   -0.841471E+00    0.588920E-11   -0.841471E+00    0.154925E-10
    0.658202E-05   -0.841473E+00    0.211315E-05   -0.841471E+00    0.221742E-10   -0.841471E+00    0.489014E-10
    0.526561E-05   -0.841472E+00    0.169053E-05   -0.841471E+00    0.789361E-11   -0.841471E+00    0.789361E-11
    0.421249E-05   -0.841472E+00    0.135244E-05   -0.841471E+00    0.171631E-10   -0.841471E+00    0.171629E-10
    0.336999E-05   -0.841472E+00    0.108199E-05   -0.841471E+00    0.249933E-10   -0.841471E+00    0.771945E-10
    0.269599E-05   -0.841472E+00    0.865543E-06   -0.841471E+00    0.347811E-10   -0.841471E+00    0.304705E-10
    0.215680E-05   -0.841472E+00    0.692423E-06   -0.841471E+00    0.192287E-11   -0.841471E+00    0.796416E-10
    0.172544E-05   -0.841471E+00    0.553988E-06   -0.841471E+00    0.898371E-10   -0.841471E+00    0.898371E-10
    0.138035E-05   -0.841471E+00    0.443149E-06   -0.841471E+00    0.248629E-10   -0.841471E+00    0.279752E-09
    0.110428E-05   -0.841471E+00    0.354591E-06   -0.841471E+00    0.229288E-10   -0.841471E+00    0.229288E-10
    0.883424E-06   -0.841471E+00    0.283591E-06   -0.841471E+00    0.126420E-09   -0.841471E+00    0.727119E-10
    0.706739E-06   -0.841471E+00    0.227025E-06   -0.841471E+00    0.201095E-09   -0.841471E+00    0.296735E-09
    0.565391E-06   -0.841471E+00    0.181380E-06   -0.841471E+00    0.172278E-09   -0.841471E+00    0.450009E-09
    0.452313E-06   -0.841471E+00    0.145210E-06   -0.841471E+00    0.555991E-10   -0.841471E+00    0.555991E-10
    0.361850E-06   -0.841471E+00    0.116113E-06   -0.841471E+00    0.163174E-09   -0.841471E+00    0.649336E-09
    0.289480E-06   -0.841471E+00    0.932328E-07   -0.841471E+00    0.201448E-09   -0.841471E+00    0.201448E-09
    0.231584E-06   -0.841471E+00    0.745459E-07   -0.841471E+00    0.482217E-09   -0.841471E+00    0.482217E-09
    0.185267E-06   -0.841471E+00    0.595908E-07   -0.841471E+00    0.229934E-09   -0.841471E+00    0.719601E-09
    0.148214E-06   -0.841471E+00    0.483744E-07   -0.841471E+00    0.304179E-09   -0.841471E+00    0.882739E-09
    0.118571E-06   -0.841471E+00    0.385823E-07   -0.841471E+00    0.363462E-09   -0.841471E+00    0.184711E-08
    0.948569E-07   -0.841471E+00    0.307932E-07   -0.841471E+00    0.158383E-08   -0.841471E+00    0.343839E-08
    0.758855E-07   -0.841471E+00    0.266204E-07   -0.841471E+00    0.540636E-09   -0.841471E+00    0.177756E-08
    0.607084E-07   -0.841471E+00    0.209698E-07   -0.841471E+00    0.763352E-09   -0.841471E+00    0.366110E-08
    0.485667E-07   -0.841471E+00    0.155365E-07   -0.841471E+00    0.763352E-09   -0.841471E+00    0.763352E-09
    0.388534E-07   -0.841471E+00    0.155365E-07   -0.841471E+00    0.144251E-08   -0.841471E+00    0.597025E-08
    0.310827E-07   -0.841471E+00    0.959384E-08   -0.841471E+00    0.314041E-08   -0.841471E+00    0.817892E-08
    0.248662E-07   -0.841471E+00    0.853265E-08   -0.841471E+00    0.322671E-08   -0.841471E+00    0.109225E-07
    0.198929E-07   -0.841471E+00    0.125121E-07   -0.841471E+00    0.752741E-09   -0.841471E+00    0.959597E-08
    0.159143E-07   -0.841471E+00    0.108540E-07   -0.841471E+00    0.256347E-08   -0.841471E+00    0.256347E-08
    0.127315E-07   -0.841471E+00    0.490839E-09   -0.841471E+00    0.108540E-07   -0.841471E+00    0.108540E-07
    0.101852E-07   -0.841471E+00    0.567242E-08   -0.841471E+00    0.728153E-08   -0.841471E+00    0.999041E-08
    0.814814E-08   -0.841471E+00    0.121494E-07   -0.841471E+00    0.404305E-08   -0.841471E+00    0.256330E-07
    0.651852E-08   -0.841471E+00    0.506511E-11   -0.841471E+00    0.506511E-11   -0.841471E+00    0.269925E-07
    0.521481E-08   -0.841471E+00    0.303659E-07   -0.841471E+00    0.506520E-08   -0.841471E+00    0.286691E-07
    0.417185E-08   -0.841471E+00    0.303659E-07   -0.841471E+00    0.328858E-07   -0.841471E+00    0.328858E-07
    0.333748E-08   -0.841471E+00    0.540853E-07   -0.841471E+00    0.145530E-07   -0.841471E+00    0.145530E-07
    0.266998E-08   -0.841471E+00    0.145530E-07   -0.841471E+00    0.348625E-07   -0.841471E+00    0.310248E-07
    0.213599E-08   -0.841471E+00    0.472163E-07   -0.841471E+00    0.472163E-07   -0.841471E+00    0.351427E-07
    0.170879E-08   -0.841471E+00    0.145530E-07   -0.841471E+00    0.626586E-07   -0.841471E+00    0.165607E-06
    0.136703E-08   -0.841471E+00    0.474993E-08   -0.841471E+00    0.474993E-08   -0.841471E+00    0.123936E-06
    0.109363E-08   -0.841471E+00    0.917646E-07   -0.841471E+00    0.149522E-06   -0.841471E+00    0.172193E-06
    0.874900E-09   -0.841471E+00    0.152086E-06   -0.841471E+00    0.149522E-06   -0.841471E+00    0.149522E-06
    0.699920E-09   -0.841471E+00    0.364187E-07   -0.841471E+00    0.364187E-07   -0.841471E+00    0.287759E-06
    0.559936E-09   -0.841471E+00    0.130671E-06   -0.841471E+00    0.130671E-06   -0.841471E+00    0.130671E-06
    0.447949E-09   -0.841471E+00    0.281683E-06   -0.841471E+00    0.128556E-07   -0.841471E+00    0.128556E-07
    0.358359E-09   -0.841471E+00    0.208048E-06   -0.841471E+00    0.208048E-06   -0.841472E+00    0.698947E-06
    0.286687E-09   -0.841471E+00    0.300092E-06   -0.841471E+00    0.160125E-06   -0.841470E+00    0.138737E-05
    0.229350E-09   -0.841471E+00    0.185038E-06   -0.841471E+00    0.185038E-06   -0.841470E+00    0.581991E-06
    0.183480E-09   -0.841471E+00    0.328855E-06   -0.841471E+00    0.328855E-06   -0.841472E+00    0.128764E-05
    0.146784E-09   -0.841471E+00    0.149083E-06   -0.841471E+00    0.149083E-06   -0.841470E+00    0.104940E-05
    0.117427E-09   -0.841472E+00    0.104794E-05   -0.841470E+00    0.119921E-05   -0.841470E+00    0.119921E-05
    0.939417E-10   -0.841472E+00    0.132884E-05   -0.841472E+00    0.132884E-05   -0.841474E+00    0.320147E-05
    0.751534E-10   -0.841473E+00    0.238219E-05   -0.841472E+00    0.626603E-06   -0.841472E+00    0.626603E-06
    0.601227E-10   -0.841473E+00    0.282109E-05   -0.841472E+00    0.626603E-06   -0.841467E+00    0.522536E-05
    0.480982E-10   -0.841473E+00    0.227247E-05   -0.841471E+00    0.470639E-06   -0.841471E+00    0.470639E-06
    0.384785E-10   -0.841473E+00    0.295824E-05   -0.841473E+00    0.295824E-05   -0.841477E+00    0.753009E-05
    0.307828E-10   -0.841471E+00    0.470639E-06   -0.841471E+00    0.470639E-06   -0.841471E+00    0.470639E-06
    0.246263E-10   -0.841472E+00    0.167241E-05   -0.841472E+00    0.167241E-05   -0.841472E+00    0.167241E-05
    0.197010E-10   -0.841467E+00    0.502463E-05   -0.841472E+00    0.167241E-05   -0.841472E+00    0.167241E-05
    0.157608E-10   -0.841472E+00    0.167241E-05   -0.841465E+00    0.669888E-05   -0.841456E+00    0.178606E-04
    0.126086E-10   -0.841474E+00    0.376524E-05   -0.841474E+00    0.376524E-05   -0.841462E+00    0.101869E-04
    0.100869E-10   -0.841463E+00    0.931491E-05   -0.841474E+00    0.376524E-05   -0.841504E+00    0.386456E-04
    0.806953E-11   -0.841480E+00    0.103053E-04   -0.841466E+00    0.604488E-05   -0.841448E+00    0.278451E-04
    0.645562E-11   -0.841487E+00    0.184804E-04   -0.841469E+00    0.195733E-05   -0.841446E+00    0.292076E-04
    0.516450E-11   -0.841487E+00    0.184804E-04   -0.841444E+00    0.326139E-04   -0.841501E+00    0.355119E-04
    0.413160E-11   -0.841481E+00    0.120936E-04   -0.841508E+00    0.440276E-04   -0.841508E+00    0.440276E-04
    0.330528E-11   -0.841515E+00    0.520111E-04   -0.841515E+00    0.520111E-04   -0.841470E+00    0.121220E-05
    0.264422E-11   -0.841540E+00    0.819492E-04   -0.841498E+00    0.320523E-04   -0.841498E+00    0.320523E-04
    0.211538E-11   -0.841519E+00    0.570008E-04   -0.841414E+00    0.677413E-04   -0.841414E+00    0.677413E-04
    0.169230E-11   -0.841440E+00    0.365558E-04   -0.841440E+00    0.365558E-04   -0.841265E+00    0.244459E-03
    0.135384E-11   -0.841457E+00    0.170648E-04   -0.841539E+00    0.803899E-04   -0.841320E+00    0.179489E-03
    0.108307E-11   -0.841580E+00    0.129117E-03   -0.841477E+00    0.729884E-05   -0.841340E+00    0.155126E-03
    0.866459E-12   -0.841451E+00    0.231558E-04   -0.841451E+00    0.231558E-04   -0.841622E+00    0.179875E-03
    0.693167E-12   -0.841676E+00    0.243322E-03   -0.841676E+00    0.243322E-03   -0.841035E+00    0.518043E-03
    0.554534E-12   -0.841476E+00    0.539543E-05   -0.841476E+00    0.539543E-05   -0.841742E+00    0.322631E-03
    0.443627E-12   -0.841626E+00    0.183840E-03   -0.841626E+00    0.183840E-03   -0.840625E+00    0.100579E-02
    0.354902E-12   -0.841501E+00    0.351363E-04   -0.841188E+00    0.336624E-03   -0.842439E+00    0.115042E-02
    0.283921E-12   -0.841892E+00    0.499837E-03   -0.841501E+00    0.351363E-04   -0.841501E+00    0.351363E-04
    0.227137E-12   -0.841696E+00    0.267486E-03   -0.840718E+00    0.894264E-03   -0.842022E+00    0.654737E-03
    0.181710E-12   -0.841329E+00    0.168170E-03   -0.841329E+00    0.168170E-03   -0.842144E+00    0.799956E-03
    0.145368E-12   -0.842399E+00    0.110249E-02   -0.841635E+00    0.194877E-03   -0.841635E+00    0.194877E-03
    0.116294E-12   -0.842017E+00    0.648686E-03   -0.842017E+00    0.648686E-03   -0.842017E+00    0.648686E-03
    0.930354E-13   -0.842494E+00    0.121595E-02   -0.840107E+00    0.162036E-02   -0.840107E+00    0.162036E-02
    0.744283E-13   -0.841301E+00    0.202206E-03   -0.841301E+00    0.202206E-03   -0.845279E+00    0.452497E-02
    0.595426E-13   -0.840928E+00    0.645379E-03   -0.840928E+00    0.645379E-03   -0.838442E+00    0.359986E-02
    0.476341E-13   -0.843725E+00    0.267842E-02   -0.841394E+00    0.914126E-04   -0.844502E+00    0.360169E-02
    0.381073E-13   -0.844890E+00    0.406333E-02   -0.841977E+00    0.601045E-03   -0.845861E+00    0.521743E-02
    0.304858E-13   -0.841248E+00    0.264527E-03   -0.844890E+00    0.406333E-02   -0.844890E+00    0.406333E-02
    0.243887E-13   -0.846711E+00    0.622726E-02   -0.842159E+00    0.817438E-03   -0.836089E+00    0.639566E-02
    0.195109E-13   -0.847849E+00    0.757972E-02   -0.842159E+00    0.817438E-03   -0.842159E+00    0.817438E-03
    0.156087E-13   -0.839314E+00    0.256370E-02   -0.832201E+00    0.110166E-01   -0.860652E+00    0.227948E-01
    0.124870E-13   -0.844648E+00    0.377594E-02   -0.844648E+00    0.377594E-02   -0.832794E+00    0.103121E-01
