              #h    forward_diff       rel_error    central_diff       rel_error   extrapol_diff       rel_error
    0.400000E+02    0.119767E-01    0.987878E+00    0.451009E-01    0.954353E+00   -0.867017E-01    0.108775E+01
    0.320000E+02    0.162267E-01    0.983577E+00   -0.177786E-01    0.101799E+01    0.168846E+00    0.829109E+00
    0.256000E+02    0.167389E-01    0.983058E+00    0.178702E-01    0.981913E+00    0.180337E-01    0.981748E+00
    0.204800E+02    0.401771E-01    0.959336E+00   -0.702311E-01    0.107108E+01   -0.212809E+00    0.121539E+01
    0.163840E+02   -0.544918E-01    0.105515E+01    0.113784E+00    0.884837E+00   -0.300365E+00    0.130400E+01
    0.131072E+02    0.371300E-01    0.962420E+00    0.402731E-01    0.959239E+00   -0.676165E-01    0.106844E+01
    0.104858E+02   -0.104133E+00    0.110539E+01   -0.162551E+00    0.116452E+01    0.303952E+00    0.692366E+00
    0.838861E+01    0.735897E-01    0.925519E+00   -0.204652E+00    0.120713E+01    0.611364E+00    0.381231E+00
    0.671089E+01    0.589968E-01    0.940289E+00   -0.624908E-01    0.106325E+01    0.801563E+00    0.188728E+00
    0.536871E+01   -0.157000E+00    0.115890E+01    0.162493E+00    0.835539E+00    0.901818E+00    0.872578E-01
    0.429497E+01   -0.260766E+00    0.126392E+01    0.385680E+00    0.609648E+00    0.949875E+00    0.386184E-01
    0.343597E+01   -0.171288E+00    0.117336E+01    0.568891E+00    0.424217E+00    0.971610E+00    0.166210E-01
    0.274878E+01    0.296326E-01    0.970008E+00    0.705066E+00    0.286393E+00    0.981089E+00    0.702699E-02
    0.219902E+01    0.252149E+00    0.744797E+00    0.800648E+00    0.189653E+00    0.985130E+00    0.293715E-02
    0.175922E+01    0.447585E+00    0.546993E+00    0.865462E+00    0.124054E+00    0.986827E+00    0.121875E-02
    0.140737E+01    0.600915E+00    0.391806E+00    0.908485E+00    0.805099E-01    0.987534E+00    0.503358E-03
    0.112590E+01    0.714082E+00    0.277268E+00    0.936666E+00    0.519881E-01    0.987827E+00    0.207272E-03
    0.900720E+00    0.794853E+00    0.195519E+00    0.954969E+00    0.334629E-01    0.987947E+00    0.851875E-04
    0.720576E+00    0.851510E+00    0.138175E+00    0.966794E+00    0.214946E-01    0.987997E+00    0.349687E-04
    0.576461E+00    0.890970E+00    0.982376E-01    0.974408E+00    0.137887E-01    0.988017E+00    0.143431E-04
    0.461169E+00    0.918438E+00    0.704364E-01    0.979299E+00    0.883799E-02    0.988026E+00    0.588018E-05
    0.368935E+00    0.937637E+00    0.510055E-01    0.982438E+00    0.566173E-02    0.988029E+00    0.240989E-05
    0.295148E+00    0.951150E+00    0.373281E-01    0.984449E+00    0.362573E-02    0.988031E+00    0.987452E-06
    0.236118E+00    0.960750E+00    0.276120E-01    0.985738E+00    0.232138E-02    0.988031E+00    0.404555E-06
    0.188895E+00    0.967641E+00    0.206376E-01    0.986563E+00    0.148605E-02    0.988031E+00    0.165730E-06
    0.151116E+00    0.972643E+00    0.155753E-01    0.987092E+00    0.951227E-03    0.988032E+00    0.678897E-07
    0.120893E+00    0.976314E+00    0.118594E-01    0.987430E+00    0.608848E-03    0.988032E+00    0.278094E-07
    0.967141E-01    0.979039E+00    0.910182E-02    0.987647E+00    0.389688E-03    0.988032E+00    0.113911E-07
    0.773713E-01    0.981082E+00    0.703401E-02    0.987785E+00    0.249411E-03    0.988032E+00    0.466593E-08
    0.618970E-01    0.982629E+00    0.546855E-02    0.987874E+00    0.159627E-03    0.988032E+00    0.191120E-08
    0.495176E-01    0.983810E+00    0.427317E-02    0.987931E+00    0.102163E-03    0.988032E+00    0.783001E-09
    0.396141E-01    0.984718E+00    0.335340E-02    0.987967E+00    0.653852E-04    0.988032E+00    0.320829E-09
    0.316913E-01    0.985422E+00    0.264099E-02    0.987990E+00    0.418468E-04    0.988032E+00    0.131367E-09
    0.253530E-01    0.985971E+00    0.208608E-02    0.988005E+00    0.267821E-04    0.988032E+00    0.541434E-10
    0.202824E-01    0.986400E+00    0.165175E-02    0.988015E+00    0.171406E-04    0.988032E+00    0.220081E-10
    0.162259E-01    0.986737E+00    0.131045E-02    0.988021E+00    0.109700E-04    0.988032E+00    0.882071E-11
    0.129807E-01    0.987003E+00    0.104135E-02    0.988025E+00    0.702080E-05    0.988032E+00    0.349889E-11
    0.103846E-01    0.987213E+00    0.828587E-03    0.988027E+00    0.449332E-05    0.988032E+00    0.235836E-11
    0.830767E-02    0.987380E+00    0.659996E-03    0.988029E+00    0.287572E-05    0.988032E+00    0.152786E-11
    0.664614E-02    0.987512E+00    0.526157E-03    0.988030E+00    0.184046E-05    0.988032E+00    0.142706E-13
    0.531691E-02    0.987617E+00    0.419749E-03    0.988030E+00    0.117790E-05    0.988032E+00    0.111041E-11
    0.425353E-02    0.987701E+00    0.335045E-03    0.988031E+00    0.753854E-06    0.988032E+00    0.184001E-11
    0.340282E-02    0.987767E+00    0.267554E-03    0.988031E+00    0.482466E-06    0.988032E+00    0.194845E-11
    0.272226E-02    0.987820E+00    0.213734E-03    0.988031E+00    0.308780E-06    0.988032E+00    0.124480E-11
    0.217781E-02    0.987863E+00    0.170790E-03    0.988031E+00    0.197619E-06    0.988032E+00    0.377127E-11
    0.174225E-02    0.987897E+00    0.136506E-03    0.988031E+00    0.126474E-06    0.988032E+00    0.359642E-11
    0.139380E-02    0.987924E+00    0.109123E-03    0.988032E+00    0.809437E-07    0.988032E+00    0.591692E-11
    0.111504E-02    0.987945E+00    0.872470E-04    0.988032E+00    0.518024E-07    0.988032E+00    0.638729E-11
    0.892030E-03    0.987963E+00    0.697644E-04    0.988032E+00    0.331528E-07    0.988032E+00    0.217015E-11
    0.713624E-03    0.987977E+00    0.557903E-04    0.988032E+00    0.212210E-07    0.988032E+00    0.190799E-11
    0.570899E-03    0.987988E+00    0.446187E-04    0.988032E+00    0.135796E-07    0.988032E+00    0.159515E-10
    0.456719E-03    0.987996E+00    0.356863E-04    0.988032E+00    0.869694E-08    0.988032E+00    0.556498E-11
    0.365375E-03    0.988003E+00    0.285434E-04    0.988032E+00    0.556809E-08    0.988032E+00    0.563173E-11
    0.292300E-03    0.988009E+00    0.228312E-04    0.988032E+00    0.356069E-08    0.988032E+00    0.317535E-10
    0.233840E-03    0.988014E+00    0.182627E-04    0.988032E+00    0.229129E-08    0.988032E+00    0.127837E-10
    0.187072E-03    0.988017E+00    0.146087E-04    0.988032E+00    0.146343E-08    0.988032E+00    0.456306E-10
    0.149658E-03    0.988020E+00    0.116860E-04    0.988032E+00    0.919458E-09    0.988032E+00    0.135702E-10
    0.119726E-03    0.988022E+00    0.934821E-05    0.988032E+00    0.595335E-09    0.988032E+00    0.775773E-10
    0.957810E-04    0.988024E+00    0.747819E-05    0.988032E+00    0.350554E-09    0.988032E+00    0.307257E-10
    0.766248E-04    0.988026E+00    0.598229E-05    0.988032E+00    0.231551E-09    0.988032E+00    0.110812E-09
    0.612998E-04    0.988027E+00    0.478569E-05    0.988032E+00    0.213037E-09    0.988032E+00    0.973638E-10
    0.490399E-04    0.988028E+00    0.382842E-05    0.988032E+00    0.697135E-10    0.988032E+00    0.163658E-09
    0.392319E-04    0.988029E+00    0.306268E-05    0.988032E+00    0.142034E-09    0.988032E+00    0.164433E-09
    0.313855E-04    0.988029E+00    0.245010E-05    0.988032E+00    0.290780E-10    0.988032E+00    0.126913E-10
    0.251084E-04    0.988030E+00    0.196008E-05    0.988032E+00    0.989149E-10    0.988032E+00    0.125767E-09
    0.200867E-04    0.988030E+00    0.156809E-05    0.988032E+00    0.108984E-09    0.988032E+00    0.123902E-09
    0.160694E-04    0.988030E+00    0.125438E-05    0.988032E+00    0.257719E-10    0.988032E+00    0.552285E-09
    0.128555E-04    0.988031E+00    0.100344E-05    0.988032E+00    0.192311E-09    0.988032E+00    0.183570E-09
    0.102844E-04    0.988031E+00    0.802794E-06    0.988032E+00    0.327793E-09    0.988032E+00    0.604557E-09
    0.822752E-05    0.988031E+00    0.642143E-06    0.988032E+00    0.327110E-09    0.988032E+00    0.322558E-09
    0.658202E-05    0.988031E+00    0.513691E-06    0.988032E+00    0.107368E-09    0.988032E+00    0.113059E-09
    0.526561E-05    0.988031E+00    0.411196E-06    0.988032E+00    0.159379E-09    0.988032E+00    0.163316E-08
    0.421249E-05    0.988031E+00    0.328654E-06    0.988032E+00    0.179390E-09    0.988032E+00    0.207907E-08
    0.336999E-05    0.988031E+00    0.263099E-06    0.988032E+00    0.102298E-08    0.988032E+00    0.102298E-08
    0.269599E-05    0.988031E+00    0.210481E-06    0.988032E+00    0.315074E-10    0.988032E+00    0.315074E-10
    0.215680E-05    0.988031E+00    0.168064E-06    0.988032E+00    0.134701E-08    0.988032E+00    0.136438E-08
    0.172544E-05    0.988031E+00    0.134809E-06    0.988032E+00    0.193523E-08    0.988032E+00    0.193523E-08
    0.138035E-05    0.988032E+00    0.108897E-06    0.988032E+00    0.113780E-08    0.988032E+00    0.572734E-08
    0.110428E-05    0.988032E+00    0.854122E-07    0.988032E+00    0.243010E-08    0.988032E+00    0.611741E-08
    0.883424E-06    0.988032E+00    0.697672E-07    0.988032E+00    0.827444E-09    0.988032E+00    0.994174E-08
    0.706739E-06    0.988032E+00    0.529615E-07    0.988032E+00    0.283872E-08    0.988032E+00    0.105698E-07
    0.565391E-06    0.988032E+00    0.419512E-07    0.988032E+00    0.216959E-08    0.988032E+00    0.216959E-08
    0.452313E-06    0.988032E+00    0.315048E-07    0.988032E+00    0.411564E-08    0.988032E+00    0.411564E-08
    0.361850E-06    0.988032E+00    0.264586E-07    0.988032E+00    0.805943E-08    0.988032E+00    0.180255E-07
    0.289480E-06    0.988032E+00    0.232756E-07    0.988032E+00    0.116595E-07    0.988032E+00    0.114008E-07
    0.231584E-06    0.988032E+00    0.217957E-07    0.988032E+00    0.115625E-07    0.988032E+00    0.115625E-07
    0.185267E-06    0.988032E+00    0.143963E-07    0.988032E+00    0.190968E-07    0.988032E+00    0.192989E-07
    0.148214E-06    0.988032E+00    0.670114E-08    0.988032E+00    0.190209E-07    0.988032E+00    0.190209E-07
    0.118571E-06    0.988032E+00    0.223378E-07    0.988032E+00    0.167539E-07    0.988032E+00    0.631669E-07
    0.948569E-07    0.988032E+00    0.539809E-08    0.988032E+00    0.170949E-08    0.988032E+00    0.977966E-07
    0.758855E-07    0.988032E+00    0.227228E-07    0.988032E+00    0.167998E-07    0.988032E+00    0.108570E-06
    0.607084E-07    0.988032E+00    0.217048E-07    0.988032E+00    0.170775E-07    0.988032E+00    0.164605E-07
    0.485667E-07    0.988032E+00    0.562483E-08    0.988032E+00    0.707261E-07    0.988032E+00    0.124393E-06
    0.388534E-07    0.988032E+00    0.311046E-07    0.988032E+00    0.339967E-07    0.988031E+00    0.208938E-06
    0.310827E-07    0.988032E+00    0.941400E-08    0.988032E+00    0.103558E-06    0.988032E+00    0.201316E-06
    0.248662E-07    0.988032E+00    0.475239E-07    0.988032E+00    0.452644E-07    0.988032E+00    0.337334E-06
    0.198929E-07    0.988032E+00    0.250606E-07    0.988032E+00    0.264728E-07    0.988031E+00    0.451775E-06
    0.159143E-07    0.988032E+00    0.108741E-06    0.988032E+00    0.115438E-06    0.988031E+00    0.477665E-06
    0.127315E-07    0.988032E+00    0.113673E-06    0.988032E+00    0.113673E-06    0.988032E+00    0.113673E-06
    0.101852E-07    0.988032E+00    0.937365E-07    0.988032E+00    0.253785E-06    0.988031E+00    0.680293E-06
    0.814814E-08    0.988032E+00    0.166215E-06    0.988031E+00    0.268187E-06    0.988033E+00    0.894814E-06
    0.651852E-08    0.988032E+00    0.593383E-07    0.988031E+00    0.483663E-06    0.988033E+00    0.964341E-06
    0.521481E-08    0.988032E+00    0.774895E-07    0.988032E+00    0.606650E-06    0.988032E+00    0.606650E-06
    0.417185E-08    0.988031E+00    0.248524E-06    0.988032E+00    0.606650E-06    0.988032E+00    0.606650E-06
    0.333748E-08    0.988032E+00    0.364142E-07    0.988033E+00    0.102414E-05    0.988030E+00    0.180400E-05
    0.266998E-08    0.988032E+00    0.498070E-06    0.988032E+00    0.498070E-06    0.988029E+00    0.306516E-05
    0.213599E-08    0.988032E+00    0.164017E-06    0.988030E+00    0.150624E-05    0.988035E+00    0.294779E-05
    0.170879E-08    0.988033E+00    0.100244E-05    0.988033E+00    0.985996E-06    0.988027E+00    0.453770E-05
    0.136703E-08    0.988031E+00    0.559324E-06    0.988034E+00    0.202991E-05    0.988027E+00    0.492951E-05
    0.109363E-08    0.988031E+00    0.569599E-06    0.988031E+00    0.569599E-06    0.988031E+00    0.569599E-06
    0.874900E-09    0.988033E+00    0.187707E-05    0.988029E+00    0.220071E-05    0.988040E+00    0.867339E-05
    0.699920E-09    0.988031E+00    0.161820E-06    0.988031E+00    0.161820E-06    0.988045E+00    0.134308E-04
    0.559936E-09    0.988031E+00    0.161820E-06    0.988031E+00    0.161820E-06    0.988031E+00    0.161820E-06
    0.447949E-09    0.988028E+00    0.334759E-05    0.988028E+00    0.334759E-05    0.988049E+00    0.178909E-04
    0.358359E-09    0.988030E+00    0.130945E-05    0.988040E+00    0.856769E-05    0.988014E+00    0.177714E-04
    0.286687E-09    0.988028E+00    0.383753E-05    0.988040E+00    0.860689E-05    0.988040E+00    0.860689E-05
    0.229350E-09    0.988028E+00    0.386203E-05    0.988028E+00    0.373954E-05    0.988028E+00    0.373954E-05
    0.183480E-09    0.988032E+00    0.376657E-08    0.988013E+00    0.192951E-04    0.988013E+00    0.192951E-04
    0.146784E-09    0.988032E+00    0.727862E-07    0.988032E+00    0.727862E-07    0.988032E+00    0.727862E-07
    0.117427E-09    0.988038E+00    0.624485E-05    0.988008E+00    0.241370E-04    0.988008E+00    0.241370E-04
    0.939417E-10    0.988023E+00    0.906570E-05    0.988023E+00    0.906570E-05    0.988122E+00    0.914098E-04
    0.751534E-10    0.988041E+00    0.984822E-05    0.988041E+00    0.984822E-05    0.987917E+00    0.116245E-03
    0.601227E-10    0.988030E+00    0.183281E-05    0.988088E+00    0.570396E-04    0.988087E+00    0.564166E-04
    0.480982E-10    0.988001E+00    0.311522E-04    0.988000E+00    0.317362E-04    0.988194E+00    0.164505E-03
    0.384785E-10    0.988056E+00    0.243327E-04    0.987964E+00    0.683855E-04    0.988207E+00    0.177890E-03
    0.307828E-10    0.988078E+00    0.473297E-04    0.987964E+00    0.685680E-04    0.987965E+00    0.673512E-04
    0.246263E-10    0.988079E+00    0.475579E-04    0.988077E+00    0.464171E-04    0.988077E+00    0.464171E-04
    0.197010E-10    0.987971E+00    0.616666E-04    0.988150E+00    0.119424E-03    0.987676E+00    0.359681E-03
    0.157608E-10    0.987971E+00    0.616666E-04    0.987971E+00    0.616666E-04    0.987971E+00    0.616666E-04
    0.126086E-10    0.988027E+00    0.507592E-05    0.988306E+00    0.277877E-03    0.987561E+00    0.476665E-03
    0.100869E-10    0.987958E+00    0.747003E-04    0.988305E+00    0.276206E-03    0.988301E+00    0.272493E-03
    0.806953E-11    0.987870E+00    0.163123E-03    0.988307E+00    0.278991E-03    0.988307E+00    0.278991E-03
    0.645562E-11    0.987981E+00    0.508539E-04    0.988523E+00    0.497438E-03    0.987073E+00    0.970475E-03
    0.516450E-11    0.988253E+00    0.224380E-03    0.988248E+00    0.218940E-03    0.986442E+00    0.160870E-02
    0.413160E-11    0.988079E+00    0.475992E-04    0.987232E+00    0.809107E-03    0.989489E+00    0.147544E-02
    0.330528E-11    0.987654E+00    0.382453E-03    0.987654E+00    0.382453E-03    0.990486E+00    0.248456E-02
    0.264422E-11    0.987654E+00    0.382453E-03    0.987654E+00    0.382453E-03    0.987654E+00    0.382453E-03
    0.211538E-11    0.987331E+00    0.709136E-03    0.988984E+00    0.964117E-03    0.989002E+00    0.981824E-03
    0.169230E-11    0.987328E+00    0.712456E-03    0.987328E+00    0.712456E-03    0.987350E+00    0.690323E-03
    0.135384E-11    0.987836E+00    0.197864E-03    0.990440E+00    0.243734E-02    0.983524E+00    0.456221E-02
    0.108307E-11    0.988497E+00    0.471313E-03    0.985243E+00    0.282270E-02    0.985243E+00    0.282270E-02
    0.866459E-12    0.988484E+00    0.458344E-03    0.988484E+00    0.458344E-03    0.988484E+00    0.458344E-03
    0.693167E-12    0.987467E+00    0.571034E-03    0.992553E+00    0.457586E-02    0.992553E+00    0.457586E-02
    0.554534E-12    0.987477E+00    0.560903E-03    0.987477E+00    0.560903E-03    0.987411E+00    0.628447E-03
    0.443627E-12    0.989092E+00    0.107283E-02    0.981146E+00    0.696919E-02    0.981146E+00    0.696919E-02
    0.354902E-12    0.989076E+00    0.105700E-02    0.989076E+00    0.105700E-02    0.989180E+00    0.116254E-02
    0.283921E-12    0.989115E+00    0.109658E-02    0.989115E+00    0.109658E-02    0.989115E+00    0.109658E-02
    0.227137E-12    0.989066E+00    0.104711E-02    0.989066E+00    0.104711E-02    0.989066E+00    0.104711E-02
    0.181710E-12    0.985217E+00    0.284874E-02    0.100446E+01    0.166305E-01    0.100446E+01    0.166305E-01
    0.145368E-12    0.989990E+00    0.198242E-02    0.965933E+00    0.223666E-01    0.966187E+00    0.221090E-01
    0.116294E-12    0.996196E+00    0.826292E-02    0.965885E+00    0.224149E-01    0.966203E+00    0.220929E-01
    0.930354E-13    0.980921E+00    0.719678E-02    0.980921E+00    0.719678E-02    0.108116E+01    0.942576E-01
    0.744283E-13    0.990468E+00    0.246553E-02    0.943480E+00    0.450912E-01    0.942486E+00    0.460977E-01
    0.595426E-13    0.100221E+01    0.143547E-01    0.943480E+00    0.450912E-01    0.943480E+00    0.450912E-01
    0.476341E-13    0.957931E+00    0.304656E-01    0.103135E+01    0.438418E-01    0.835567E+00    0.154311E+00
    0.381073E-13    0.101314E+01    0.254124E-01    0.920639E+00    0.682090E-01    0.116731E+01    0.181448E+00
    0.304858E-13    0.103608E+01    0.486334E-01    0.921367E+00    0.674719E-01    0.921367E+00    0.674719E-01
    0.243887E-13    0.100718E+01    0.193767E-01    0.863782E+00    0.125755E+00    0.124768E+01    0.262799E+00
    0.195109E-13    0.899061E+00    0.900479E-01    0.107973E+01    0.928064E-01    0.599848E+00    0.392885E+00
    0.156087E-13    0.899773E+00    0.893280E-01    0.899773E+00    0.893280E-01    0.899773E+00    0.893280E-01
    0.124870E-13    0.112472E+01    0.138340E+00    0.112472E+01    0.138340E+00    0.112472E+01    0.138340E+00
