 #log10(N)         exact        Simpson   Gauss-Legend          Filon      log10(eS)      log10(eG)      log10(eF)
  0.698970     0.6241500     69.3660420     -3.0233440    -23.4945052      2.0419325      0.7667056           1.587064
  0.954243     0.6241500     34.7802508     -2.0023966    -13.1062134      1.7381793      0.6240961           1.342393
  1.113943     0.6241500     23.6844304     -0.3953551      2.1088589      1.5675756      0.2131004           0.376352
  1.230449     0.6241500     17.7694907     -1.8393019     -2.9546600      1.4388571      0.5962551           0.758450
  1.322219     0.6241500     14.4349522     -4.1792582     -4.4221920      1.3449299      0.8862605           0.907688
  1.397940     0.6241500     10.7013198     -0.0661426      2.9331956      1.2080496      0.0437442           0.568144
  1.462398     0.6241500      9.1365973      0.0425083     -2.3513757      1.1347655     -0.0306334           0.678275
  1.518514     0.6241500      9.5381991      1.5478998      3.4884120      1.1547860      0.1702654           0.661724
  1.568202     0.6241500      7.4300394      3.0619024      1.6143930      1.0375959      0.5917006           0.200453
  1.612784     0.6241500      7.9560606      0.3635733     -1.3263623      1.0699282     -0.3793533           0.494860
  1.653213     0.6241500      5.3864931     -0.1018691     -1.2433180      0.8825317      0.0656590           0.475964
  1.690196     0.6241500      5.9213049      0.2478094      0.2661102      0.9287537     -0.2197079          -0.241358
  1.724276     0.6241500      7.1103705      1.6276298      1.6200517      1.0167027      0.2062197           0.202927
  1.755875     0.6241500      4.5445165      0.6461574      2.0980640      0.7980377     -1.4527193           0.373183
  1.785330     0.6241500      3.7733872     -0.8461690      1.9410110      0.7029164      0.3721226           0.324251
  1.812913     0.6241500      3.4851588      1.4350449      1.5508965      0.6612302      0.1136756           0.171672
  1.838849     0.6241500      4.1063801      0.3495241      1.1225704      0.7465685     -0.3565474          -0.097693
  1.863323     0.6241500      4.4091456     -0.2081960      0.7312710      0.7827764      0.1250149          -0.765414
  1.886491     0.6241500      4.9703808      1.1634317      0.4062167      0.8428238     -0.0634733          -0.456965
  1.908485     0.6241500      4.9656161     -0.0193151      0.1681047      0.8423474      0.0132360          -0.136281
  1.929419     0.6241500      3.1305616      1.4725041      0.0306940      0.6037634      0.1332882          -0.021900
  1.949390     0.6241500      2.6258018      0.4948556     -0.0275102      0.5060996     -0.6837092           0.018732
  1.968483     0.6241500      2.3131081      1.2946242     -0.0291961      0.4323299      0.0310931           0.019854
  1.986772     0.6241500      2.0655412      0.3696121      0.0087611      0.3634929     -0.3895365          -0.006139
  2.004321     0.6241500      1.8197805      0.6950052      0.0737326      0.2823080     -0.9449173          -0.054597
  2.021189     0.6241500      1.4458065      0.4811557      0.1560497      0.1194013     -0.6399701          -0.124950
  2.037426     0.6241500      1.9194666      0.9979162      0.2482436      0.3170870     -0.2226890          -0.220209
  2.053078     0.6241500      2.1766600     -0.1592825      0.3445896      0.3957454      0.0987126          -0.348813
  2.068186     0.6241500      2.2881710      0.4903351      0.4407917      0.4258698     -0.6687845          -0.531988
  2.082785     0.6241500      2.3700564      0.7470810      0.5337305      0.4467320     -0.7056277          -0.839027
  2.096910     0.6241500      2.4466777     -0.0541135      0.6212412      0.4653852      0.0361095          -2.331579
  2.110590     0.6241500      2.5282169      0.8737513      0.7019184      0.4843932     -0.3980422          -0.904486
  2.123852     0.6241500      2.6213061      0.8921567      0.7749434      0.5051230     -0.3671433          -0.616907
  2.136721     0.6241500      2.7323266      0.2643354      0.8399382      0.5286180     -0.2392102          -0.461261
  2.149219     0.6241500      2.8695126      0.4043341      0.8968426      0.5559975     -0.4532299          -0.359616
  2.161368     0.6241500      3.0458581      0.9184487      0.9458153      0.5888328     -0.3265006          -0.287885
  2.173186     0.6241500      3.2857238      0.9697267      0.9871525      0.6298495     -0.2567446          -0.235379
  2.184691     0.6241500      3.6461143      0.6267601      1.0212208      0.6850003     -2.3786400          -0.196421
  2.195900     0.6241500      4.3324925      0.3287252      1.0483935      0.7738909     -0.3248421          -0.167674
  2.206826     0.6241500      3.6838006      0.2572557      1.0689468      0.6903829     -0.2307481          -0.147127
  2.217484     0.6241500      2.3443160      0.3393490      1.0832211      0.4402814     -0.3407475          -0.133409
  2.227887     0.6241500      1.8913928      0.4544985      1.0920110      0.3075709     -0.5657313          -0.125172
  2.238046     0.6241500      1.6211470      0.5334894      1.0961612      0.2034049     -0.8378702          -0.121337
  2.247973     0.6241500      1.4312979      0.5542218      1.0964474      0.1116642     -0.9506366          -0.121073
  2.257679     0.6241500      1.2864417      0.5147170      1.0935557      0.0257603     -0.7561406          -0.123741
  2.267172     0.6241500      1.1701457      0.4246530      1.0880822     -0.0580998     -0.4953527          -0.128834
  2.276462     0.6241500      1.0734558      0.3236325      1.0805390     -0.1427470     -0.3174192          -0.135954
  2.285557     0.6241500      0.9909619      0.3081087      1.0713621     -0.2308455     -0.2955451          -0.144775
  2.294466     0.6241500      0.9191485      0.4956776      1.0609210     -0.3254692     -0.6864790          -0.155035
  2.303196     0.6241500      0.8556025      0.8319423      1.0495264     -0.4308271     -0.4776596          -0.166516
  2.311754     0.6241500      0.7985954      0.9124793      1.0374385     -0.5536294     -0.3354001          -0.179036
  2.320146     0.6241500      0.7468448      0.4906875      1.0248742     -0.7064630     -0.6699298          -0.192443
  2.328380     0.6241500      0.6993707      0.3680855      1.0120131     -0.9189517     -0.3869397          -0.206611
  2.336460     0.6241500      0.6554050      0.9098966      0.9990031     -1.3003696     -0.3393078          -0.221428
  2.344392     0.6241500      0.6143313      0.5457203      0.9859653     -1.8032341     -0.9008083          -0.236802
  2.352183     0.6241500      0.5756441      0.5172149      0.9729980     -1.1094944     -0.7661686          -0.252653
  2.359835     0.6241500      0.5389201      0.8166036      0.9601802     -0.8646971     -0.5109629          -0.268911
  2.367356     0.6241500      0.5037973      0.4372412      0.9475748     -0.7148331     -0.5236592          -0.285516
  2.374748     0.6241500      0.4699590      0.6885520      0.9352311     -0.6072300     -0.9863898          -0.302415
  2.382017     0.6241500      0.4371221      0.8471328      0.9231871     -0.5233826     -0.4470177          -0.319564
  2.389166     0.6241500      0.4050267      0.2160321      0.9114712     -0.4546005     -0.1845034          -0.336921
  2.396199     0.6241500      0.3734279      0.2891753      0.9001039     -0.3960964     -0.2702770          -0.354452
  2.403121     0.6241500      0.3420881      0.5248609      0.8890994     -0.3449445     -0.7983876          -0.372126
  2.409933     0.6241500      0.3107692      0.6082643      0.8784662     -0.2992165     -1.5942814          -0.389915
  2.416641     0.6241500      0.2792250      0.6225659      0.8682086     -0.2575643     -2.5954987          -0.407795
  2.423246     0.6241500      0.2471920      0.6240436      0.8583271     -0.2189960     -3.7684389          -0.425745
  2.429752     0.6241500      0.2143781      0.6241450      0.8488196     -0.1827468     -5.0952051          -0.443745
  2.436163     0.6241500      0.1804480      0.6241499      0.8396813     -0.1481976     -6.6974061          -0.461779
  2.442480     0.6241500      0.1450031      0.6241500      0.8309057     -0.1148203     -7.1237491          -0.479831
  2.448706     0.6241500      0.1075521      0.6241501      0.8224850     -0.0821363     -7.0834560          -0.497890
  2.454845     0.6241500      0.0674661      0.6241501      0.8144101     -0.0496803     -7.0826720          -0.515941
  2.460898     0.6241500      0.0239073      0.6241501      0.8066712     -0.0169621     -7.0826593          -0.533976
  2.466868     0.6241500     -0.0242942      0.6241501      0.7992577      0.0165836     -7.0826584          -0.551984
  2.472756     0.6241500     -0.0788623      0.6241501      0.7921588      0.0516739     -7.0826576          -0.569957
  2.478566     0.6241500     -0.1425204      0.6241501      0.7853634      0.0893197     -7.0826550          -0.587888
  2.484300     0.6241500     -0.2199916      0.6241501      0.7788604      0.1311263     -7.0826557          -0.605770
  2.489958     0.6241500     -0.3206760      0.6241501      0.7726384      0.1800628     -7.0826540          -0.623596
  2.495544     0.6241500     -0.4681769      0.6241501      0.7666865      0.2430637     -7.0826540          -0.641363
  2.501059     0.6241500     -0.7624416      0.6241501      0.7609936      0.3466596     -7.0826537          -0.659064
  2.506505     0.6241500     -0.2699161      0.6241501      0.7555490      0.1560807     -7.0826549          -0.676697
  2.511883     0.6241500      0.0309704      0.6241501      0.7503421     -0.0221028     -7.0826523          -0.694257
  2.517196     0.6241500      0.1598697      0.6241501      0.7453629     -0.1285087     -7.0826515          -0.711740
  2.522444     0.6241500      0.2393422      0.6241501      0.7406012     -0.2100451     -7.0826518          -0.729145
  2.527630     0.6241500      0.2952536      0.6241501      0.7360475     -0.2782299     -7.0826505          -0.746468
  2.532754     0.6241500      0.3374530      0.6241501      0.7316927     -0.3378658     -7.0826506          -0.763708
  2.537819     0.6241500      0.3707385      0.6241501      0.7275277     -0.3914627     -7.0826482          -0.780862
  2.542825     0.6241500      0.3978035      0.6241501      0.7235439     -0.4405152     -7.0826494          -0.797929
  2.547775     0.6241500      0.4203073      0.6241501      0.7197332     -0.4859939     -7.0826489          -0.814908
  2.552668     0.6241500      0.4393422      0.6241501      0.7160875     -0.5285686     -7.0826480          -0.831796
  2.557507     0.6241500      0.4556635      0.6241501      0.7125995     -0.5687239     -7.0826483          -0.848594
  2.562293     0.6241500      0.4698144      0.6241501      0.7092617     -0.6068230     -7.0826477          -0.865300
  2.567026     0.6241500      0.4821975      0.6241501      0.7060674     -0.6431460     -7.0826467          -0.881913
  2.571709     0.6241500      0.4931189      0.6241501      0.7030098     -0.6779145     -7.0826468          -0.898433
  2.576341     0.6241500      0.5028162      0.6241501      0.7000827     -0.7113070     -7.0826458          -0.914860
  2.580925     0.6241500      0.5114772      0.6241501      0.6972799     -0.7434699     -7.0826462          -0.931194
  2.585461     0.6241500      0.5192527      0.6241501      0.6945959     -0.7745248     -7.0826454          -0.947433
  2.589950     0.6241500      0.5262653      0.6241501      0.6920251     -0.8045744     -7.0826449          -0.963578
  2.594393     0.6241500      0.5326159      0.6241501      0.6895623     -0.8337059     -7.0826462          -0.979630
  2.598791     0.6241500      0.5383881      0.6241501      0.6872025     -0.8619944     -7.0826434          -0.995587
  2.603144     0.6241500      0.5436522      0.6241501      0.6849410     -0.8895051     -7.0826438          -1.011450
  2.607455     0.6241500      0.5484677      0.6241501      0.6827732     -0.9162948     -7.0826431          -1.027220
  2.611723     0.6241500      0.5528852      0.6241501      0.6806949     -0.9424138     -7.0826439          -1.042896
  2.615950     0.6241500      0.5569479      0.6241501      0.6787020     -0.9679063     -7.0826424          -1.058479
  2.620136     0.6241500      0.5606934      0.6241501      0.6767905     -0.9928121     -7.0826425          -1.073969
  2.624282     0.6241500      0.5641540      0.6241501      0.6749569     -1.0171664     -7.0826422          -1.089366
  2.628389     0.6241500      0.5673579      0.6241501      0.6731975     -1.0410013     -7.0826423          -1.104672
  2.632457     0.6241500      0.5703300      0.6241501      0.6715091     -1.0643455     -7.0826412          -1.119886
  2.636488     0.6241500      0.5730920      0.6241501      0.6698883     -1.0872253     -7.0826420          -1.135009
  2.640481     0.6241500      0.5756631      0.6241501      0.6683322     -1.1096644     -7.0826417          -1.150041
  2.644439     0.6241500      0.5780603      0.6241501      0.6668379     -1.1316847     -7.0826401          -1.164984
  2.648360     0.6241500      0.5802987      0.6241501      0.6654027     -1.1533062     -7.0826414          -1.179837
  2.652246     0.6241500      0.5823918      0.6241501      0.6640238     -1.1745473     -7.0826394          -1.194601
  2.656098     0.6241500      0.5843517      0.6241501      0.6626989     -1.1954250     -7.0826401          -1.209277
  2.659916     0.6241500      0.5861893      0.6241501      0.6614255     -1.2159550     -7.0826390          -1.223865
  2.663701     0.6241500      0.5879143      0.6241501      0.6602015     -1.2361518     -7.0826400          -1.238366
  2.667453     0.6241500      0.5895354      0.6241501      0.6590245     -1.2560291     -7.0826396          -1.252781
  2.671173     0.6241500      0.5910606      0.6241501      0.6578926     -1.2755995     -7.0826390          -1.267110
  2.674861     0.6241500      0.5924970      0.6241501      0.6568039     -1.2948747     -7.0826393          -1.281354
  2.678518     0.6241500      0.5938514      0.6241501      0.6557564     -1.3138659     -7.0826389          -1.295514
  2.682145     0.6241500      0.5951294      0.6241501      0.6547484     -1.3325832     -7.0826385          -1.309590
  2.685742     0.6241500      0.5963367      0.6241501      0.6537783     -1.3510365     -7.0826392          -1.323582
  2.689309     0.6241500      0.5974781      0.6241501      0.6528443     -1.3692349     -7.0826386          -1.337493
  2.692847     0.6241500      0.5985581      0.6241501      0.6519451     -1.3871869     -7.0826384          -1.351321
  2.696356     0.6241500      0.5995810      0.6241501      0.6510790     -1.4049008     -7.0826377          -1.365069
  2.699838     0.6241500      0.6005504      0.6241501      0.6502447     -1.4223841     -7.0828715          -1.378736
  2.703291     0.6241500      0.6014699      0.6241501      0.6494409     -1.4396442     -7.0828670          -1.392324
  2.706718     0.6241500      0.6023427      0.6241501      0.6486664     -1.4566878     -7.0828658          -1.405833
  2.710117     0.6241500      0.6031718      0.6241501      0.6479198     -1.4735216     -7.0828614          -1.419263
  2.713491     0.6241500      0.6039600      0.6241501      0.6472001     -1.4901516     -7.0828571          -1.432616
  2.716838     0.6241500      0.6047096      0.6241501      0.6465062     -1.5065839     -7.0828537          -1.445891
  2.720159     0.6241500      0.6054231      0.6241501      0.6458369     -1.5228239     -7.0828506          -1.459091
  2.723456     0.6241500      0.6061027      0.6241501      0.6451914     -1.5388771     -7.0828476          -1.472215
  2.726727     0.6241500      0.6067504      0.6241501      0.6445686     -1.5547485     -7.0828448          -1.485264
  2.729974     0.6241500      0.6073679      0.6241501      0.6439676     -1.5704430     -7.0828408          -1.498238
  2.733197     0.6241500      0.6079571      0.6241501      0.6433875     -1.5859652     -7.0828359          -1.511139
  2.736397     0.6241500      0.6085196      0.6241501      0.6428276     -1.6013195     -7.0828348          -1.523967
  2.739572     0.6241500      0.6090569      0.6241501      0.6422870     -1.6165103     -7.0828320          -1.536723
  2.742725     0.6241500      0.6095703      0.6241501      0.6417650     -1.6315416     -7.0828285          -1.549407
  2.745855     0.6241500      0.6100613      0.6241501      0.6412607     -1.6464172     -7.0828262          -1.562020
  2.748963     0.6241500      0.6105309      0.6241501      0.6407736     -1.6611410     -7.0828219          -1.574563
  2.752048     0.6241500      0.6109804      0.6241501      0.6403030     -1.6757165     -7.0828211          -1.587036
  2.755112     0.6241500      0.6114108      0.6241501      0.6398482     -1.6901471     -7.0828181          -1.599440
  2.758155     0.6241500      0.6118231      0.6241501      0.6394086     -1.7044363     -7.0828149          -1.611776
  2.761176     0.6241500      0.6122183      0.6241501      0.6389836     -1.7185872     -7.0828123          -1.624043
  2.764176     0.6241500      0.6125972      0.6241501      0.6385727     -1.7326028     -7.0828100          -1.636243
  2.767156     0.6241500      0.6129607      0.6241501      0.6381753     -1.7464862     -7.0828075          -1.648377
  2.770115     0.6241500      0.6133095      0.6241501      0.6377909     -1.7602401     -7.0828031          -1.660444
  2.773055     0.6241500      0.6136444      0.6241501      0.6374191     -1.7738674     -7.0828028          -1.672446
  2.775974     0.6241500      0.6139660      0.6241501      0.6370594     -1.7873707     -7.0827999          -1.684384
  2.778874     0.6241500      0.6142750      0.6241501      0.6367112     -1.8007526     -7.0827978          -1.696257
  2.820201     0.6241500      0.6177398      0.6241501      0.6326277     -1.9884181     -7.0827686          -1.867013
  2.857935     0.6241500      0.6197887      0.6241501      0.6300397     -2.1556698     -7.0827458          -2.025199
  2.892651     0.6241500      0.6210708      0.6241501      0.6283472     -2.3068580     -7.0827276          -2.172332
  2.924796     0.6241500      0.6219098      0.6241501      0.6272091     -2.4450031     -7.0827142          -2.309695
  2.954725     0.6241500      0.6224790      0.6241501      0.6264247     -2.5723062     -7.0827019          -2.438373
  2.982723     0.6241500      0.6228769      0.6241501      0.6258719     -2.6904306     -7.0826935          -2.559289
  3.009026     0.6241500      0.6231623      0.6241501      0.6254745     -2.8006693     -7.0826853          -2.673237
  3.033826     0.6241500      0.6233715      0.6241501      0.6251837     -2.9040508     -7.0826797          -2.780900
  3.057286     0.6241500      0.6235279      0.6241501      0.6249674     -3.0014081     -7.0826738          -2.882870
  3.079543     0.6241500      0.6236467      0.6241501      0.6248041     -3.0934269     -7.0826688          -2.979665
  3.100715     0.6241500      0.6237383      0.6241501      0.6246791     -3.1806792     -7.0826649          -3.071738
  3.120903     0.6241500      0.6238099      0.6241501      0.6245823     -3.2636474     -7.0826616          -3.159489
  3.140194     0.6241500      0.6238665      0.6241501      0.6245065     -3.3427430     -7.0826603          -3.243273
  3.158664     0.6241500      0.6239118      0.6241501      0.6244464     -3.4183194     -7.0826558          -3.323405
  3.176381     0.6241500      0.6239483      0.6241501      0.6243984     -3.4906832     -7.0826529          -3.400165
  3.193403     0.6241500      0.6239781      0.6241501      0.6243596     -3.5601017     -7.0826515          -3.473805
  3.209783     0.6241500      0.6240026      0.6241501      0.6243281     -3.6268101     -7.0826497          -3.544552
  3.225568     0.6241500      0.6240229      0.6241501      0.6243023     -3.6910157     -7.0826459          -3.612609
  3.240799     0.6241500      0.6240397      0.6241501      0.6242810     -3.7529029     -7.0826472          -3.678160
  3.255514     0.6241500      0.6240539      0.6241501      0.6242632     -3.8126363     -7.0826467          -3.741373
  3.269746     0.6241500      0.6240659      0.6241501      0.6242484     -3.8703632     -7.0826432          -3.802398
  3.283527     0.6241500      0.6240760      0.6241501      0.6242359     -3.9262163     -7.0826410          -3.861375
  3.296884     0.6241500      0.6240847      0.6241501      0.6242253     -3.9803156     -7.0826396          -3.918429
  3.309843     0.6241500      0.6240921      0.6241501      0.6242163     -4.0327696     -7.0826421          -3.973676
  3.322426     0.6241500      0.6240985      0.6241501      0.6242086     -4.0836773     -7.0826441          -4.027221
  3.334655     0.6241500      0.6241041      0.6241501      0.6242020     -4.1331289     -7.0826447          -4.079161
  3.346549     0.6241500      0.6241089      0.6241501      0.6241963     -4.1812068     -7.0826436          -4.129585
  3.358125     0.6241500      0.6241131      0.6241501      0.6241914     -4.2279867     -7.0826409          -4.178576
  3.369401     0.6241500      0.6241168      0.6241501      0.6241871     -4.2735384     -7.0826358          -4.226210
  3.380392     0.6241500      0.6241200      0.6241501      0.6241833     -4.3179261     -7.0826301          -4.272557
  3.391112     0.6241500      0.6241228      0.6241501      0.6241800     -4.3612090     -7.0826254          -4.317682
  3.401573     0.6241500      0.6241253      0.6241501      0.6241771     -4.4034421     -7.0826221          -4.361646
  3.411788     0.6241500      0.6241276      0.6241501      0.6241746     -4.4446765     -7.0826178          -4.404504
  3.421768     0.6241500      0.6241296      0.6241501      0.6241723     -4.4849595     -7.0826157          -4.446309
  3.431525     0.6241500      0.6241313      0.6241501      0.6241703     -4.5243354     -7.0826151          -4.487110
  3.441066     0.6241500      0.6241329      0.6241501      0.6241685     -4.5628452     -7.0826169          -4.526951
  3.450403     0.6241500      0.6241343      0.6241501      0.6241670     -4.6005276     -7.0826180          -4.565876
  3.459543     0.6241500      0.6241356      0.6241501      0.6241655     -4.6374186     -7.0826206          -4.603924
  3.468495     0.6241500      0.6241368      0.6241501      0.6241643     -4.6735520     -7.0826247          -4.641131
  3.477266     0.6241500      0.6241378      0.6241501      0.6241631     -4.7089596     -7.0826304          -4.677534
  3.485863     0.6241500      0.6241387      0.6241501      0.6241621     -4.7436713     -7.0826341          -4.713164
  3.494294     0.6241500      0.6241396      0.6241501      0.6241611     -4.7777151     -7.0826389          -4.748052
  3.502564     0.6241500      0.6241404      0.6241501      0.6241603     -4.8111176     -7.0826461          -4.782227
  3.510679     0.6241500      0.6241411      0.6241501      0.6241595     -4.8439039     -7.0826504          -4.815717
  3.518646     0.6241500      0.6241417      0.6241501      0.6241588     -4.8760975     -7.0826564          -4.848546
  3.526469     0.6241500      0.6241423      0.6241501      0.6241582     -4.9077209     -7.0826640          -4.880739
  3.534153     0.6241500      0.6241428      0.6241501      0.6241576     -4.9387952     -7.0826692          -4.912320
  3.541704     0.6241500      0.6241433      0.6241501      0.6241571     -4.9693407     -7.0826760          -4.943308
  3.549126     0.6241500      0.6241437      0.6241501      0.6241566     -4.9993764     -7.0826804          -4.973725
  3.556423     0.6241500      0.6241442      0.6241501      0.6241562     -5.0289204     -7.0826867          -5.003591
  3.563600     0.6241500      0.6241445      0.6241501      0.6241558     -5.0579901     -7.0826920          -5.032923
  3.570660     0.6241500      0.6241449      0.6241501      0.6241554     -5.0866019     -7.0826967          -5.061738
  3.577607     0.6241500      0.6241452      0.6241501      0.6241551     -5.1147716     -7.0827029          -5.090054
  3.584444     0.6241500      0.6241455      0.6241501      0.6241548     -5.1425140     -7.0827085          -5.117885
  3.591176     0.6241500      0.6241458      0.6241501      0.6241545     -5.1698435     -7.0827141          -5.145247
  3.597805     0.6241500      0.6241460      0.6241501      0.6241542     -5.1967737     -7.0827197          -5.172153
  3.604334     0.6241500      0.6241463      0.6241501      0.6241540     -5.2233177     -7.0827192          -5.198618
  3.610767     0.6241500      0.6241465      0.6241501      0.6241537     -5.2494881     -7.0827243          -5.224653
  3.617105     0.6241500      0.6241467      0.6241501      0.6241535     -5.2752968     -7.0827305          -5.250272
  3.623353     0.6241500      0.6241469      0.6241501      0.6241533     -5.3007554     -7.0827365          -5.275485
  3.629512     0.6241500      0.6241471      0.6241501      0.6241531     -5.3258750     -7.0827416          -5.300304
  3.635584     0.6241500      0.6241472      0.6241501      0.6241530     -5.3506660     -7.0827407          -5.324739
  3.641573     0.6241500      0.6241474      0.6241501      0.6241528     -5.3751389     -7.0827463          -5.348801
  3.647481     0.6241500      0.6241475      0.6241501      0.6241526     -5.3993033     -7.0827515          -5.372499
  3.653309     0.6241500      0.6241476      0.6241501      0.6241525     -5.4231687     -7.0827495          -5.395842
  3.659060     0.6241500      0.6241478      0.6241501      0.6241524     -5.4467443     -7.0827551          -5.418838
  3.664736     0.6241500      0.6241479      0.6241501      0.6241523     -5.4700389     -7.0827625          -5.441498
  3.670339     0.6241500      0.6241480      0.6241501      0.6241521     -5.4930610     -7.0827603          -5.463827
  3.675870     0.6241500      0.6241481      0.6241501      0.6241520     -5.5158187     -7.0827667          -5.485836
  3.681332     0.6241500      0.6241482      0.6241501      0.6241519     -5.5383199     -7.0827641          -5.507529
