gauss points     final           1st     1st error           2nd     2nd error           3rd     3rd error
           1     0.267       0.80000     0.186E-01       0.38940     0.232E+00       0.85776    -0.426E+00
           2     0.280       0.78689     0.189E-02       0.31275    -0.105E-01       1.13634    -0.239E+00
           3     0.308       0.78527    -0.169E-03       0.31614     0.254E-03       1.24190    -0.169E+00
           4     0.322       0.78540     0.379E-05       0.31606    -0.317E-05       1.29880    -0.130E+00
           5     0.331       0.78540    -0.234E-05       0.31606     0.931E-06       1.33461    -0.106E+00
           6     0.337       0.78540    -0.235E-05       0.31606     0.884E-06       1.35926    -0.900E-01
           7     0.342       0.78540    -0.234E-05       0.31606     0.884E-06       1.37727    -0.779E-01
           8     0.345       0.78540    -0.234E-05       0.31606     0.884E-06       1.39102    -0.687E-01
           9     0.348       0.78540    -0.234E-05       0.31606     0.884E-06       1.40186    -0.615E-01
          10     0.350       0.78540    -0.234E-05       0.31606     0.884E-06       1.41062    -0.556E-01
          11     0.352       0.78540    -0.234E-05       0.31606     0.884E-06       1.41786    -0.507E-01
          12     0.353       0.78540    -0.234E-05       0.31606     0.884E-06       1.42393    -0.467E-01
          13     0.355       0.78540    -0.234E-05       0.31606     0.884E-06       1.42910    -0.432E-01
          14     0.356       0.78540    -0.234E-05       0.31606     0.884E-06       1.43356    -0.402E-01
          15     0.357       0.78540    -0.234E-05       0.31606     0.884E-06       1.43744    -0.376E-01
          16     0.358       0.78540    -0.234E-05       0.31606     0.884E-06       1.44085    -0.353E-01
          17     0.358       0.78540    -0.234E-05       0.31606     0.884E-06       1.44387    -0.333E-01
          18     0.359       0.78540    -0.234E-05       0.31606     0.884E-06       1.44657    -0.315E-01
          19     0.360       0.78540    -0.234E-05       0.31606     0.884E-06       1.44898    -0.299E-01
          20     0.360       0.78540    -0.234E-05       0.31606     0.884E-06       1.45116    -0.284E-01
          21     0.361       0.78540    -0.234E-05       0.31606     0.884E-06       1.45314    -0.271E-01
          22     0.361       0.78540    -0.234E-05       0.31606     0.884E-06       1.45494    -0.259E-01
          23     0.362       0.78540    -0.234E-05       0.31606     0.884E-06       1.45659    -0.248E-01
          24     0.362       0.78540    -0.234E-05       0.31606     0.884E-06       1.45810    -0.238E-01
          25     0.362       0.78540    -0.234E-05       0.31606     0.884E-06       1.45950    -0.229E-01
          26     0.363       0.78540    -0.234E-05       0.31606     0.884E-06       1.46079    -0.220E-01
          27     0.363       0.78540    -0.234E-05       0.31606     0.884E-06       1.46198    -0.212E-01
          28     0.363       0.78540    -0.234E-05       0.31606     0.884E-06       1.46309    -0.205E-01
          29     0.363       0.78540    -0.234E-05       0.31606     0.884E-06       1.46413    -0.198E-01
          30     0.364       0.78540    -0.234E-05       0.31606     0.884E-06       1.46510    -0.191E-01
          31     0.364       0.78540    -0.234E-05       0.31606     0.884E-06       1.46600    -0.185E-01
          32     0.364       0.78540    -0.234E-05       0.31606     0.884E-06       1.46685    -0.179E-01
          33     0.364       0.78540    -0.234E-05       0.31606     0.884E-06       1.46765    -0.174E-01
          34     0.365       0.78540    -0.234E-05       0.31606     0.884E-06       1.46841    -0.169E-01
          35     0.365       0.78540    -0.234E-05       0.31606     0.884E-06       1.46912    -0.164E-01
          36     0.365       0.78540    -0.234E-05       0.31606     0.884E-06       1.46979    -0.160E-01
          37     0.365       0.78540    -0.234E-05       0.31606     0.884E-06       1.47043    -0.155E-01
          38     0.365       0.78540    -0.234E-05       0.31606     0.884E-06       1.47103    -0.151E-01
          39     0.365       0.78540    -0.234E-05       0.31606     0.884E-06       1.47160    -0.148E-01
          40     0.365       0.78540    -0.234E-05       0.31606     0.884E-06       1.47215    -0.144E-01
          41     0.366       0.78540    -0.234E-05       0.31606     0.884E-06       1.47267    -0.140E-01
          42     0.366       0.78540    -0.234E-05       0.31606     0.884E-06       1.47316    -0.137E-01
          43     0.366       0.78540    -0.234E-05       0.31606     0.884E-06       1.47363    -0.134E-01
          44     0.366       0.78540    -0.234E-05       0.31606     0.884E-06       1.47408    -0.131E-01
          45     0.366       0.78540    -0.234E-05       0.31606     0.884E-06       1.47451    -0.128E-01
          46     0.366       0.78540    -0.234E-05       0.31606     0.884E-06       1.47492    -0.125E-01
          47     0.366       0.78540    -0.234E-05       0.31606     0.884E-06       1.47532    -0.123E-01
          48     0.366       0.78540    -0.234E-05       0.31606     0.884E-06       1.47569    -0.120E-01
          49     0.366       0.78540    -0.234E-05       0.31606     0.884E-06       1.47606    -0.118E-01
          50     0.366       0.78540    -0.234E-05       0.31606     0.884E-06       1.47641    -0.115E-01
          51     0.367       0.78540    -0.234E-05       0.31606     0.884E-06       1.47674    -0.113E-01
          52     0.367       0.78540    -0.234E-05       0.31606     0.884E-06       1.47706    -0.111E-01
          53     0.367       0.78540    -0.234E-05       0.31606     0.884E-06       1.47737    -0.109E-01
          54     0.367       0.78540    -0.234E-05       0.31606     0.884E-06       1.47767    -0.107E-01
          55     0.367       0.78540    -0.234E-05       0.31606     0.884E-06       1.47796    -0.105E-01
          56     0.367       0.78540    -0.234E-05       0.31606     0.884E-06       1.47824    -0.103E-01
          57     0.367       0.78540    -0.234E-05       0.31606     0.884E-06       1.47851    -0.101E-01
          58     0.367       0.78540    -0.234E-05       0.31606     0.884E-06       1.47876    -0.997E-02
          59     0.367       0.78540    -0.234E-05       0.31606     0.884E-06       1.47901    -0.980E-02
          60     0.367       0.78540    -0.234E-05       0.31606     0.884E-06       1.47926    -0.964E-02
          61     0.367       0.78540    -0.234E-05       0.31606     0.884E-06       1.47949    -0.948E-02
          62     0.367       0.78540    -0.234E-05       0.31606     0.884E-06       1.47972    -0.933E-02
          63     0.367       0.78540    -0.234E-05       0.31606     0.884E-06       1.47994    -0.918E-02
          64     0.367       0.78540    -0.234E-05       0.31606     0.884E-06       1.48015    -0.904E-02
          65     0.367       0.78540    -0.234E-05       0.31606     0.884E-06       1.48035    -0.890E-02
          66     0.368       0.78540    -0.234E-05       0.31606     0.884E-06       1.48055    -0.877E-02
          67     0.368       0.78540    -0.234E-05       0.31606     0.884E-06       1.48075    -0.864E-02
          68     0.368       0.78540    -0.234E-05       0.31606     0.884E-06       1.48094    -0.851E-02
          69     0.368       0.78540    -0.234E-05       0.31606     0.884E-06       1.48112    -0.839E-02
          70     0.368       0.78540    -0.234E-05       0.31606     0.884E-06       1.48130    -0.827E-02
          71     0.368       0.78540    -0.234E-05       0.31606     0.884E-06       1.48147    -0.815E-02
          72     0.368       0.78540    -0.234E-05       0.31606     0.884E-06       1.48164    -0.804E-02
          73     0.368       0.78540    -0.234E-05       0.31606     0.884E-06       1.48180    -0.793E-02
          74     0.368       0.78540    -0.234E-05       0.31606     0.884E-06       1.48196    -0.783E-02
          75     0.368       0.78540    -0.234E-05       0.31606     0.884E-06       1.48212    -0.772E-02
          76     0.368       0.78540    -0.234E-05       0.31606     0.884E-06       1.48227    -0.762E-02
          77     0.368       0.78540    -0.234E-05       0.31606     0.884E-06       1.48241    -0.752E-02
          78     0.368       0.78540    -0.234E-05       0.31606     0.884E-06       1.48256    -0.743E-02
          79     0.368       0.78540    -0.234E-05       0.31606     0.884E-06       1.48270    -0.733E-02
          80     0.368       0.78540    -0.234E-05       0.31606     0.884E-06       1.48283    -0.724E-02
          81     0.368       0.78540    -0.234E-05       0.31606     0.884E-06       1.48296    -0.715E-02
          82     0.368       0.78540    -0.234E-05       0.31606     0.884E-06       1.48309    -0.707E-02
          83     0.368       0.78540    -0.234E-05       0.31606     0.884E-06       1.48322    -0.698E-02
          84     0.368       0.78540    -0.234E-05       0.31606     0.884E-06       1.48334    -0.690E-02
          85     0.368       0.78540    -0.234E-05       0.31606     0.884E-06       1.48346    -0.682E-02
          86     0.368       0.78540    -0.234E-05       0.31606     0.884E-06       1.48358    -0.674E-02
          87     0.368       0.78540    -0.234E-05       0.31606     0.884E-06       1.48370    -0.666E-02
          88     0.368       0.78540    -0.234E-05       0.31606     0.884E-06       1.48381    -0.659E-02
          89     0.368       0.78540    -0.234E-05       0.31606     0.884E-06       1.48392    -0.651E-02
          90     0.368       0.78540    -0.234E-05       0.31606     0.884E-06       1.48403    -0.644E-02
          91     0.368       0.78540    -0.234E-05       0.31606     0.884E-06       1.48413    -0.637E-02
          92     0.368       0.78540    -0.234E-05       0.31606     0.884E-06       1.48424    -0.630E-02
          93     0.368       0.78540    -0.234E-05       0.31606     0.884E-06       1.48434    -0.624E-02
          94     0.368       0.78540    -0.234E-05       0.31606     0.884E-06       1.48443    -0.617E-02
          95     0.369       0.78540    -0.234E-05       0.31606     0.884E-06       1.48453    -0.611E-02
          96     0.369       0.78540    -0.234E-05       0.31606     0.884E-06       1.48463    -0.604E-02
          97     0.369       0.78540    -0.234E-05       0.31606     0.884E-06       1.48472    -0.598E-02
          98     0.369       0.78540    -0.234E-05       0.31606     0.884E-06       1.48481    -0.592E-02
          99     0.369       0.78540    -0.234E-05       0.31606     0.884E-06       1.48490    -0.586E-02
         100     0.369       0.78540    -0.234E-05       0.31606     0.884E-06       1.48498    -0.580E-02
         101     0.369       0.78540    -0.234E-05       0.31606     0.884E-06       1.48507    -0.574E-02
         102     0.369       0.78540    -0.234E-05       0.31606     0.884E-06       1.48515    -0.569E-02
         103     0.369       0.78540    -0.234E-05       0.31606     0.884E-06       1.48524    -0.563E-02
         104     0.369       0.78540    -0.234E-05       0.31606     0.884E-06       1.48532    -0.558E-02
         105     0.369       0.78540    -0.234E-05       0.31606     0.884E-06       1.48540    -0.553E-02
         106     0.369       0.78540    -0.234E-05       0.31606     0.884E-06       1.48547    -0.547E-02
         107     0.369       0.78540    -0.234E-05       0.31606     0.884E-06       1.48555    -0.542E-02
         108     0.369       0.78540    -0.234E-05       0.31606     0.884E-06       1.48562    -0.537E-02
         109     0.369       0.78540    -0.234E-05       0.31606     0.884E-06       1.48570    -0.532E-02
         110     0.369       0.78540    -0.234E-05       0.31606     0.884E-06       1.48577    -0.528E-02
         111     0.369       0.78540    -0.234E-05       0.31606     0.884E-06       1.48584    -0.523E-02
         112     0.369       0.78540    -0.234E-05       0.31606     0.884E-06       1.48591    -0.518E-02
         113     0.369       0.78540    -0.234E-05       0.31606     0.884E-06       1.48598    -0.514E-02
         114     0.369       0.78540    -0.234E-05       0.31606     0.884E-06       1.48604    -0.509E-02
         115     0.369       0.78540    -0.234E-05       0.31606     0.884E-06       1.48611    -0.505E-02
         116     0.369       0.78540    -0.234E-05       0.31606     0.884E-06       1.48617    -0.500E-02
         117     0.369       0.78540    -0.234E-05       0.31606     0.884E-06       1.48624    -0.496E-02
         118     0.369       0.78540    -0.234E-05       0.31606     0.884E-06       1.48630    -0.492E-02
         119     0.369       0.78540    -0.234E-05       0.31606     0.884E-06       1.48636    -0.488E-02
         120     0.369       0.78540    -0.234E-05       0.31606     0.884E-06       1.48642    -0.484E-02
         121     0.369       0.78540    -0.234E-05       0.31606     0.884E-06       1.48648    -0.480E-02
         122     0.369       0.78540    -0.234E-05       0.31606     0.884E-06       1.48654    -0.476E-02
         123     0.369       0.78540    -0.234E-05       0.31606     0.884E-06       1.48660    -0.472E-02
         124     0.369       0.78540    -0.234E-05       0.31606     0.884E-06       1.48665    -0.468E-02
         125     0.369       0.78540    -0.234E-05       0.31606     0.884E-06       1.48671    -0.465E-02
         126     0.369       0.78540    -0.234E-05       0.31606     0.884E-06       1.48677    -0.461E-02
         127     0.369       0.78540    -0.234E-05       0.31606     0.884E-06       1.48682    -0.457E-02
         128     0.369       0.78540    -0.234E-05       0.31606     0.884E-06       1.48687    -0.454E-02
         129     0.369       0.78540    -0.234E-05       0.31606     0.884E-06       1.48692    -0.450E-02
         130     0.369       0.78540    -0.234E-05       0.31606     0.884E-06       1.48698    -0.447E-02
         131     0.369       0.78540    -0.234E-05       0.31606     0.884E-06       1.48703    -0.443E-02
         132     0.369       0.78540    -0.234E-05       0.31606     0.884E-06       1.48708    -0.440E-02
         133     0.369       0.78540    -0.234E-05       0.31606     0.884E-06       1.48713    -0.437E-02
         134     0.369       0.78540    -0.234E-05       0.31606     0.884E-06       1.48717    -0.434E-02
         135     0.369       0.78540    -0.234E-05       0.31606     0.884E-06       1.48722    -0.430E-02
         136     0.369       0.78540    -0.234E-05       0.31606     0.884E-06       1.48727    -0.427E-02
         137     0.369       0.78540    -0.234E-05       0.31606     0.884E-06       1.48732    -0.424E-02
         138     0.369       0.78540    -0.234E-05       0.31606     0.884E-06       1.48736    -0.421E-02
         139     0.369       0.78540    -0.234E-05       0.31606     0.884E-06       1.48741    -0.418E-02
         140     0.369       0.78540    -0.234E-05       0.31606     0.884E-06       1.48745    -0.415E-02
         141     0.369       0.78540    -0.234E-05       0.31606     0.884E-06       1.48749    -0.412E-02
         142     0.369       0.78540    -0.234E-05       0.31606     0.884E-06       1.48754    -0.409E-02
         143     0.369       0.78540    -0.234E-05       0.31606     0.884E-06       1.48758    -0.406E-02
         144     0.369       0.78540    -0.234E-05       0.31606     0.884E-06       1.48762    -0.404E-02
         145     0.369       0.78540    -0.234E-05       0.31606     0.884E-06       1.48766    -0.401E-02
         146     0.369       0.78540    -0.234E-05       0.31606     0.884E-06       1.48770    -0.398E-02
         147     0.369       0.78540    -0.234E-05       0.31606     0.884E-06       1.48775    -0.395E-02
         148     0.369       0.78540    -0.234E-05       0.31606     0.884E-06       1.48778    -0.393E-02
         149     0.369       0.78540    -0.234E-05       0.31606     0.884E-06       1.48782    -0.390E-02
         150     0.369       0.78540    -0.234E-05       0.31606     0.884E-06       1.48786    -0.387E-02
         151     0.369       0.78540    -0.234E-05       0.31606     0.884E-06       1.48790    -0.385E-02
         152     0.369       0.78540    -0.234E-05       0.31606     0.884E-06       1.48794    -0.382E-02
         153     0.369       0.78540    -0.234E-05       0.31606     0.884E-06       1.48798    -0.380E-02
         154     0.369       0.78540    -0.234E-05       0.31606     0.884E-06       1.48801    -0.377E-02
         155     0.369       0.78540    -0.234E-05       0.31606     0.884E-06       1.48805    -0.375E-02
         156     0.369       0.78540    -0.234E-05       0.31606     0.884E-06       1.48808    -0.373E-02
         157     0.369       0.78540    -0.234E-05       0.31606     0.884E-06       1.48812    -0.370E-02
         158     0.369       0.78540    -0.234E-05       0.31606     0.884E-06       1.48815    -0.368E-02
         159     0.369       0.78540    -0.234E-05       0.31606     0.884E-06       1.48819    -0.366E-02
         160     0.369       0.78540    -0.234E-05       0.31606     0.884E-06       1.48822    -0.363E-02
         161     0.369       0.78540    -0.234E-05       0.31606     0.884E-06       1.48826    -0.361E-02
         162     0.369       0.78540    -0.234E-05       0.31606     0.884E-06       1.48829    -0.359E-02
         163     0.369       0.78540    -0.234E-05       0.31606     0.884E-06       1.48832    -0.357E-02
         164     0.369       0.78540    -0.234E-05       0.31606     0.884E-06       1.48836    -0.354E-02
         165     0.369       0.78540    -0.234E-05       0.31606     0.884E-06       1.48839    -0.352E-02
         166     0.369       0.78540    -0.234E-05       0.31606     0.884E-06       1.48842    -0.350E-02
         167     0.369       0.78540    -0.234E-05       0.31606     0.884E-06       1.48845    -0.348E-02
         168     0.369       0.78540    -0.234E-05       0.31606     0.884E-06       1.48848    -0.346E-02
         169     0.369       0.78540    -0.234E-05       0.31606     0.884E-06       1.48851    -0.344E-02
         170     0.370       0.78540    -0.234E-05       0.31606     0.884E-06       1.48854    -0.342E-02
         171     0.370       0.78540    -0.234E-05       0.31606     0.884E-06       1.48857    -0.340E-02
         172     0.370       0.78540    -0.234E-05       0.31606     0.884E-06       1.48860    -0.338E-02
         173     0.370       0.78540    -0.234E-05       0.31606     0.884E-06       1.48863    -0.336E-02
         174     0.370       0.78540    -0.234E-05       0.31606     0.884E-06       1.48866    -0.334E-02
         175     0.370       0.78540    -0.234E-05       0.31606     0.884E-06       1.48869    -0.332E-02
         176     0.370       0.78540    -0.234E-05       0.31606     0.884E-06       1.48872    -0.330E-02
         177     0.370       0.78540    -0.234E-05       0.31606     0.884E-06       1.48874    -0.329E-02
         178     0.370       0.78540    -0.234E-05       0.31606     0.884E-06       1.48877    -0.327E-02
         179     0.370       0.78540    -0.234E-05       0.31606     0.884E-06       1.48880    -0.325E-02
         180     0.370       0.78540    -0.234E-05       0.31606     0.884E-06       1.48882    -0.323E-02
         181     0.370       0.78540    -0.234E-05       0.31606     0.884E-06       1.48885    -0.321E-02
         182     0.370       0.78540    -0.234E-05       0.31606     0.884E-06       1.48888    -0.320E-02
         183     0.370       0.78540    -0.234E-05       0.31606     0.884E-06       1.48890    -0.318E-02
         184     0.370       0.78540    -0.234E-05       0.31606     0.884E-06       1.48893    -0.316E-02
         185     0.370       0.78540    -0.234E-05       0.31606     0.884E-06       1.48895    -0.314E-02
         186     0.370       0.78540    -0.234E-05       0.31606     0.884E-06       1.48898    -0.313E-02
         187     0.370       0.78540    -0.234E-05       0.31606     0.884E-06       1.48900    -0.311E-02
         188     0.370       0.78540    -0.234E-05       0.31606     0.884E-06       1.48903    -0.309E-02
         189     0.370       0.78540    -0.234E-05       0.31606     0.884E-06       1.48905    -0.308E-02
         190     0.370       0.78540    -0.234E-05       0.31606     0.884E-06       1.48908    -0.306E-02
         191     0.370       0.78540    -0.234E-05       0.31606     0.884E-06       1.48910    -0.305E-02
         192     0.370       0.78540    -0.234E-05       0.31606     0.884E-06       1.48913    -0.303E-02
         193     0.370       0.78540    -0.234E-05       0.31606     0.884E-06       1.48915    -0.301E-02
         194     0.370       0.78540    -0.234E-05       0.31606     0.884E-06       1.48917    -0.300E-02
         195     0.370       0.78540    -0.234E-05       0.31606     0.884E-06       1.48919    -0.298E-02
         196     0.370       0.78540    -0.234E-05       0.31606     0.884E-06       1.48922    -0.297E-02
         197     0.370       0.78540    -0.234E-05       0.31606     0.884E-06       1.48924    -0.295E-02
         198     0.370       0.78540    -0.234E-05       0.31606     0.884E-06       1.48926    -0.294E-02
         199     0.370       0.78540    -0.234E-05       0.31606     0.884E-06       1.48928    -0.292E-02
         200     0.370       0.78540    -0.234E-05       0.31606     0.884E-06       1.48931    -0.291E-02
