#log10(N)          h      T-rule     S-rule    G-Quad       log10(eT)       log10(eS)       log10(eG)
        0.698970   0.7854  1.896119  2.004560  2.000000   -0.128449E+01   -0.264209E+01   -0.692369E+01
        0.954243   0.3927  1.974232  2.000269  1.999998   -0.188994E+01   -0.387100E+01   -0.611078E+01
        1.113943   0.2618  1.988564  2.000053  1.999997   -0.224275E+01   -0.457930E+01   -0.584451E+01
        1.230449   0.1963  1.993570  2.000017  1.999998   -0.249283E+01   -0.507859E+01   -0.607859E+01
        1.322219   0.1571  1.995886  2.000007  1.999999   -0.268676E+01   -0.547653E+01   -0.644657E+01
        1.397940   0.1309  1.997143  2.000003  2.000000   -0.284514E+01   -0.577756E+01   -0.692369E+01
        1.462398   0.1122  1.997902  2.000002  1.999999   -0.297918E+01   -0.607859E+01   -0.644657E+01
        1.518514   0.0982  1.998394  2.000001  2.000000   -0.309516E+01   -0.622472E+01   -0.722472E+01
        1.568202   0.0873  1.998731  2.000001  2.000000   -0.319745E+01   -0.644657E+01   -0.722472E+01
        1.612784   0.0785  1.998972  2.000000  2.000000   -0.328901E+01   -0.692369E+01   -0.692369E+01
        1.653213   0.0714  1.999151  2.000000  2.000000   -0.337194E+01   -0.692369E+01   -0.674760E+01
        1.690196   0.0654  1.999286  2.000000  2.000000   -0.344729E+01   -0.692369E+01   -0.692369E+01
        1.724276   0.0604  1.999392  2.000000  2.000000   -0.351681E+01   -0.692369E+01   -0.662266E+01
        1.755875   0.0561  1.999476  2.000000  2.000000   -0.358137E+01   -0.692369E+01   -0.722472E+01
        1.863323   0.0436  1.999683  2.000000  2.000000   -0.379967E+01   -0.722472E+01   -0.662266E+01
        1.908485   0.0393  1.999743  2.000000  2.000000   -0.389107E+01   -0.692369E+01   -0.662266E+01
        1.929419   0.0374  1.999767  2.000000  2.000000   -0.393357E+01   -0.722472E+01   -0.692369E+01
        1.968483   0.0341  1.999806  2.000000  1.999999   -0.401227E+01   -0.662266E+01   -0.637962E+01
        2.004321   0.0314  1.999836  2.000000  2.000000   -0.408516E+01   -0.662266E+01   -0.662266E+01
        2.021189   0.0302  1.999848  2.000000  2.000000   -0.411955E+01   -0.692369E+01   -0.662266E+01
        2.068186   0.0271  1.999878  2.000000  1.999999   -0.421400E+01   -0.722472E+01   -0.627048E+01
        2.082785   0.0262  1.999886  2.000000  1.999998   -0.424335E+01   -0.674760E+01   -0.599427E+01
        2.123852   0.0238  1.999906  1.999999  1.999998   -0.432599E+01   -0.652575E+01   -0.592369E+01
        2.149219   0.0224  1.999916  2.000000  1.999997   -0.437776E+01   -0.692369E+01   -0.586299E+01
        2.161368   0.0218  1.999920  1.999999  1.999997   -0.439994E+01   -0.652575E+01   -0.590250E+01
        2.173186   0.0212  1.999925  2.000000  1.999997   -0.442469E+01   -0.674760E+01   -0.580975E+01
        2.184691   0.0207  1.999928  2.000000  1.999996   -0.444512E+01   -0.662266E+01   -0.573336E+01
        2.195900   0.0201  1.999932  2.000000  1.999996   -0.446657E+01   -0.692369E+01   -0.570621E+01
        2.206826   0.0196  1.999936  2.000000  1.999995   -0.449233E+01   -0.692369E+01   -0.561194E+01
        2.217484   0.0192  1.999939  2.000000  1.999995   -0.451291E+01   -0.692369E+01   -0.560147E+01
        2.227887   0.0187  1.999942  2.000000  1.999994   -0.453452E+01   -0.722472E+01   -0.554348E+01
        2.238046   0.0183  1.999944  2.000000  1.999994   -0.455540E+01   -0.662266E+01   -0.550044E+01
        2.247973   0.0178  1.999947  2.000000  1.999994   -0.457539E+01   -0.722472E+01   -0.551715E+01
        2.257679   0.0175  1.999949  2.000000  1.999992   -0.459429E+01   -0.692369E+01   -0.542538E+01
        2.267172   0.0171  1.999951  2.000000  1.999993   -0.460982E+01   -0.662266E+01   -0.546884E+01
        2.285557   0.0164  1.999956  2.000000  1.999991   -0.465535E+01   -0.692369E+01   -0.536739E+01
        2.294466   0.0160  1.999958  2.000000  1.999991   -0.467941E+01   -0.662266E+01   -0.533823E+01
        2.303196   0.0157  1.999959  2.000000  1.999990   -0.469069E+01   -0.674760E+01   -0.531624E+01
        2.328380   0.0148  1.999964  2.000000  1.999991   -0.474615E+01   -0.692369E+01   -0.536739E+01
        2.336460   0.0145  1.999965  2.000000  1.999991   -0.475490E+01   -0.662266E+01   -0.534391E+01
        2.344392   0.0143  1.999966  2.000001  1.999991   -0.476988E+01   -0.644657E+01   -0.536739E+01
        2.359836   0.0138  1.999968  2.000000  1.999992   -0.479659E+01   -0.662266E+01   -0.538587E+01
        2.367356   0.0135  1.999969  2.000001  1.999991   -0.481142E+01   -0.632163E+01   -0.536140E+01
        2.374748   0.0133  1.999971  1.999999  1.999992   -0.483911E+01   -0.652575E+01   -0.542538E+01
        2.382017   0.0131  1.999972  2.000000  1.999993   -0.484632E+01   -0.692369E+01   -0.543233E+01
        2.389166   0.0129  1.999972  2.000001  1.999994   -0.485736E+01   -0.644657E+01   -0.549233E+01
        2.396199   0.0127  1.999974  2.000000  1.999994   -0.488033E+01   -0.692369E+01   -0.550872E+01
        2.403121   0.0125  1.999975  2.000000  1.999993   -0.490250E+01   -0.692369E+01   -0.547653E+01
        2.409933   0.0123  1.999975  2.000000  1.999993   -0.490875E+01   -0.674760E+01   -0.547653E+01
        2.423246   0.0119  1.999976  2.000000  1.999994   -0.492152E+01   -0.692369E+01   -0.550872E+01
        2.429752   0.0117  1.999977  2.000000  1.999995   -0.493916E+01   -0.662266E+01   -0.558127E+01
        2.436163   0.0115  1.999978  2.000000  1.999993   -0.496704E+01   -0.692369E+01   -0.546884E+01
        2.442480   0.0114  1.999979  2.000001  1.999993   -0.496945E+01   -0.644657E+01   -0.547653E+01
        2.448706   0.0112  1.999979  2.000000  1.999994   -0.498417E+01   -0.692369E+01   -0.553452E+01
        2.454845   0.0111  1.999980  2.000000  1.999995   -0.499172E+01   -0.692369E+01   -0.561194E+01
        2.460898   0.0109  1.999980  2.000000  1.999995   -0.500988E+01   -0.662266E+01   -0.559125E+01
        2.466868   0.0108  1.999981  2.000000  1.999995   -0.502332E+01   -0.674760E+01   -0.563366E+01
        2.472756   0.0106  1.999982  2.000000  1.999995   -0.503720E+01   -0.692369E+01   -0.563366E+01
        2.478566   0.0105  1.999982  2.000000  1.999995   -0.503720E+01   -0.662266E+01   -0.560147E+01
        2.489959   0.0102  1.999983  2.000000  1.999995   -0.506335E+01   -0.662266E+01   -0.564494E+01
        2.495544   0.0101  1.999984  2.000000  1.999995   -0.509439E+01   -0.722472E+01   -0.564494E+01
        2.506505   0.0098  1.999983  2.000000  1.999996   -0.507859E+01   -0.692369E+01   -0.569324E+01
        2.511883   0.0097  1.999985  2.000000  1.999996   -0.511751E+01   -0.674760E+01   -0.571957E+01
        2.522444   0.0095  1.999984  1.999999  1.999995   -0.510087E+01   -0.652575E+01   -0.562266E+01
        2.527630   0.0093  1.999986  2.000000  1.999996   -0.514193E+01   -0.692369E+01   -0.568065E+01
        2.532754   0.0092  1.999986  2.000000  1.999997   -0.515653E+01   -0.692369E+01   -0.582678E+01
        2.537819   0.0091  1.999986  1.999999  1.999996   -0.515653E+01   -0.637962E+01   -0.570621E+01
        2.542825   0.0090  1.999987  1.999999  1.999996   -0.517164E+01   -0.652575E+01   -0.574760E+01
        2.547775   0.0089  1.999985  2.000000  1.999996   -0.513836E+01   -0.692369E+01   -0.566842E+01
        2.552668   0.0088  1.999987  2.000000  1.999997   -0.519534E+01   -0.692369E+01   -0.579336E+01
        2.557507   0.0087  1.999987  2.000000  1.999997   -0.517940E+01   -0.692369E+01   -0.576232E+01
        2.562293   0.0086  1.999987  2.000000  1.999997   -0.519941E+01   -0.722472E+01   -0.577756E+01
        2.567026   0.0085  1.999988  2.000000  1.999997   -0.520769E+01   -0.722472E+01   -0.582678E+01
        2.571709   0.0084  1.999988  2.000000  1.999997   -0.521612E+01   -0.674760E+01   -0.576232E+01
        2.576341   0.0084  1.999989  2.000000  1.999998   -0.525159E+01   -0.662266E+01   -0.599427E+01
        2.585461   0.0082  1.999989  2.000001  1.999997   -0.524245E+01   -0.644657E+01   -0.584451E+01
        2.589950   0.0081  1.999988  2.000001  1.999997   -0.522908E+01   -0.644657E+01   -0.577756E+01
        2.594393   0.0080  1.999990  2.000001  1.999998   -0.528024E+01   -0.644657E+01   -0.602060E+01
        2.603144   0.0079  1.999990  2.000000  1.999997   -0.528520E+01   -0.722472E+01   -0.576232E+01
        2.607455   0.0078  1.999990  2.000000  1.999997   -0.528024E+01   -0.662266E+01   -0.584451E+01
        2.611723   0.0077  1.999990  1.999999  1.999997   -0.529530E+01   -0.652575E+01   -0.586299E+01
        2.615950   0.0076  1.999989  2.000000  1.999997   -0.527533E+01   -0.662266E+01   -0.584451E+01
        2.624282   0.0075  1.999992  2.000000  1.999998   -0.537346E+01   -0.692369E+01   -0.594597E+01
        2.628389   0.0074  1.999991  2.000000  1.999998   -0.534391E+01   -0.662266E+01   -0.592369E+01
        2.632457   0.0073  1.999992  2.000000  1.999997   -0.539221E+01   -0.692369E+01   -0.586299E+01
        2.636488   0.0073  1.999991  2.000000  1.999998   -0.534391E+01   -0.674760E+01   -0.599427E+01
        2.640481   0.0072  1.999990  2.000001  1.999998   -0.531624E+01   -0.614554E+01   -0.604863E+01
        2.644439   0.0071  1.999991  2.000001  1.999997   -0.532709E+01   -0.644657E+01   -0.586299E+01
        2.648360   0.0071  1.999991  2.000000  1.999998   -0.536739E+01   -0.692369E+01   -0.592369E+01
        2.652246   0.0070  1.999991  2.000001  1.999998   -0.534391E+01   -0.644657E+01   -0.611078E+01
        2.656098   0.0070  1.999992  2.000000  1.999997   -0.541181E+01   -0.692369E+01   -0.588230E+01
        2.659916   0.0069  1.999991  2.000001  1.999999   -0.535549E+01   -0.644657E+01   -0.618333E+01
        2.663701   0.0068  1.999992  2.000000  1.999999   -0.542538E+01   -0.692369E+01   -0.618333E+01
        2.667453   0.0068  1.999993  2.000000  1.999998   -0.543939E+01   -0.722472E+01   -0.602060E+01
        2.671173   0.0067  1.999993  1.999999  1.999997   -0.543233E+01   -0.637962E+01   -0.580975E+01
        2.674861   0.0067  1.999993  2.000000  1.999998   -0.547653E+01   -0.674760E+01   -0.607859E+01
        2.678518   0.0066  1.999994  1.999999  1.999997   -0.552575E+01   -0.632163E+01   -0.590250E+01
        2.682145   0.0065  1.999992  2.000001  1.999999   -0.542538E+01   -0.632163E+01   -0.627048E+01
        2.685742   0.0065  1.999993  1.999999  1.999999   -0.543939E+01   -0.644657E+01   -0.618333E+01
        2.692847   0.0064  1.999993  2.000000  1.999998   -0.546884E+01   -0.662266E+01   -0.607859E+01
        2.696356   0.0063  1.999993  2.000000  1.999998   -0.547653E+01   -0.692369E+01   -0.602060E+01
        2.699838   0.0063  1.999994  2.000000  1.999998   -0.549233E+01   -0.692369E+01   -0.596945E+01
        2.703291   0.0062  1.999993  2.000000  1.999997   -0.546884E+01   -0.662266E+01   -0.588230E+01
        2.706718   0.0062  1.999993  2.000000  1.999999   -0.545387E+01   -0.692369E+01   -0.614554E+01
        2.710117   0.0061  1.999993  2.000002  1.999999   -0.544657E+01   -0.602060E+01   -0.614554E+01
        2.716838   0.0060  1.999995  2.000000  1.999998   -0.556196E+01   -0.692369E+01   -0.594597E+01
        2.720159   0.0060  1.999995  2.000001  1.999998   -0.560147E+01   -0.644657E+01   -0.596945E+01
        2.726727   0.0059  1.999994  2.000000  1.999999   -0.550044E+01   -0.692369E+01   -0.618333E+01
        2.729974   0.0059  1.999994  2.000001  1.999998   -0.555262E+01   -0.644657E+01   -0.611078E+01
        2.733197   0.0058  1.999995  1.999999  1.999998   -0.557151E+01   -0.637962E+01   -0.604863E+01
        2.739572   0.0057  1.999994  2.000000  1.999998   -0.552575E+01   -0.662266E+01   -0.611078E+01
        2.742725   0.0057  1.999994  2.000001  1.999998   -0.551715E+01   -0.632163E+01   -0.602060E+01
        2.745855   0.0057  1.999995  2.000000  1.999998   -0.561194E+01   -0.674760E+01   -0.611078E+01
        2.748963   0.0056  1.999995  2.000000  1.999998   -0.556196E+01   -0.662266E+01   -0.604863E+01
        2.752048   0.0056  1.999996  2.000000  2.000000   -0.566842E+01   -0.692369E+01   -0.674760E+01
        2.755112   0.0055  1.999994  2.000000  1.999998   -0.555262E+01   -0.662266E+01   -0.602060E+01
        2.758155   0.0055  1.999995  2.000000  2.000000   -0.560147E+01   -0.692369E+01   -0.662266E+01
        2.764176   0.0054  1.999996  2.000001  1.999999   -0.568065E+01   -0.632163E+01   -0.627048E+01
        2.767156   0.0054  1.999995  2.000000  1.999999   -0.556196E+01   -0.674760E+01   -0.618333E+01
        2.770115   0.0053  1.999996  2.000000  1.999999   -0.568065E+01   -0.722472E+01   -0.622472E+01
        2.773055   0.0053  1.999995  2.000000  1.999998   -0.562266E+01   -0.662266E+01   -0.604863E+01
        2.775974   0.0053  1.999995  2.000000  1.999998   -0.561194E+01   -0.722472E+01   -0.596945E+01
        2.778874   0.0052  1.999994  2.000000  1.999999   -0.554348E+01   -0.692369E+01   -0.614554E+01
        2.781755   0.0052  1.999996  2.000000  1.999999   -0.569324E+01   -0.692369E+01   -0.614554E+01
        2.790285   0.0051  1.999995  2.000000  1.999999   -0.563366E+01   -0.662266E+01   -0.644657E+01
        2.793092   0.0051  1.999995  2.000000  2.000000   -0.560147E+01   -0.692369E+01   -0.692369E+01
        2.795880   0.0050  1.999995  2.000001  1.999998   -0.564494E+01   -0.644657E+01   -0.607859E+01
        2.798651   0.0050  1.999996  2.000000  1.999999   -0.569324E+01   -0.662266E+01   -0.652575E+01
        2.801404   0.0050  1.999996  2.000000  1.999999   -0.573336E+01   -0.692369E+01   -0.652575E+01
        2.806858   0.0049  1.999996  1.999999  2.000000   -0.573336E+01   -0.622472E+01   -0.722472E+01
        2.809560   0.0049  1.999995  2.000000  1.999999   -0.560147E+01   -0.662266E+01   -0.627048E+01
        2.812245   0.0048  1.999997  2.000001  2.000000   -0.579336E+01   -0.622472E+01   -0.662266E+01
        2.814913   0.0048  1.999996  1.999999  2.000000   -0.566842E+01   -0.637962E+01   -0.692369E+01
        2.817565   0.0048  1.999997  2.000000  1.999998   -0.580975E+01   -0.662266E+01   -0.602060E+01
        2.820201   0.0048  1.999997  2.000000  1.999999   -0.577756E+01   -0.722472E+01   -0.627048E+01
        2.822822   0.0047  1.999996  2.000000  1.999999   -0.570621E+01   -0.662266E+01   -0.637962E+01
        2.825426   0.0047  1.999997  2.000000  2.000000   -0.582678E+01   -0.692369E+01   -0.662266E+01
        2.828015   0.0047  1.999997  2.000000  1.999999   -0.584451E+01   -0.692369E+01   -0.637962E+01
        2.830589   0.0046  1.999996  2.000001  1.999999   -0.569324E+01   -0.614554E+01   -0.622472E+01
        2.833147   0.0046  1.999996  2.000001  1.999998   -0.566842E+01   -0.632163E+01   -0.602060E+01
        2.838219   0.0046  1.999997  2.000000  1.999999   -0.584451E+01   -0.662266E+01   -0.627048E+01
        2.840733   0.0045  1.999997  2.000001  2.000000   -0.579336E+01   -0.644657E+01   -0.662266E+01
        2.843233   0.0045  1.999996  2.000001  1.999999   -0.568065E+01   -0.632163E+01   -0.618333E+01
        2.845718   0.0045  1.999997  2.000001  2.000000   -0.584451E+01   -0.644657E+01   -0.722472E+01
        2.850646   0.0044  1.999997  1.999999  1.999999   -0.580975E+01   -0.632163E+01   -0.627048E+01
        2.853090   0.0044  1.999997  2.000000  1.999999   -0.577756E+01   -0.692369E+01   -0.644657E+01
        2.857935   0.0044  1.999998  2.000000  1.999999   -0.594597E+01   -0.662266E+01   -0.652575E+01
        2.862728   0.0043  1.999997  1.999999  1.999998   -0.577756E+01   -0.632163E+01   -0.611078E+01
        2.865104   0.0043  1.999996  2.000001  1.999999   -0.570621E+01   -0.622472E+01   -0.637962E+01
        2.867467   0.0043  1.999997  2.000000  1.999999   -0.586299E+01   -0.662266E+01   -0.618333E+01
        2.869818   0.0042  1.999998  1.999999  2.000000   -0.592369E+01   -0.637962E+01   -0.662266E+01
        2.872156   0.0042  1.999996  1.999999  2.000000   -0.573336E+01   -0.652575E+01   -0.674760E+01
        2.874482   0.0042  1.999997  2.000001  1.999999   -0.579336E+01   -0.632163E+01   -0.644657E+01
        2.876795   0.0042  1.999998  2.000000  1.999999   -0.611078E+01   -0.662266E+01   -0.652575E+01
        2.879096   0.0042  1.999996  2.000001  1.999999   -0.574760E+01   -0.644657E+01   -0.622472E+01
        2.881385   0.0041  1.999996  1.999999  2.000000   -0.565652E+01   -0.652575E+01   -0.692369E+01
        2.885926   0.0041  1.999997  1.999999  1.999999   -0.576232E+01   -0.652575E+01   -0.632163E+01
        2.890421   0.0040  1.999998  2.000000  1.999999   -0.604863E+01   -0.722472E+01   -0.622472E+01
        2.892651   0.0040  1.999997  2.000001  2.000000   -0.576232E+01   -0.644657E+01   -0.662266E+01
        2.894870   0.0040  1.999998  2.000000  1.999999   -0.592369E+01   -0.662266E+01   -0.622472E+01
        2.901458   0.0039  1.999997  2.000001  1.999999   -0.580975E+01   -0.622472E+01   -0.637962E+01
        2.903633   0.0039  1.999997  1.999999  2.000001   -0.584451E+01   -0.644657E+01   -0.644657E+01
