 #  Runge-Kutta for ideal harmonic oscillator
                #t                 x            Energy    Relative error
 
      0.100000D+00      0.809102D+00      0.197232D+02      0.812397D-01
      0.200000D+00      0.310104D+00      0.197071D+02      0.162413D+00
      0.300000D+00     -0.306633D+00      0.196911D+02      0.243521D+00
      0.400000D+00     -0.806047D+00      0.196751D+02      0.324563D+00
      0.500000D+00     -0.997964D+00      0.196592D+02      0.405539D+00
      0.600000D+00     -0.809517D+00      0.196432D+02      0.486449D+00
      0.700000D+00     -0.312810D+00      0.196272D+02      0.567294D+00
      0.800000D+00      0.302669D+00      0.196113D+02      0.648073D+00
      0.900000D+00      0.802336D+00      0.195954D+02      0.728786D+00
      0.100000D+01      0.995920D+00      0.195794D+02      0.809433D+00
      0.110000D+01      0.809917D+00      0.195635D+02      0.890016D+00
      0.120000D+01      0.315500D+00      0.195476D+02      0.970532D+00
      0.130000D+01     -0.298716D+00      0.195318D+02      0.105098D+01
      0.140000D+01     -0.798627D+00      0.195159D+02      0.113137D+01
      0.150000D+01     -0.993868D+00      0.195000D+02      0.121169D+01
      0.160000D+01     -0.810303D+00      0.194842D+02      0.129195D+01
      0.170000D+01     -0.318174D+00      0.194684D+02      0.137214D+01
      0.180000D+01      0.294773D+00      0.194525D+02      0.145226D+01
      0.190000D+01      0.794919D+00      0.194367D+02      0.153232D+01
      0.200000D+01      0.991807D+00      0.194210D+02      0.161231D+01
      0.210000D+01      0.810673D+00      0.194052D+02      0.169224D+01
      0.220000D+01      0.320832D+00      0.193894D+02      0.177211D+01
      0.230000D+01     -0.290842D+00      0.193737D+02      0.185191D+01
      0.240000D+01     -0.791214D+00      0.193579D+02      0.193164D+01
      0.250000D+01     -0.989739D+00      0.193422D+02      0.201132D+01
      0.260000D+01     -0.811028D+00      0.193265D+02      0.209092D+01
      0.270000D+01     -0.323474D+00      0.193108D+02      0.217046D+01
      0.280000D+01      0.286922D+00      0.192951D+02      0.224994D+01
      0.290000D+01      0.787510D+00      0.192794D+02      0.232935D+01
      0.300000D+01      0.987663D+00      0.192638D+02      0.240870D+01
      0.310000D+01      0.811369D+00      0.192481D+02      0.248798D+01
      0.320000D+01      0.326100D+00      0.192325D+02      0.256720D+01
      0.330000D+01     -0.283014D+00      0.192168D+02      0.264635D+01
      0.340000D+01     -0.783809D+00      0.192012D+02      0.272544D+01
      0.350000D+01     -0.985579D+00      0.191856D+02      0.280447D+01
      0.360000D+01     -0.811695D+00      0.191700D+02      0.288343D+01
      0.370000D+01     -0.328710D+00      0.191545D+02      0.296233D+01
      0.380000D+01      0.279116D+00      0.191389D+02      0.304116D+01
      0.390000D+01      0.780109D+00      0.191234D+02      0.311993D+01
      0.400000D+01      0.983487D+00      0.191078D+02      0.319863D+01
      0.410000D+01      0.812006D+00      0.190923D+02      0.327728D+01
      0.420000D+01      0.331303D+00      0.190768D+02      0.335585D+01
      0.430000D+01     -0.275230D+00      0.190613D+02      0.343437D+01
      0.440000D+01     -0.776412D+00      0.190458D+02      0.351282D+01
      0.450000D+01     -0.981387D+00      0.190303D+02      0.359120D+01
      0.460000D+01     -0.812302D+00      0.190149D+02      0.366952D+01
      0.470000D+01     -0.333881D+00      0.189994D+02      0.374778D+01
      0.480000D+01      0.271355D+00      0.189840D+02      0.382598D+01
      0.490000D+01      0.772717D+00      0.189686D+02      0.390411D+01
      0.500000D+01      0.979280D+00      0.189532D+02      0.398218D+01
      0.510000D+01      0.812584D+00      0.189378D+02      0.406018D+01
      0.520000D+01      0.336443D+00      0.189224D+02      0.413812D+01
      0.530000D+01     -0.267491D+00      0.189070D+02      0.421600D+01
      0.540000D+01     -0.769024D+00      0.188916D+02      0.429382D+01
      0.550000D+01     -0.977165D+00      0.188763D+02      0.437157D+01
      0.560000D+01     -0.812852D+00      0.188610D+02      0.444925D+01
      0.570000D+01     -0.338989D+00      0.188456D+02      0.452688D+01
      0.580000D+01      0.263638D+00      0.188303D+02      0.460444D+01
      0.590000D+01      0.765334D+00      0.188150D+02      0.468194D+01
      0.600000D+01      0.975042D+00      0.187997D+02      0.475938D+01
      0.610000D+01      0.813104D+00      0.187845D+02      0.483675D+01
      0.620000D+01      0.341519D+00      0.187692D+02      0.491406D+01
      0.630000D+01     -0.259797D+00      0.187540D+02      0.499131D+01
      0.640000D+01     -0.761646D+00      0.187387D+02      0.506849D+01
      0.650000D+01     -0.972912D+00      0.187235D+02      0.514562D+01
      0.660000D+01     -0.813343D+00      0.187083D+02      0.522267D+01
      0.670000D+01     -0.344033D+00      0.186931D+02      0.529967D+01
      0.680000D+01      0.255967D+00      0.186779D+02      0.537661D+01
      0.690000D+01      0.757960D+00      0.186627D+02      0.545348D+01
      0.700000D+01      0.970775D+00      0.186476D+02      0.553029D+01
      0.710000D+01      0.813567D+00      0.186324D+02      0.560703D+01
      0.720000D+01      0.346531D+00      0.186173D+02      0.568372D+01
      0.730000D+01     -0.252148D+00      0.186022D+02      0.576034D+01
      0.740000D+01     -0.754277D+00      0.185871D+02      0.583690D+01
      0.750000D+01     -0.968630D+00      0.185720D+02      0.591340D+01
      0.760000D+01     -0.813777D+00      0.185569D+02      0.598983D+01
      0.770000D+01     -0.349013D+00      0.185418D+02      0.606621D+01
      0.780000D+01      0.248341D+00      0.185267D+02      0.614252D+01
      0.790000D+01      0.750596D+00      0.185117D+02      0.621877D+01
      0.800000D+01      0.966478D+00      0.184966D+02      0.629496D+01
      0.810000D+01      0.813972D+00      0.184816D+02      0.637108D+01
      0.820000D+01      0.351480D+00      0.184666D+02      0.644715D+01
      0.830000D+01     -0.244545D+00      0.184516D+02      0.652315D+01
      0.840000D+01     -0.746918D+00      0.184366D+02      0.659909D+01
      0.850000D+01     -0.964319D+00      0.184216D+02      0.667497D+01
      0.860000D+01     -0.814153D+00      0.184067D+02      0.675078D+01
      0.870000D+01     -0.353930D+00      0.183917D+02      0.682654D+01
      0.880000D+01      0.240760D+00      0.183768D+02      0.690223D+01
      0.890000D+01      0.743242D+00      0.183618D+02      0.697787D+01
      0.900000D+01      0.962152D+00      0.183469D+02      0.705344D+01
      0.910000D+01      0.814320D+00      0.183320D+02      0.712895D+01
      0.920000D+01      0.356365D+00      0.183171D+02      0.720439D+01
      0.930000D+01     -0.236987D+00      0.183022D+02      0.727978D+01
      0.940000D+01     -0.739569D+00      0.182874D+02      0.735511D+01
      0.950000D+01     -0.959979D+00      0.182725D+02      0.743037D+01
      0.960000D+01     -0.814473D+00      0.182577D+02      0.750557D+01
      0.970000D+01     -0.358785D+00      0.182428D+02      0.758072D+01
      0.980000D+01      0.233225D+00      0.182280D+02      0.765580D+01
      0.990000D+01      0.735899D+00      0.182132D+02      0.773082D+01
      0.100000D+02      0.957799D+00      0.181984D+02      0.780578D+01
      0.101000D+02      0.814612D+00      0.181836D+02      0.788067D+01
      0.102000D+02      0.361188D+00      0.181689D+02      0.795551D+01
      0.103000D+02     -0.229475D+00      0.181541D+02      0.803029D+01
      0.104000D+02     -0.732231D+00      0.181393D+02      0.810500D+01
      0.105000D+02     -0.955611D+00      0.181246D+02      0.817966D+01
      0.106000D+02     -0.814737D+00      0.181099D+02      0.825425D+01
      0.107000D+02     -0.363576D+00      0.180952D+02      0.832879D+01
      0.108000D+02      0.225735D+00      0.180805D+02      0.840326D+01
      0.109000D+02      0.728566D+00      0.180658D+02      0.847767D+01
      0.110000D+02      0.953417D+00      0.180511D+02      0.855203D+01
      0.111000D+02      0.814848D+00      0.180364D+02      0.862632D+01
      0.112000D+02      0.365948D+00      0.180218D+02      0.870055D+01
      0.113000D+02     -0.222008D+00      0.180071D+02      0.877472D+01
      0.114000D+02     -0.724904D+00      0.179925D+02      0.884883D+01
      0.115000D+02     -0.951216D+00      0.179779D+02      0.892288D+01
      0.116000D+02     -0.814945D+00      0.179633D+02      0.899688D+01
      0.117000D+02     -0.368304D+00      0.179487D+02      0.907081D+01
      0.118000D+02      0.218292D+00      0.179341D+02      0.914468D+01
      0.119000D+02      0.721245D+00      0.179196D+02      0.921849D+01
      0.120000D+02      0.949008D+00      0.179050D+02      0.929224D+01
      0.121000D+02      0.815028D+00      0.178904D+02      0.936593D+01
      0.122000D+02      0.370645D+00      0.178759D+02      0.943956D+01
      0.123000D+02     -0.214587D+00      0.178614D+02      0.951313D+01
      0.124000D+02     -0.717589D+00      0.178469D+02      0.958664D+01
      0.125000D+02     -0.946793D+00      0.178324D+02      0.966009D+01
      0.126000D+02     -0.815098D+00      0.178179D+02      0.973349D+01
      0.127000D+02     -0.372970D+00      0.178034D+02      0.980682D+01
      0.128000D+02      0.210894D+00      0.177890D+02      0.988009D+01
      0.129000D+02      0.713936D+00      0.177745D+02      0.995330D+01
      0.130000D+02      0.944572D+00      0.177601D+02      0.100265D+02
      0.131000D+02      0.815154D+00      0.177456D+02      0.100996D+02
      0.132000D+02      0.375280D+00      0.177312D+02      0.101726D+02
      0.133000D+02     -0.207212D+00      0.177168D+02      0.102456D+02
      0.134000D+02     -0.710286D+00      0.177024D+02      0.103185D+02
      0.135000D+02     -0.942344D+00      0.176880D+02      0.103913D+02
      0.136000D+02     -0.815196D+00      0.176737D+02      0.104641D+02
      0.137000D+02     -0.377574D+00      0.176593D+02      0.105369D+02
      0.138000D+02      0.203542D+00      0.176450D+02      0.106096D+02
      0.139000D+02      0.706639D+00      0.176306D+02      0.106822D+02
      0.140000D+02      0.940110D+00      0.176163D+02      0.107547D+02
      0.141000D+02      0.815224D+00      0.176020D+02      0.108272D+02
      0.142000D+02      0.379853D+00      0.175877D+02      0.108997D+02
      0.143000D+02     -0.199883D+00      0.175734D+02      0.109721D+02
      0.144000D+02     -0.702995D+00      0.175591D+02      0.110444D+02
      0.145000D+02     -0.937869D+00      0.175449D+02      0.111167D+02
      0.146000D+02     -0.815239D+00      0.175306D+02      0.111889D+02
      0.147000D+02     -0.382116D+00      0.175164D+02      0.112610D+02
      0.148000D+02      0.196236D+00      0.175021D+02      0.113331D+02
      0.149000D+02      0.699355D+00      0.174879D+02      0.114051D+02
      0.150000D+02      0.935622D+00      0.174737D+02      0.114771D+02
      0.151000D+02      0.815240D+00      0.174595D+02      0.115490D+02
      0.152000D+02      0.384363D+00      0.174453D+02      0.116209D+02
      0.153000D+02     -0.192600D+00      0.174312D+02      0.116927D+02
      0.154000D+02     -0.695717D+00      0.174170D+02      0.117644D+02
      0.155000D+02     -0.933369D+00      0.174029D+02      0.118361D+02
      0.156000D+02     -0.815228D+00      0.173887D+02      0.119077D+02
      0.157000D+02     -0.386595D+00      0.173746D+02      0.119793D+02
      0.158000D+02      0.188976D+00      0.173605D+02      0.120508D+02
      0.159000D+02      0.692083D+00      0.173464D+02      0.121223D+02
      0.160000D+02      0.931109D+00      0.173323D+02      0.121936D+02
      0.161000D+02      0.815203D+00      0.173182D+02      0.122650D+02
      0.162000D+02      0.388812D+00      0.173041D+02      0.123363D+02
      0.163000D+02     -0.185364D+00      0.172901D+02      0.124075D+02
      0.164000D+02     -0.688452D+00      0.172760D+02      0.124786D+02
      0.165000D+02     -0.928843D+00      0.172620D+02      0.125497D+02
      0.166000D+02     -0.815164D+00      0.172480D+02      0.126208D+02
      0.167000D+02     -0.391013D+00      0.172340D+02      0.126918D+02
      0.168000D+02      0.181763D+00      0.172200D+02      0.127627D+02
      0.169000D+02      0.684825D+00      0.172060D+02      0.128336D+02
      0.170000D+02      0.926571D+00      0.171920D+02      0.129044D+02
      0.171000D+02      0.815112D+00      0.171780D+02      0.129751D+02
      0.172000D+02      0.393199D+00      0.171641D+02      0.130458D+02
      0.173000D+02     -0.178174D+00      0.171501D+02      0.131165D+02
      0.174000D+02     -0.681201D+00      0.171362D+02      0.131871D+02
      0.175000D+02     -0.924293D+00      0.171223D+02      0.132576D+02
      0.176000D+02     -0.815047D+00      0.171084D+02      0.133281D+02
      0.177000D+02     -0.395370D+00      0.170945D+02      0.133985D+02
      0.178000D+02      0.174596D+00      0.170806D+02      0.134688D+02
      0.179000D+02      0.677580D+00      0.170667D+02      0.135391D+02
      0.180000D+02      0.922009D+00      0.170528D+02      0.136094D+02
      0.181000D+02      0.814968D+00      0.170390D+02      0.136795D+02
      0.182000D+02      0.397525D+00      0.170251D+02      0.137497D+02
      0.183000D+02     -0.171030D+00      0.170113D+02      0.138197D+02
      0.184000D+02     -0.673963D+00      0.169975D+02      0.138898D+02
      0.185000D+02     -0.919719D+00      0.169837D+02      0.139597D+02
      0.186000D+02     -0.814877D+00      0.169699D+02      0.140296D+02
      0.187000D+02     -0.399665D+00      0.169561D+02      0.140995D+02
      0.188000D+02      0.167476D+00      0.169423D+02      0.141692D+02
      0.189000D+02      0.670350D+00      0.169285D+02      0.142390D+02
      0.190000D+02      0.917423D+00      0.169148D+02      0.143086D+02
      0.191000D+02      0.814772D+00      0.169011D+02      0.143783D+02
      0.192000D+02      0.401789D+00      0.168873D+02      0.144478D+02
      0.193000D+02     -0.163933D+00      0.168736D+02      0.145173D+02
      0.194000D+02     -0.666740D+00      0.168599D+02      0.145868D+02
      0.195000D+02     -0.915121D+00      0.168462D+02      0.146561D+02
      0.196000D+02     -0.814654D+00      0.168325D+02      0.147255D+02
      0.197000D+02     -0.403899D+00      0.168188D+02      0.147948D+02
      0.198000D+02      0.160402D+00      0.168052D+02      0.148640D+02
      0.199000D+02      0.663134D+00      0.167915D+02      0.149331D+02
      0.200000D+02      0.912814D+00      0.167779D+02      0.150023D+02
      0.201000D+02      0.814524D+00      0.167643D+02      0.150713D+02
      0.202000D+02      0.405993D+00      0.167506D+02      0.151403D+02
      0.203000D+02     -0.156883D+00      0.167370D+02      0.152092D+02
      0.204000D+02     -0.659531D+00      0.167234D+02      0.152781D+02
      0.205000D+02     -0.910501D+00      0.167098D+02      0.153470D+02
      0.206000D+02     -0.814380D+00      0.166963D+02      0.154157D+02
      0.207000D+02     -0.408072D+00      0.166827D+02      0.154844D+02
      0.208000D+02      0.153375D+00      0.166692D+02      0.155531D+02
      0.209000D+02      0.655932D+00      0.166556D+02      0.156217D+02
      0.210000D+02      0.908182D+00      0.166421D+02      0.156903D+02
      0.211000D+02      0.814224D+00      0.166286D+02      0.157587D+02
      0.212000D+02      0.410136D+00      0.166150D+02      0.158272D+02
      0.213000D+02     -0.149879D+00      0.166016D+02      0.158956D+02
      0.214000D+02     -0.652337D+00      0.165881D+02      0.159639D+02
      0.215000D+02     -0.905857D+00      0.165746D+02      0.160322D+02
      0.216000D+02     -0.814054D+00      0.165611D+02      0.161004D+02
      0.217000D+02     -0.412184D+00      0.165477D+02      0.161685D+02
      0.218000D+02      0.146395D+00      0.165342D+02      0.162366D+02
      0.219000D+02      0.648746D+00      0.165208D+02      0.163047D+02
      0.220000D+02      0.903527D+00      0.165074D+02      0.163727D+02
      0.221000D+02      0.813872D+00      0.164940D+02      0.164406D+02
      0.222000D+02      0.414218D+00      0.164806D+02      0.165085D+02
      0.223000D+02     -0.142922D+00      0.164672D+02      0.165763D+02
      0.224000D+02     -0.645159D+00      0.164538D+02      0.166441D+02
      0.225000D+02     -0.901192D+00      0.164404D+02      0.167118D+02
      0.226000D+02     -0.813678D+00      0.164271D+02      0.167795D+02
      0.227000D+02     -0.416237D+00      0.164137D+02      0.168471D+02
      0.228000D+02      0.139461D+00      0.164004D+02      0.169146D+02
      0.229000D+02      0.641575D+00      0.163871D+02      0.169821D+02
      0.230000D+02      0.898851D+00      0.163738D+02      0.170496D+02
      0.231000D+02      0.813471D+00      0.163605D+02      0.171170D+02
      0.232000D+02      0.418240D+00      0.163472D+02      0.171843D+02
      0.233000D+02     -0.136012D+00      0.163339D+02      0.172516D+02
      0.234000D+02     -0.637996D+00      0.163206D+02      0.173188D+02
      0.235000D+02     -0.896505D+00      0.163074D+02      0.173860D+02
      0.236000D+02     -0.813251D+00      0.162941D+02      0.174531D+02
      0.237000D+02     -0.420228D+00      0.162809D+02      0.175202D+02
      0.238000D+02      0.132575D+00      0.162676D+02      0.175872D+02
      0.239000D+02      0.634420D+00      0.162544D+02      0.176541D+02
      0.240000D+02      0.894154D+00      0.162412D+02      0.177210D+02
      0.241000D+02      0.813018D+00      0.162280D+02      0.177879D+02
      0.242000D+02      0.422202D+00      0.162148D+02      0.178547D+02
      0.243000D+02     -0.129149D+00      0.162017D+02      0.179214D+02
      0.244000D+02     -0.630849D+00      0.161885D+02      0.179881D+02
      0.245000D+02     -0.891797D+00      0.161754D+02      0.180547D+02
      0.246000D+02     -0.812774D+00      0.161622D+02      0.181213D+02
      0.247000D+02     -0.424160D+00      0.161491D+02      0.181878D+02
      0.248000D+02      0.125735D+00      0.161360D+02      0.182542D+02
      0.249000D+02      0.627281D+00      0.161229D+02      0.183207D+02
      0.250000D+02      0.889436D+00      0.161098D+02      0.183870D+02
      0.251000D+02      0.812516D+00      0.160967D+02      0.184533D+02
      0.252000D+02      0.426104D+00      0.160836D+02      0.185196D+02
      0.253000D+02     -0.122333D+00      0.160705D+02      0.185858D+02
      0.254000D+02     -0.623718D+00      0.160575D+02      0.186519D+02
      0.255000D+02     -0.887069D+00      0.160444D+02      0.187180D+02
      0.256000D+02     -0.812247D+00      0.160314D+02      0.187840D+02
      0.257000D+02     -0.428033D+00      0.160184D+02      0.188500D+02
      0.258000D+02      0.118943D+00      0.160054D+02      0.189159D+02
      0.259000D+02      0.620159D+00      0.159924D+02      0.189818D+02
      0.260000D+02      0.884697D+00      0.159794D+02      0.190476D+02
      0.261000D+02      0.811965D+00      0.159664D+02      0.191134D+02
      0.262000D+02      0.429946D+00      0.159534D+02      0.191791D+02
      0.263000D+02     -0.115565D+00      0.159404D+02      0.192448D+02
      0.264000D+02     -0.616604D+00      0.159275D+02      0.193104D+02
      0.265000D+02     -0.882320D+00      0.159146D+02      0.193759D+02
      0.266000D+02     -0.811671D+00      0.159016D+02      0.194414D+02
      0.267000D+02     -0.431845D+00      0.158887D+02      0.195069D+02
      0.268000D+02      0.112198D+00      0.158758D+02      0.195722D+02
      0.269000D+02      0.613053D+00      0.158629D+02      0.196376D+02
      0.270000D+02      0.879939D+00      0.158500D+02      0.197029D+02
      0.271000D+02      0.811364D+00      0.158371D+02      0.197681D+02
      0.272000D+02      0.433729D+00      0.158243D+02      0.198333D+02
      0.273000D+02     -0.108843D+00      0.158114D+02      0.198984D+02
      0.274000D+02     -0.609507D+00      0.157986D+02      0.199635D+02
      0.275000D+02     -0.877552D+00      0.157857D+02      0.200285D+02
      0.276000D+02     -0.811046D+00      0.157729D+02      0.200935D+02
      0.277000D+02     -0.435599D+00      0.157601D+02      0.201584D+02
      0.278000D+02      0.105500D+00      0.157473D+02      0.202233D+02
      0.279000D+02      0.605965D+00      0.157345D+02      0.202881D+02
      0.280000D+02      0.875161D+00      0.157217D+02      0.203528D+02
      0.281000D+02      0.810715D+00      0.157090D+02      0.204175D+02
      0.282000D+02      0.437453D+00      0.156962D+02      0.204822D+02
      0.283000D+02     -0.102169D+00      0.156834D+02      0.205468D+02
      0.284000D+02     -0.602427D+00      0.156707D+02      0.206113D+02
      0.285000D+02     -0.872765D+00      0.156580D+02      0.206758D+02
      0.286000D+02     -0.810373D+00      0.156452D+02      0.207403D+02
      0.287000D+02     -0.439293D+00      0.156325D+02      0.208047D+02
      0.288000D+02      0.988491D-01      0.156198D+02      0.208690D+02
      0.289000D+02      0.598894D+00      0.156071D+02      0.209333D+02
      0.290000D+02      0.870364D+00      0.155945D+02      0.209975D+02
      0.291000D+02      0.810018D+00      0.155818D+02      0.210617D+02
      0.292000D+02      0.441118D+00      0.155691D+02      0.211258D+02
      0.293000D+02     -0.955415D-01      0.155565D+02      0.211899D+02
      0.294000D+02     -0.595365D+00      0.155439D+02      0.212539D+02
      0.295000D+02     -0.867958D+00      0.155312D+02      0.213179D+02
      0.296000D+02     -0.809652D+00      0.155186D+02      0.213818D+02
      0.297000D+02     -0.442928D+00      0.155060D+02      0.214457D+02
      0.298000D+02      0.922457D-01      0.154934D+02      0.215095D+02
      0.299000D+02      0.591841D+00      0.154808D+02      0.215733D+02
      0.300000D+02      0.865548D+00      0.154682D+02      0.216370D+02
