 #  Runge-Kutta for ideal harmonic oscillator
                #t                 x            Energy    Relative error
 
      0.500000D-01      0.951058D+00      0.197389D+02      0.131879D-02
      0.100000D+00      0.809035D+00      0.197387D+02      0.263756D-02
      0.150000D+00      0.587833D+00      0.197384D+02      0.395632D-02
      0.200000D+00      0.309102D+00      0.197382D+02      0.527505D-02
      0.250000D+00      0.123039D-03      0.197379D+02      0.659377D-02
      0.300000D+00     -0.308864D+00      0.197376D+02      0.791248D-02
      0.350000D+00     -0.587619D+00      0.197374D+02      0.923116D-02
      0.400000D+00     -0.808859D+00      0.197371D+02      0.105498D-01
      0.450000D+00     -0.950932D+00      0.197369D+02      0.118685D-01
      0.500000D+00     -0.999934D+00      0.197366D+02      0.131871D-01
      0.550000D+00     -0.951071D+00      0.197363D+02      0.145057D-01
      0.600000D+00     -0.809127D+00      0.197361D+02      0.158243D-01
      0.650000D+00     -0.587994D+00      0.197358D+02      0.171429D-01
      0.700000D+00     -0.309316D+00      0.197356D+02      0.184615D-01
      0.750000D+00     -0.369093D-03      0.197353D+02      0.197800D-01
      0.800000D+00      0.308610D+00      0.197350D+02      0.210985D-01
      0.850000D+00      0.587381D+00      0.197348D+02      0.224171D-01
      0.900000D+00      0.808661D+00      0.197345D+02      0.237356D-01
      0.950000D+00      0.950793D+00      0.197343D+02      0.250540D-01
      0.100000D+01      0.999868D+00      0.197340D+02      0.263725D-01
      0.105000D+01      0.951084D+00      0.197337D+02      0.276909D-01
      0.110000D+01      0.809218D+00      0.197335D+02      0.290094D-01
      0.115000D+01      0.588154D+00      0.197332D+02      0.303278D-01
      0.120000D+01      0.309530D+00      0.197330D+02      0.316462D-01
      0.125000D+01      0.615115D-03      0.197327D+02      0.329645D-01
      0.130000D+01     -0.308356D+00      0.197324D+02      0.342829D-01
      0.135000D+01     -0.587143D+00      0.197322D+02      0.356012D-01
      0.140000D+01     -0.808463D+00      0.197319D+02      0.369195D-01
      0.145000D+01     -0.950654D+00      0.197317D+02      0.382378D-01
      0.150000D+01     -0.999802D+00      0.197314D+02      0.395561D-01
      0.155000D+01     -0.951098D+00      0.197311D+02      0.408744D-01
      0.160000D+01     -0.809309D+00      0.197309D+02      0.421926D-01
      0.165000D+01     -0.588314D+00      0.197306D+02      0.435109D-01
      0.170000D+01     -0.309743D+00      0.197304D+02      0.448291D-01
      0.175000D+01     -0.861104D-03      0.197301D+02      0.461473D-01
      0.180000D+01      0.308101D+00      0.197298D+02      0.474655D-01
      0.185000D+01      0.586905D+00      0.197296D+02      0.487836D-01
      0.190000D+01      0.808264D+00      0.197293D+02      0.501018D-01
      0.195000D+01      0.950515D+00      0.197291D+02      0.514199D-01
      0.200000D+01      0.999736D+00      0.197288D+02      0.527380D-01
      0.205000D+01      0.951111D+00      0.197285D+02      0.540561D-01
      0.210000D+01      0.809400D+00      0.197283D+02      0.553742D-01
      0.215000D+01      0.588474D+00      0.197280D+02      0.566923D-01
      0.220000D+01      0.309957D+00      0.197278D+02      0.580103D-01
      0.225000D+01      0.110706D-02      0.197275D+02      0.593283D-01
      0.230000D+01     -0.307847D+00      0.197272D+02      0.606463D-01
      0.235000D+01     -0.586667D+00      0.197270D+02      0.619643D-01
      0.240000D+01     -0.808066D+00      0.197267D+02      0.632823D-01
      0.245000D+01     -0.950376D+00      0.197265D+02      0.646002D-01
      0.250000D+01     -0.999670D+00      0.197262D+02      0.659182D-01
      0.255000D+01     -0.951124D+00      0.197259D+02      0.672361D-01
      0.260000D+01     -0.809491D+00      0.197257D+02      0.685540D-01
      0.265000D+01     -0.588634D+00      0.197254D+02      0.698719D-01
      0.270000D+01     -0.310170D+00      0.197252D+02      0.711898D-01
      0.275000D+01     -0.135298D-02      0.197249D+02      0.725076D-01
      0.280000D+01      0.307592D+00      0.197246D+02      0.738254D-01
      0.285000D+01      0.586429D+00      0.197244D+02      0.751433D-01
      0.290000D+01      0.807868D+00      0.197241D+02      0.764611D-01
      0.295000D+01      0.950237D+00      0.197239D+02      0.777788D-01
      0.300000D+01      0.999603D+00      0.197236D+02      0.790966D-01
      0.305000D+01      0.951137D+00      0.197233D+02      0.804143D-01
      0.310000D+01      0.809582D+00      0.197231D+02      0.817321D-01
      0.315000D+01      0.588794D+00      0.197228D+02      0.830498D-01
      0.320000D+01      0.310383D+00      0.197226D+02      0.843675D-01
      0.325000D+01      0.159888D-02      0.197223D+02      0.856852D-01
      0.330000D+01     -0.307338D+00      0.197220D+02      0.870028D-01
      0.335000D+01     -0.586192D+00      0.197218D+02      0.883205D-01
      0.340000D+01     -0.807670D+00      0.197215D+02      0.896381D-01
      0.345000D+01     -0.950098D+00      0.197213D+02      0.909557D-01
      0.350000D+01     -0.999537D+00      0.197210D+02      0.922733D-01
      0.355000D+01     -0.951150D+00      0.197207D+02      0.935909D-01
      0.360000D+01     -0.809673D+00      0.197205D+02      0.949084D-01
      0.365000D+01     -0.588954D+00      0.197202D+02      0.962260D-01
      0.370000D+01     -0.310597D+00      0.197200D+02      0.975435D-01
      0.375000D+01     -0.184473D-02      0.197197D+02      0.988610D-01
      0.380000D+01      0.307084D+00      0.197194D+02      0.100178D+00
      0.385000D+01      0.585954D+00      0.197192D+02      0.101496D+00
      0.390000D+01      0.807472D+00      0.197189D+02      0.102813D+00
      0.395000D+01      0.949959D+00      0.197187D+02      0.104131D+00
      0.400000D+01      0.999471D+00      0.197184D+02      0.105448D+00
      0.405000D+01      0.951162D+00      0.197181D+02      0.106766D+00
      0.410000D+01      0.809763D+00      0.197179D+02      0.108083D+00
      0.415000D+01      0.589114D+00      0.197176D+02      0.109400D+00
      0.420000D+01      0.310810D+00      0.197174D+02      0.110718D+00
      0.425000D+01      0.209056D-02      0.197171D+02      0.112035D+00
      0.430000D+01     -0.306829D+00      0.197168D+02      0.113352D+00
      0.435000D+01     -0.585716D+00      0.197166D+02      0.114670D+00
      0.440000D+01     -0.807274D+00      0.197163D+02      0.115987D+00
      0.445000D+01     -0.949820D+00      0.197161D+02      0.117304D+00
      0.450000D+01     -0.999404D+00      0.197158D+02      0.118621D+00
      0.455000D+01     -0.951175D+00      0.197155D+02      0.119939D+00
      0.460000D+01     -0.809854D+00      0.197153D+02      0.121256D+00
      0.465000D+01     -0.589274D+00      0.197150D+02      0.122573D+00
      0.470000D+01     -0.311023D+00      0.197148D+02      0.123890D+00
      0.475000D+01     -0.233635D-02      0.197145D+02      0.125207D+00
      0.480000D+01      0.306575D+00      0.197142D+02      0.126525D+00
      0.485000D+01      0.585478D+00      0.197140D+02      0.127842D+00
      0.490000D+01      0.807075D+00      0.197137D+02      0.129159D+00
      0.495000D+01      0.949681D+00      0.197135D+02      0.130476D+00
      0.500000D+01      0.999338D+00      0.197132D+02      0.131793D+00
      0.505000D+01      0.951188D+00      0.197129D+02      0.133110D+00
      0.510000D+01      0.809945D+00      0.197127D+02      0.134427D+00
      0.515000D+01      0.589434D+00      0.197124D+02      0.135744D+00
      0.520000D+01      0.311237D+00      0.197122D+02      0.137061D+00
      0.525000D+01      0.258212D-02      0.197119D+02      0.138378D+00
      0.530000D+01     -0.306321D+00      0.197116D+02      0.139695D+00
      0.535000D+01     -0.585240D+00      0.197114D+02      0.141012D+00
      0.540000D+01     -0.806877D+00      0.197111D+02      0.142329D+00
      0.545000D+01     -0.949541D+00      0.197109D+02      0.143646D+00
      0.550000D+01     -0.999271D+00      0.197106D+02      0.144963D+00
      0.555000D+01     -0.951201D+00      0.197103D+02      0.146280D+00
      0.560000D+01     -0.810036D+00      0.197101D+02      0.147596D+00
      0.565000D+01     -0.589593D+00      0.197098D+02      0.148913D+00
      0.570000D+01     -0.311450D+00      0.197096D+02      0.150230D+00
      0.575000D+01     -0.282784D-02      0.197093D+02      0.151547D+00
      0.580000D+01      0.306067D+00      0.197090D+02      0.152864D+00
      0.585000D+01      0.585002D+00      0.197088D+02      0.154180D+00
      0.590000D+01      0.806679D+00      0.197085D+02      0.155497D+00
      0.595000D+01      0.949402D+00      0.197083D+02      0.156814D+00
      0.600000D+01      0.999205D+00      0.197080D+02      0.158131D+00
      0.605000D+01      0.951213D+00      0.197077D+02      0.159447D+00
      0.610000D+01      0.810126D+00      0.197075D+02      0.160764D+00
      0.615000D+01      0.589753D+00      0.197072D+02      0.162081D+00
      0.620000D+01      0.311663D+00      0.197070D+02      0.163397D+00
      0.625000D+01      0.307354D-02      0.197067D+02      0.164714D+00
      0.630000D+01     -0.305812D+00      0.197064D+02      0.166031D+00
      0.635000D+01     -0.584764D+00      0.197062D+02      0.167347D+00
      0.640000D+01     -0.806481D+00      0.197059D+02      0.168664D+00
      0.645000D+01     -0.949263D+00      0.197057D+02      0.169980D+00
      0.650000D+01     -0.999138D+00      0.197054D+02      0.171297D+00
      0.655000D+01     -0.951226D+00      0.197051D+02      0.172613D+00
      0.660000D+01     -0.810217D+00      0.197049D+02      0.173930D+00
      0.665000D+01     -0.589912D+00      0.197046D+02      0.175246D+00
      0.670000D+01     -0.311876D+00      0.197044D+02      0.176563D+00
      0.675000D+01     -0.331920D-02      0.197041D+02      0.177879D+00
      0.680000D+01      0.305558D+00      0.197038D+02      0.179196D+00
      0.685000D+01      0.584526D+00      0.197036D+02      0.180512D+00
      0.690000D+01      0.806282D+00      0.197033D+02      0.181829D+00
      0.695000D+01      0.949124D+00      0.197031D+02      0.183145D+00
      0.700000D+01      0.999071D+00      0.197028D+02      0.184461D+00
      0.705000D+01      0.951238D+00      0.197025D+02      0.185778D+00
      0.710000D+01      0.810307D+00      0.197023D+02      0.187094D+00
      0.715000D+01      0.590072D+00      0.197020D+02      0.188410D+00
      0.720000D+01      0.312089D+00      0.197018D+02      0.189727D+00
      0.725000D+01      0.356484D-02      0.197015D+02      0.191043D+00
      0.730000D+01     -0.305304D+00      0.197012D+02      0.192359D+00
      0.735000D+01     -0.584288D+00      0.197010D+02      0.193676D+00
      0.740000D+01     -0.806084D+00      0.197007D+02      0.194992D+00
      0.745000D+01     -0.948984D+00      0.197005D+02      0.196308D+00
      0.750000D+01     -0.999005D+00      0.197002D+02      0.197624D+00
      0.755000D+01     -0.951251D+00      0.196999D+02      0.198940D+00
      0.760000D+01     -0.810397D+00      0.196997D+02      0.200257D+00
      0.765000D+01     -0.590231D+00      0.196994D+02      0.201573D+00
      0.770000D+01     -0.312302D+00      0.196992D+02      0.202889D+00
      0.775000D+01     -0.381043D-02      0.196989D+02      0.204205D+00
      0.780000D+01      0.305050D+00      0.196986D+02      0.205521D+00
      0.785000D+01      0.584050D+00      0.196984D+02      0.206837D+00
      0.790000D+01      0.805885D+00      0.196981D+02      0.208153D+00
      0.795000D+01      0.948845D+00      0.196979D+02      0.209469D+00
      0.800000D+01      0.998938D+00      0.196976D+02      0.210785D+00
      0.805000D+01      0.951263D+00      0.196973D+02      0.212101D+00
      0.810000D+01      0.810488D+00      0.196971D+02      0.213417D+00
      0.815000D+01      0.590391D+00      0.196968D+02      0.214733D+00
      0.820000D+01      0.312515D+00      0.196966D+02      0.216049D+00
      0.825000D+01      0.405600D-02      0.196963D+02      0.217365D+00
      0.830000D+01     -0.304796D+00      0.196960D+02      0.218681D+00
      0.835000D+01     -0.583812D+00      0.196958D+02      0.219997D+00
      0.840000D+01     -0.805687D+00      0.196955D+02      0.221313D+00
      0.845000D+01     -0.948705D+00      0.196953D+02      0.222629D+00
      0.850000D+01     -0.998871D+00      0.196950D+02      0.223945D+00
      0.855000D+01     -0.951275D+00      0.196947D+02      0.225260D+00
      0.860000D+01     -0.810578D+00      0.196945D+02      0.226576D+00
      0.865000D+01     -0.590550D+00      0.196942D+02      0.227892D+00
      0.870000D+01     -0.312727D+00      0.196940D+02      0.229208D+00
      0.875000D+01     -0.430153D-02      0.196937D+02      0.230524D+00
      0.880000D+01      0.304541D+00      0.196934D+02      0.231839D+00
      0.885000D+01      0.583574D+00      0.196932D+02      0.233155D+00
      0.890000D+01      0.805489D+00      0.196929D+02      0.234471D+00
      0.895000D+01      0.948566D+00      0.196927D+02      0.235786D+00
      0.900000D+01      0.998804D+00      0.196924D+02      0.237102D+00
      0.905000D+01      0.951287D+00      0.196921D+02      0.238418D+00
      0.910000D+01      0.810668D+00      0.196919D+02      0.239733D+00
      0.915000D+01      0.590709D+00      0.196916D+02      0.241049D+00
      0.920000D+01      0.312940D+00      0.196914D+02      0.242365D+00
      0.925000D+01      0.454703D-02      0.196911D+02      0.243680D+00
      0.930000D+01     -0.304287D+00      0.196908D+02      0.244996D+00
      0.935000D+01     -0.583336D+00      0.196906D+02      0.246311D+00
      0.940000D+01     -0.805290D+00      0.196903D+02      0.247627D+00
      0.945000D+01     -0.948426D+00      0.196901D+02      0.248943D+00
      0.950000D+01     -0.998737D+00      0.196898D+02      0.250258D+00
      0.955000D+01     -0.951300D+00      0.196896D+02      0.251574D+00
      0.960000D+01     -0.810758D+00      0.196893D+02      0.252889D+00
      0.965000D+01     -0.590869D+00      0.196890D+02      0.254204D+00
      0.970000D+01     -0.313153D+00      0.196888D+02      0.255520D+00
      0.975000D+01     -0.479250D-02      0.196885D+02      0.256835D+00
      0.980000D+01      0.304033D+00      0.196883D+02      0.258151D+00
      0.985000D+01      0.583098D+00      0.196880D+02      0.259466D+00
      0.990000D+01      0.805092D+00      0.196877D+02      0.260781D+00
      0.995000D+01      0.948287D+00      0.196875D+02      0.262097D+00
      0.100000D+02      0.998670D+00      0.196872D+02      0.263412D+00
      0.100500D+02      0.951312D+00      0.196870D+02      0.264727D+00
      0.101000D+02      0.810848D+00      0.196867D+02      0.266043D+00
      0.101500D+02      0.591028D+00      0.196864D+02      0.267358D+00
      0.102000D+02      0.313366D+00      0.196862D+02      0.268673D+00
      0.102500D+02      0.503794D-02      0.196859D+02      0.269989D+00
      0.103000D+02     -0.303779D+00      0.196857D+02      0.271304D+00
      0.103500D+02     -0.582860D+00      0.196854D+02      0.272619D+00
      0.104000D+02     -0.804893D+00      0.196851D+02      0.273934D+00
      0.104500D+02     -0.948147D+00      0.196849D+02      0.275249D+00
      0.105000D+02     -0.998603D+00      0.196846D+02      0.276565D+00
      0.105500D+02     -0.951324D+00      0.196844D+02      0.277880D+00
      0.106000D+02     -0.810938D+00      0.196841D+02      0.279195D+00
      0.106500D+02     -0.591187D+00      0.196838D+02      0.280510D+00
      0.107000D+02     -0.313578D+00      0.196836D+02      0.281825D+00
      0.107500D+02     -0.528334D-02      0.196833D+02      0.283140D+00
      0.108000D+02      0.303525D+00      0.196831D+02      0.284455D+00
      0.108500D+02      0.582622D+00      0.196828D+02      0.285770D+00
      0.109000D+02      0.804695D+00      0.196825D+02      0.287085D+00
      0.109500D+02      0.948007D+00      0.196823D+02      0.288400D+00
      0.110000D+02      0.998536D+00      0.196820D+02      0.289715D+00
      0.110500D+02      0.951336D+00      0.196818D+02      0.291030D+00
      0.111000D+02      0.811028D+00      0.196815D+02      0.292345D+00
      0.111500D+02      0.591346D+00      0.196812D+02      0.293660D+00
      0.112000D+02      0.313791D+00      0.196810D+02      0.294975D+00
      0.112500D+02      0.552871D-02      0.196807D+02      0.296290D+00
      0.113000D+02     -0.303271D+00      0.196805D+02      0.297605D+00
      0.113500D+02     -0.582384D+00      0.196802D+02      0.298920D+00
      0.114000D+02     -0.804496D+00      0.196799D+02      0.300234D+00
      0.114500D+02     -0.947868D+00      0.196797D+02      0.301549D+00
      0.115000D+02     -0.998469D+00      0.196794D+02      0.302864D+00
      0.115500D+02     -0.951348D+00      0.196792D+02      0.304179D+00
      0.116000D+02     -0.811118D+00      0.196789D+02      0.305494D+00
      0.116500D+02     -0.591505D+00      0.196786D+02      0.306808D+00
      0.117000D+02     -0.314004D+00      0.196784D+02      0.308123D+00
      0.117500D+02     -0.577404D-02      0.196781D+02      0.309438D+00
      0.118000D+02      0.303017D+00      0.196779D+02      0.310753D+00
      0.118500D+02      0.582146D+00      0.196776D+02      0.312067D+00
      0.119000D+02      0.804297D+00      0.196773D+02      0.313382D+00
      0.119500D+02      0.947728D+00      0.196771D+02      0.314697D+00
      0.120000D+02      0.998401D+00      0.196768D+02      0.316011D+00
      0.120500D+02      0.951359D+00      0.196766D+02      0.317326D+00
      0.121000D+02      0.811208D+00      0.196763D+02      0.318640D+00
      0.121500D+02      0.591664D+00      0.196761D+02      0.319955D+00
      0.122000D+02      0.314216D+00      0.196758D+02      0.321270D+00
      0.122500D+02      0.601935D-02      0.196755D+02      0.322584D+00
      0.123000D+02     -0.302762D+00      0.196753D+02      0.323899D+00
      0.123500D+02     -0.581908D+00      0.196750D+02      0.325213D+00
      0.124000D+02     -0.804099D+00      0.196748D+02      0.326528D+00
      0.124500D+02     -0.947588D+00      0.196745D+02      0.327842D+00
      0.125000D+02     -0.998334D+00      0.196742D+02      0.329157D+00
      0.125500D+02     -0.951371D+00      0.196740D+02      0.330471D+00
      0.126000D+02     -0.811297D+00      0.196737D+02      0.331786D+00
      0.126500D+02     -0.591823D+00      0.196735D+02      0.333100D+00
      0.127000D+02     -0.314429D+00      0.196732D+02      0.334414D+00
      0.127500D+02     -0.626462D-02      0.196729D+02      0.335729D+00
      0.128000D+02      0.302508D+00      0.196727D+02      0.337043D+00
      0.128500D+02      0.581670D+00      0.196724D+02      0.338357D+00
      0.129000D+02      0.803900D+00      0.196722D+02      0.339672D+00
      0.129500D+02      0.947448D+00      0.196719D+02      0.340986D+00
      0.130000D+02      0.998267D+00      0.196716D+02      0.342300D+00
      0.130500D+02      0.951383D+00      0.196714D+02      0.343615D+00
      0.131000D+02      0.811387D+00      0.196711D+02      0.344929D+00
      0.131500D+02      0.591981D+00      0.196709D+02      0.346243D+00
      0.132000D+02      0.314641D+00      0.196706D+02      0.347557D+00
      0.132500D+02      0.650986D-02      0.196703D+02      0.348872D+00
      0.133000D+02     -0.302254D+00      0.196701D+02      0.350186D+00
      0.133500D+02     -0.581432D+00      0.196698D+02      0.351500D+00
      0.134000D+02     -0.803701D+00      0.196696D+02      0.352814D+00
      0.134500D+02     -0.947308D+00      0.196693D+02      0.354128D+00
      0.135000D+02     -0.998199D+00      0.196690D+02      0.355442D+00
      0.135500D+02     -0.951395D+00      0.196688D+02      0.356756D+00
      0.136000D+02     -0.811476D+00      0.196685D+02      0.358071D+00
      0.136500D+02     -0.592140D+00      0.196683D+02      0.359385D+00
      0.137000D+02     -0.314853D+00      0.196680D+02      0.360699D+00
      0.137500D+02     -0.675506D-02      0.196678D+02      0.362013D+00
      0.138000D+02      0.302000D+00      0.196675D+02      0.363327D+00
      0.138500D+02      0.581194D+00      0.196672D+02      0.364641D+00
      0.139000D+02      0.803503D+00      0.196670D+02      0.365955D+00
      0.139500D+02      0.947168D+00      0.196667D+02      0.367269D+00
      0.140000D+02      0.998132D+00      0.196665D+02      0.368583D+00
      0.140500D+02      0.951406D+00      0.196662D+02      0.369897D+00
      0.141000D+02      0.811566D+00      0.196659D+02      0.371210D+00
      0.141500D+02      0.592299D+00      0.196657D+02      0.372524D+00
      0.142000D+02      0.315066D+00      0.196654D+02      0.373838D+00
      0.142500D+02      0.700024D-02      0.196652D+02      0.375152D+00
      0.143000D+02     -0.301746D+00      0.196649D+02      0.376466D+00
      0.143500D+02     -0.580956D+00      0.196646D+02      0.377780D+00
      0.144000D+02     -0.803304D+00      0.196644D+02      0.379094D+00
      0.144500D+02     -0.947028D+00      0.196641D+02      0.380407D+00
      0.145000D+02     -0.998064D+00      0.196639D+02      0.381721D+00
      0.145500D+02     -0.951418D+00      0.196636D+02      0.383035D+00
      0.146000D+02     -0.811655D+00      0.196633D+02      0.384349D+00
      0.146500D+02     -0.592457D+00      0.196631D+02      0.385662D+00
      0.147000D+02     -0.315278D+00      0.196628D+02      0.386976D+00
      0.147500D+02     -0.724538D-02      0.196626D+02      0.388290D+00
      0.148000D+02      0.301492D+00      0.196623D+02      0.389603D+00
      0.148500D+02      0.580718D+00      0.196620D+02      0.390917D+00
      0.149000D+02      0.803105D+00      0.196618D+02      0.392231D+00
      0.149500D+02      0.946888D+00      0.196615D+02      0.393544D+00
      0.150000D+02      0.997997D+00      0.196613D+02      0.394858D+00
      0.150500D+02      0.951429D+00      0.196610D+02      0.396171D+00
      0.151000D+02      0.811745D+00      0.196607D+02      0.397485D+00
      0.151500D+02      0.592616D+00      0.196605D+02      0.398799D+00
      0.152000D+02      0.315490D+00      0.196602D+02      0.400112D+00
      0.152500D+02      0.749049D-02      0.196600D+02      0.401426D+00
      0.153000D+02     -0.301238D+00      0.196597D+02      0.402739D+00
      0.153500D+02     -0.580480D+00      0.196595D+02      0.404053D+00
      0.154000D+02     -0.802906D+00      0.196592D+02      0.405366D+00
      0.154500D+02     -0.946748D+00      0.196589D+02      0.406679D+00
      0.155000D+02     -0.997929D+00      0.196587D+02      0.407993D+00
      0.155500D+02     -0.951440D+00      0.196584D+02      0.409306D+00
      0.156000D+02     -0.811834D+00      0.196582D+02      0.410620D+00
      0.156500D+02     -0.592775D+00      0.196579D+02      0.411933D+00
      0.157000D+02     -0.315702D+00      0.196576D+02      0.413246D+00
      0.157500D+02     -0.773556D-02      0.196574D+02      0.414560D+00
      0.158000D+02      0.300984D+00      0.196571D+02      0.415873D+00
      0.158500D+02      0.580242D+00      0.196569D+02      0.417186D+00
      0.159000D+02      0.802708D+00      0.196566D+02      0.418500D+00
      0.159500D+02      0.946608D+00      0.196563D+02      0.419813D+00
      0.160000D+02      0.997861D+00      0.196561D+02      0.421126D+00
      0.160500D+02      0.951452D+00      0.196558D+02      0.422439D+00
      0.161000D+02      0.811923D+00      0.196556D+02      0.423753D+00
      0.161500D+02      0.592933D+00      0.196553D+02      0.425066D+00
      0.162000D+02      0.315914D+00      0.196550D+02      0.426379D+00
      0.162500D+02      0.798060D-02      0.196548D+02      0.427692D+00
      0.163000D+02     -0.300730D+00      0.196545D+02      0.429005D+00
      0.163500D+02     -0.580004D+00      0.196543D+02      0.430319D+00
      0.164000D+02     -0.802509D+00      0.196540D+02      0.431632D+00
      0.164500D+02     -0.946468D+00      0.196537D+02      0.432945D+00
      0.165000D+02     -0.997793D+00      0.196535D+02      0.434258D+00
      0.165500D+02     -0.951463D+00      0.196532D+02      0.435571D+00
      0.166000D+02     -0.812013D+00      0.196530D+02      0.436884D+00
      0.166500D+02     -0.593091D+00      0.196527D+02      0.438197D+00
      0.167000D+02     -0.316126D+00      0.196525D+02      0.439510D+00
      0.167500D+02     -0.822561D-02      0.196522D+02      0.440823D+00
      0.168000D+02      0.300476D+00      0.196519D+02      0.442136D+00
      0.168500D+02      0.579766D+00      0.196517D+02      0.443449D+00
      0.169000D+02      0.802310D+00      0.196514D+02      0.444762D+00
      0.169500D+02      0.946328D+00      0.196512D+02      0.446075D+00
      0.170000D+02      0.997726D+00      0.196509D+02      0.447388D+00
      0.170500D+02      0.951474D+00      0.196506D+02      0.448701D+00
      0.171000D+02      0.812102D+00      0.196504D+02      0.450013D+00
      0.171500D+02      0.593250D+00      0.196501D+02      0.451326D+00
      0.172000D+02      0.316338D+00      0.196499D+02      0.452639D+00
      0.172500D+02      0.847059D-02      0.196496D+02      0.453952D+00
      0.173000D+02     -0.300222D+00      0.196493D+02      0.455265D+00
      0.173500D+02     -0.579528D+00      0.196491D+02      0.456578D+00
      0.174000D+02     -0.802111D+00      0.196488D+02      0.457890D+00
      0.174500D+02     -0.946188D+00      0.196486D+02      0.459203D+00
      0.175000D+02     -0.997658D+00      0.196483D+02      0.460516D+00
      0.175500D+02     -0.951485D+00      0.196480D+02      0.461828D+00
      0.176000D+02     -0.812191D+00      0.196478D+02      0.463141D+00
      0.176500D+02     -0.593408D+00      0.196475D+02      0.464454D+00
      0.177000D+02     -0.316550D+00      0.196473D+02      0.465767D+00
      0.177500D+02     -0.871553D-02      0.196470D+02      0.467079D+00
      0.178000D+02      0.299968D+00      0.196468D+02      0.468392D+00
      0.178500D+02      0.579290D+00      0.196465D+02      0.469704D+00
      0.179000D+02      0.801912D+00      0.196462D+02      0.471017D+00
      0.179500D+02      0.946047D+00      0.196460D+02      0.472330D+00
      0.180000D+02      0.997590D+00      0.196457D+02      0.473642D+00
      0.180500D+02      0.951497D+00      0.196455D+02      0.474955D+00
      0.181000D+02      0.812280D+00      0.196452D+02      0.476267D+00
      0.181500D+02      0.593566D+00      0.196449D+02      0.477580D+00
      0.182000D+02      0.316762D+00      0.196447D+02      0.478892D+00
      0.182500D+02      0.896044D-02      0.196444D+02      0.480205D+00
      0.183000D+02     -0.299714D+00      0.196442D+02      0.481517D+00
      0.183500D+02     -0.579052D+00      0.196439D+02      0.482830D+00
      0.184000D+02     -0.801713D+00      0.196436D+02      0.484142D+00
      0.184500D+02     -0.945907D+00      0.196434D+02      0.485454D+00
      0.185000D+02     -0.997522D+00      0.196431D+02      0.486767D+00
      0.185500D+02     -0.951508D+00      0.196429D+02      0.488079D+00
      0.186000D+02     -0.812369D+00      0.196426D+02      0.489392D+00
      0.186500D+02     -0.593724D+00      0.196423D+02      0.490704D+00
      0.187000D+02     -0.316974D+00      0.196421D+02      0.492016D+00
      0.187500D+02     -0.920532D-02      0.196418D+02      0.493328D+00
      0.188000D+02      0.299461D+00      0.196416D+02      0.494641D+00
      0.188500D+02      0.578814D+00      0.196413D+02      0.495953D+00
      0.189000D+02      0.801514D+00      0.196411D+02      0.497265D+00
      0.189500D+02      0.945767D+00      0.196408D+02      0.498578D+00
      0.190000D+02      0.997454D+00      0.196405D+02      0.499890D+00
      0.190500D+02      0.951518D+00      0.196403D+02      0.501202D+00
      0.191000D+02      0.812458D+00      0.196400D+02      0.502514D+00
      0.191500D+02      0.593882D+00      0.196398D+02      0.503826D+00
      0.192000D+02      0.317186D+00      0.196395D+02      0.505138D+00
      0.192500D+02      0.945016D-02      0.196392D+02      0.506451D+00
      0.193000D+02     -0.299207D+00      0.196390D+02      0.507763D+00
      0.193500D+02     -0.578576D+00      0.196387D+02      0.509075D+00
      0.194000D+02     -0.801315D+00      0.196385D+02      0.510387D+00
      0.194500D+02     -0.945626D+00      0.196382D+02      0.511699D+00
      0.195000D+02     -0.997386D+00      0.196379D+02      0.513011D+00
      0.195500D+02     -0.951529D+00      0.196377D+02      0.514323D+00
      0.196000D+02     -0.812546D+00      0.196374D+02      0.515635D+00
      0.196500D+02     -0.594040D+00      0.196372D+02      0.516947D+00
      0.197000D+02     -0.317398D+00      0.196369D+02      0.518259D+00
      0.197500D+02     -0.969498D-02      0.196366D+02      0.519571D+00
      0.198000D+02      0.298953D+00      0.196364D+02      0.520883D+00
      0.198500D+02      0.578338D+00      0.196361D+02      0.522195D+00
      0.199000D+02      0.801116D+00      0.196359D+02      0.523507D+00
      0.199500D+02      0.945486D+00      0.196356D+02      0.524819D+00
      0.200000D+02      0.997318D+00      0.196354D+02      0.526130D+00
      0.200500D+02      0.951540D+00      0.196351D+02      0.527442D+00
      0.201000D+02      0.812635D+00      0.196348D+02      0.528754D+00
      0.201500D+02      0.594198D+00      0.196346D+02      0.530066D+00
      0.202000D+02      0.317610D+00      0.196343D+02      0.531378D+00
      0.202500D+02      0.993975D-02      0.196341D+02      0.532689D+00
      0.203000D+02     -0.298699D+00      0.196338D+02      0.534001D+00
      0.203500D+02     -0.578099D+00      0.196335D+02      0.535313D+00
      0.204000D+02     -0.800917D+00      0.196333D+02      0.536625D+00
      0.204500D+02     -0.945345D+00      0.196330D+02      0.537936D+00
      0.205000D+02     -0.997249D+00      0.196328D+02      0.539248D+00
      0.205500D+02     -0.951551D+00      0.196325D+02      0.540560D+00
      0.206000D+02     -0.812724D+00      0.196322D+02      0.541871D+00
      0.206500D+02     -0.594356D+00      0.196320D+02      0.543183D+00
      0.207000D+02     -0.317821D+00      0.196317D+02      0.544495D+00
      0.207500D+02     -0.101845D-01      0.196315D+02      0.545806D+00
      0.208000D+02      0.298445D+00      0.196312D+02      0.547118D+00
      0.208500D+02      0.577861D+00      0.196310D+02      0.548430D+00
      0.209000D+02      0.800718D+00      0.196307D+02      0.549741D+00
      0.209500D+02      0.945205D+00      0.196304D+02      0.551053D+00
      0.210000D+02      0.997181D+00      0.196302D+02      0.552364D+00
      0.210500D+02      0.951562D+00      0.196299D+02      0.553676D+00
      0.211000D+02      0.812812D+00      0.196297D+02      0.554987D+00
      0.211500D+02      0.594514D+00      0.196294D+02      0.556299D+00
      0.212000D+02      0.318033D+00      0.196291D+02      0.557610D+00
      0.212500D+02      0.104292D-01      0.196289D+02      0.558921D+00
      0.213000D+02     -0.298191D+00      0.196286D+02      0.560233D+00
      0.213500D+02     -0.577623D+00      0.196284D+02      0.561544D+00
      0.214000D+02     -0.800519D+00      0.196281D+02      0.562856D+00
      0.214500D+02     -0.945064D+00      0.196278D+02      0.564167D+00
      0.215000D+02     -0.997113D+00      0.196276D+02      0.565478D+00
      0.215500D+02     -0.951572D+00      0.196273D+02      0.566790D+00
      0.216000D+02     -0.812901D+00      0.196271D+02      0.568101D+00
      0.216500D+02     -0.594672D+00      0.196268D+02      0.569412D+00
      0.217000D+02     -0.318245D+00      0.196266D+02      0.570724D+00
      0.217500D+02     -0.106739D-01      0.196263D+02      0.572035D+00
      0.218000D+02      0.297937D+00      0.196260D+02      0.573346D+00
      0.218500D+02      0.577385D+00      0.196258D+02      0.574657D+00
      0.219000D+02      0.800320D+00      0.196255D+02      0.575969D+00
      0.219500D+02      0.944923D+00      0.196253D+02      0.577280D+00
      0.220000D+02      0.997044D+00      0.196250D+02      0.578591D+00
      0.220500D+02      0.951583D+00      0.196247D+02      0.579902D+00
      0.221000D+02      0.812989D+00      0.196245D+02      0.581213D+00
      0.221500D+02      0.594830D+00      0.196242D+02      0.582524D+00
      0.222000D+02      0.318456D+00      0.196240D+02      0.583835D+00
      0.222500D+02      0.109185D-01      0.196237D+02      0.585147D+00
      0.223000D+02     -0.297684D+00      0.196234D+02      0.586458D+00
      0.223500D+02     -0.577147D+00      0.196232D+02      0.587769D+00
      0.224000D+02     -0.800121D+00      0.196229D+02      0.589080D+00
      0.224500D+02     -0.944783D+00      0.196227D+02      0.590391D+00
      0.225000D+02     -0.996976D+00      0.196224D+02      0.591702D+00
      0.225500D+02     -0.951593D+00      0.196222D+02      0.593013D+00
      0.226000D+02     -0.813078D+00      0.196219D+02      0.594324D+00
      0.226500D+02     -0.594987D+00      0.196216D+02      0.595635D+00
      0.227000D+02     -0.318668D+00      0.196214D+02      0.596946D+00
      0.227500D+02     -0.111632D-01      0.196211D+02      0.598257D+00
      0.228000D+02      0.297430D+00      0.196209D+02      0.599567D+00
      0.228500D+02      0.576909D+00      0.196206D+02      0.600878D+00
      0.229000D+02      0.799922D+00      0.196203D+02      0.602189D+00
      0.229500D+02      0.944642D+00      0.196201D+02      0.603500D+00
      0.230000D+02      0.996907D+00      0.196198D+02      0.604811D+00
      0.230500D+02      0.951604D+00      0.196196D+02      0.606122D+00
      0.231000D+02      0.813166D+00      0.196193D+02      0.607432D+00
      0.231500D+02      0.595145D+00      0.196190D+02      0.608743D+00
      0.232000D+02      0.318879D+00      0.196188D+02      0.610054D+00
      0.232500D+02      0.114077D-01      0.196185D+02      0.611365D+00
      0.233000D+02     -0.297176D+00      0.196183D+02      0.612675D+00
      0.233500D+02     -0.576671D+00      0.196180D+02      0.613986D+00
      0.234000D+02     -0.799722D+00      0.196178D+02      0.615297D+00
      0.234500D+02     -0.944501D+00      0.196175D+02      0.616608D+00
      0.235000D+02     -0.996839D+00      0.196172D+02      0.617918D+00
      0.235500D+02     -0.951614D+00      0.196170D+02      0.619229D+00
      0.236000D+02     -0.813254D+00      0.196167D+02      0.620539D+00
      0.236500D+02     -0.595302D+00      0.196165D+02      0.621850D+00
      0.237000D+02     -0.319090D+00      0.196162D+02      0.623161D+00
      0.237500D+02     -0.116523D-01      0.196159D+02      0.624471D+00
      0.238000D+02      0.296922D+00      0.196157D+02      0.625782D+00
      0.238500D+02      0.576433D+00      0.196154D+02      0.627092D+00
      0.239000D+02      0.799523D+00      0.196152D+02      0.628403D+00
      0.239500D+02      0.944360D+00      0.196149D+02      0.629713D+00
      0.240000D+02      0.996770D+00      0.196146D+02      0.631024D+00
      0.240500D+02      0.951624D+00      0.196144D+02      0.632334D+00
      0.241000D+02      0.813343D+00      0.196141D+02      0.633645D+00
      0.241500D+02      0.595460D+00      0.196139D+02      0.634955D+00
      0.242000D+02      0.319302D+00      0.196136D+02      0.636266D+00
      0.242500D+02      0.118968D-01      0.196134D+02      0.637576D+00
      0.243000D+02     -0.296668D+00      0.196131D+02      0.638886D+00
      0.243500D+02     -0.576194D+00      0.196128D+02      0.640197D+00
      0.244000D+02     -0.799324D+00      0.196126D+02      0.641507D+00
      0.244500D+02     -0.944220D+00      0.196123D+02      0.642817D+00
      0.245000D+02     -0.996702D+00      0.196121D+02      0.644128D+00
      0.245500D+02     -0.951635D+00      0.196118D+02      0.645438D+00
      0.246000D+02     -0.813431D+00      0.196115D+02      0.646748D+00
      0.246500D+02     -0.595617D+00      0.196113D+02      0.648059D+00
      0.247000D+02     -0.319513D+00      0.196110D+02      0.649369D+00
      0.247500D+02     -0.121413D-01      0.196108D+02      0.650679D+00
      0.248000D+02      0.296415D+00      0.196105D+02      0.651989D+00
      0.248500D+02      0.575956D+00      0.196103D+02      0.653299D+00
      0.249000D+02      0.799125D+00      0.196100D+02      0.654610D+00
      0.249500D+02      0.944079D+00      0.196097D+02      0.655920D+00
      0.250000D+02      0.996633D+00      0.196095D+02      0.657230D+00
      0.250500D+02      0.951645D+00      0.196092D+02      0.658540D+00
      0.251000D+02      0.813519D+00      0.196090D+02      0.659850D+00
      0.251500D+02      0.595775D+00      0.196087D+02      0.661160D+00
      0.252000D+02      0.319724D+00      0.196084D+02      0.662470D+00
      0.252500D+02      0.123857D-01      0.196082D+02      0.663780D+00
      0.253000D+02     -0.296161D+00      0.196079D+02      0.665090D+00
      0.253500D+02     -0.575718D+00      0.196077D+02      0.666400D+00
      0.254000D+02     -0.798925D+00      0.196074D+02      0.667710D+00
      0.254500D+02     -0.943938D+00      0.196071D+02      0.669020D+00
      0.255000D+02     -0.996564D+00      0.196069D+02      0.670330D+00
      0.255500D+02     -0.951655D+00      0.196066D+02      0.671640D+00
      0.256000D+02     -0.813607D+00      0.196064D+02      0.672950D+00
      0.256500D+02     -0.595932D+00      0.196061D+02      0.674260D+00
      0.257000D+02     -0.319936D+00      0.196059D+02      0.675570D+00
      0.257500D+02     -0.126301D-01      0.196056D+02      0.676880D+00
      0.258000D+02      0.295907D+00      0.196053D+02      0.678190D+00
      0.258500D+02      0.575480D+00      0.196051D+02      0.679500D+00
      0.259000D+02      0.798726D+00      0.196048D+02      0.680809D+00
      0.259500D+02      0.943797D+00      0.196046D+02      0.682119D+00
      0.260000D+02      0.996495D+00      0.196043D+02      0.683429D+00
      0.260500D+02      0.951665D+00      0.196040D+02      0.684739D+00
      0.261000D+02      0.813695D+00      0.196038D+02      0.686049D+00
      0.261500D+02      0.596089D+00      0.196035D+02      0.687358D+00
      0.262000D+02      0.320147D+00      0.196033D+02      0.688668D+00
      0.262500D+02      0.128745D-01      0.196030D+02      0.689978D+00
      0.263000D+02     -0.295654D+00      0.196028D+02      0.691287D+00
      0.263500D+02     -0.575242D+00      0.196025D+02      0.692597D+00
      0.264000D+02     -0.798527D+00      0.196022D+02      0.693907D+00
      0.264500D+02     -0.943656D+00      0.196020D+02      0.695216D+00
      0.265000D+02     -0.996427D+00      0.196017D+02      0.696526D+00
      0.265500D+02     -0.951675D+00      0.196015D+02      0.697836D+00
      0.266000D+02     -0.813783D+00      0.196012D+02      0.699145D+00
      0.266500D+02     -0.596247D+00      0.196009D+02      0.700455D+00
      0.267000D+02     -0.320358D+00      0.196007D+02      0.701764D+00
      0.267500D+02     -0.131189D-01      0.196004D+02      0.703074D+00
      0.268000D+02      0.295400D+00      0.196002D+02      0.704383D+00
      0.268500D+02      0.575004D+00      0.195999D+02      0.705693D+00
      0.269000D+02      0.798327D+00      0.195997D+02      0.707002D+00
      0.269500D+02      0.943515D+00      0.195994D+02      0.708312D+00
      0.270000D+02      0.996358D+00      0.195991D+02      0.709621D+00
      0.270500D+02      0.951685D+00      0.195989D+02      0.710931D+00
      0.271000D+02      0.813871D+00      0.195986D+02      0.712240D+00
      0.271500D+02      0.596404D+00      0.195984D+02      0.713550D+00
      0.272000D+02      0.320569D+00      0.195981D+02      0.714859D+00
      0.272500D+02      0.133632D-01      0.195978D+02      0.716168D+00
      0.273000D+02     -0.295146D+00      0.195976D+02      0.717478D+00
      0.273500D+02     -0.574765D+00      0.195973D+02      0.718787D+00
      0.274000D+02     -0.798128D+00      0.195971D+02      0.720096D+00
      0.274500D+02     -0.943374D+00      0.195968D+02      0.721406D+00
      0.275000D+02     -0.996289D+00      0.195966D+02      0.722715D+00
      0.275500D+02     -0.951695D+00      0.195963D+02      0.724024D+00
      0.276000D+02     -0.813958D+00      0.195960D+02      0.725333D+00
      0.276500D+02     -0.596561D+00      0.195958D+02      0.726643D+00
      0.277000D+02     -0.320780D+00      0.195955D+02      0.727952D+00
      0.277500D+02     -0.136075D-01      0.195953D+02      0.729261D+00
      0.278000D+02      0.294893D+00      0.195950D+02      0.730570D+00
      0.278500D+02      0.574527D+00      0.195947D+02      0.731879D+00
      0.279000D+02      0.797928D+00      0.195945D+02      0.733188D+00
      0.279500D+02      0.943233D+00      0.195942D+02      0.734498D+00
      0.280000D+02      0.996220D+00      0.195940D+02      0.735807D+00
      0.280500D+02      0.951705D+00      0.195937D+02      0.737116D+00
      0.281000D+02      0.814046D+00      0.195934D+02      0.738425D+00
      0.281500D+02      0.596718D+00      0.195932D+02      0.739734D+00
      0.282000D+02      0.320991D+00      0.195929D+02      0.741043D+00
      0.282500D+02      0.138517D-01      0.195927D+02      0.742352D+00
      0.283000D+02     -0.294639D+00      0.195924D+02      0.743661D+00
      0.283500D+02     -0.574289D+00      0.195922D+02      0.744970D+00
      0.284000D+02     -0.797729D+00      0.195919D+02      0.746279D+00
      0.284500D+02     -0.943091D+00      0.195916D+02      0.747588D+00
      0.285000D+02     -0.996150D+00      0.195914D+02      0.748897D+00
      0.285500D+02     -0.951715D+00      0.195911D+02      0.750206D+00
      0.286000D+02     -0.814134D+00      0.195909D+02      0.751515D+00
      0.286500D+02     -0.596875D+00      0.195906D+02      0.752823D+00
      0.287000D+02     -0.321202D+00      0.195903D+02      0.754132D+00
      0.287500D+02     -0.140959D-01      0.195901D+02      0.755441D+00
      0.288000D+02      0.294385D+00      0.195898D+02      0.756750D+00
      0.288500D+02      0.574051D+00      0.195896D+02      0.758059D+00
      0.289000D+02      0.797529D+00      0.195893D+02      0.759368D+00
      0.289500D+02      0.942950D+00      0.195891D+02      0.760676D+00
      0.290000D+02      0.996081D+00      0.195888D+02      0.761985D+00
      0.290500D+02      0.951724D+00      0.195885D+02      0.763294D+00
      0.291000D+02      0.814221D+00      0.195883D+02      0.764603D+00
      0.291500D+02      0.597032D+00      0.195880D+02      0.765911D+00
      0.292000D+02      0.321413D+00      0.195878D+02      0.767220D+00
      0.292500D+02      0.143401D-01      0.195875D+02      0.768529D+00
      0.293000D+02     -0.294132D+00      0.195872D+02      0.769837D+00
      0.293500D+02     -0.573813D+00      0.195870D+02      0.771146D+00
      0.294000D+02     -0.797330D+00      0.195867D+02      0.772455D+00
      0.294500D+02     -0.942809D+00      0.195865D+02      0.773763D+00
      0.295000D+02     -0.996012D+00      0.195862D+02      0.775072D+00
      0.295500D+02     -0.951734D+00      0.195860D+02      0.776380D+00
      0.296000D+02     -0.814309D+00      0.195857D+02      0.777689D+00
      0.296500D+02     -0.597188D+00      0.195854D+02      0.778997D+00
      0.297000D+02     -0.321623D+00      0.195852D+02      0.780306D+00
      0.297500D+02     -0.145843D-01      0.195849D+02      0.781614D+00
      0.298000D+02      0.293878D+00      0.195847D+02      0.782923D+00
      0.298500D+02      0.573574D+00      0.195844D+02      0.784231D+00
      0.299000D+02      0.797130D+00      0.195841D+02      0.785540D+00
      0.299500D+02      0.942668D+00      0.195839D+02      0.786848D+00
      0.300000D+02      0.995943D+00      0.195836D+02      0.788157D+00
