 #  Runge-Kutta for ideal harmonic oscillator
                #t                 x        analytical    Relative-error            Energy          log(Err)
 
      0.500000D-01      0.951058D+00      0.309017D+00      0.207769D+01      0.197389D+02     -0.715452D+01
      0.100000D+00      0.809035D+00      0.587785D+00      0.376413D+00      0.197387D+02     -0.713779D+01
      0.150000D+00      0.587833D+00      0.809017D+00      0.273398D+00      0.197384D+02     -0.712134D+01
      0.200000D+00      0.309102D+00      0.951057D+00      0.674990D+00      0.197382D+02     -0.710516D+01
      0.250000D+00      0.123039D-03      0.100000D+01      0.999877D+00      0.197379D+02     -0.708924D+01
      0.300000D+00     -0.308864D+00      0.951057D+00      0.132476D+01      0.197376D+02     -0.707356D+01
      0.350000D+00     -0.587619D+00      0.809017D+00      0.172634D+01      0.197374D+02     -0.705813D+01
      0.400000D+00     -0.808859D+00      0.587785D+00      0.237611D+01      0.197371D+02     -0.704293D+01
      0.450000D+00     -0.950932D+00      0.309017D+00      0.407728D+01      0.197369D+02     -0.702796D+01
      0.500000D+00     -0.999934D+00      0.566554D-15      0.176494D+16      0.197366D+02     -0.701321D+01
      0.550000D+00     -0.951071D+00     -0.309017D+00      0.207773D+01      0.197363D+02     -0.699867D+01
      0.600000D+00     -0.809127D+00     -0.587785D+00      0.376568D+00      0.197361D+02     -0.698435D+01
      0.650000D+00     -0.587994D+00     -0.809017D+00      0.273200D+00      0.197358D+02     -0.697022D+01
      0.700000D+00     -0.309316D+00     -0.951057D+00      0.674766D+00      0.197356D+02     -0.695629D+01
      0.750000D+00     -0.369093D-03     -0.100000D+01      0.999631D+00      0.197353D+02     -0.694256D+01
      0.800000D+00      0.308610D+00     -0.951057D+00      0.132449D+01      0.197350D+02     -0.692901D+01
      0.850000D+00      0.587381D+00     -0.809017D+00      0.172604D+01      0.197348D+02     -0.691564D+01
      0.900000D+00      0.808661D+00     -0.587785D+00      0.237578D+01      0.197345D+02     -0.690245D+01
      0.950000D+00      0.950793D+00     -0.309017D+00      0.407683D+01      0.197343D+02     -0.688943D+01
      0.100000D+01      0.999868D+00      0.153143D-14      0.652899D+15      0.197340D+02     -0.687658D+01
      0.105000D+01      0.951084D+00      0.309017D+00      0.207777D+01      0.197337D+02     -0.686389D+01
      0.110000D+01      0.809218D+00      0.587785D+00      0.376723D+00      0.197335D+02     -0.685136D+01
      0.115000D+01      0.588154D+00      0.809017D+00      0.273002D+00      0.197332D+02     -0.683898D+01
      0.120000D+01      0.309530D+00      0.951057D+00      0.674541D+00      0.197330D+02     -0.682676D+01
      0.125000D+01      0.615115D-03      0.100000D+01      0.999385D+00      0.197327D+02     -0.681468D+01
      0.130000D+01     -0.308356D+00      0.951057D+00      0.132422D+01      0.197324D+02     -0.680275D+01
      0.135000D+01     -0.587143D+00      0.809017D+00      0.172575D+01      0.197322D+02     -0.679096D+01
      0.140000D+01     -0.808463D+00      0.587785D+00      0.237544D+01      0.197319D+02     -0.677931D+01
      0.145000D+01     -0.950654D+00      0.309017D+00      0.407638D+01      0.197317D+02     -0.676779D+01
      0.150000D+01     -0.999802D+00     -0.318532D-14      0.313878D+15      0.197314D+02     -0.675640D+01
      0.155000D+01     -0.951098D+00     -0.309017D+00      0.207782D+01      0.197311D+02     -0.674515D+01
      0.160000D+01     -0.809309D+00     -0.587785D+00      0.376878D+00      0.197309D+02     -0.673401D+01
      0.165000D+01     -0.588314D+00     -0.809017D+00      0.272804D+00      0.197306D+02     -0.672300D+01
      0.170000D+01     -0.309743D+00     -0.951057D+00      0.674317D+00      0.197304D+02     -0.671211D+01
      0.175000D+01     -0.861104D-03     -0.100000D+01      0.999139D+00      0.197301D+02     -0.670134D+01
      0.180000D+01      0.308101D+00     -0.951057D+00      0.132396D+01      0.197298D+02     -0.669068D+01
      0.185000D+01      0.586905D+00     -0.809017D+00      0.172545D+01      0.197296D+02     -0.668013D+01
      0.190000D+01      0.808264D+00     -0.587785D+00      0.237510D+01      0.197293D+02     -0.666970D+01
      0.195000D+01      0.950515D+00     -0.309017D+00      0.407593D+01      0.197291D+02     -0.665937D+01
      0.200000D+01      0.999736D+00      0.483921D-14      0.206591D+15      0.197288D+02     -0.664915D+01
      0.205000D+01      0.951111D+00      0.309017D+00      0.207786D+01      0.197285D+02     -0.663903D+01
      0.210000D+01      0.809400D+00      0.587785D+00      0.377033D+00      0.197283D+02     -0.662901D+01
      0.215000D+01      0.588474D+00      0.809017D+00      0.272606D+00      0.197280D+02     -0.661910D+01
      0.220000D+01      0.309957D+00      0.951057D+00      0.674092D+00      0.197278D+02     -0.660928D+01
      0.225000D+01      0.110706D-02      0.100000D+01      0.998893D+00      0.197275D+02     -0.659955D+01
      0.230000D+01     -0.307847D+00      0.951057D+00      0.132369D+01      0.197272D+02     -0.658992D+01
      0.235000D+01     -0.586667D+00      0.809017D+00      0.172516D+01      0.197270D+02     -0.658039D+01
      0.240000D+01     -0.808066D+00      0.587785D+00      0.237476D+01      0.197267D+02     -0.657094D+01
      0.245000D+01     -0.950376D+00      0.309017D+00      0.407548D+01      0.197265D+02     -0.656158D+01
      0.250000D+01     -0.999670D+00      0.594139D-14      0.168255D+15      0.197262D+02     -0.655230D+01
      0.255000D+01     -0.951124D+00     -0.309017D+00      0.207790D+01      0.197259D+02     -0.654312D+01
      0.260000D+01     -0.809491D+00     -0.587785D+00      0.377188D+00      0.197257D+02     -0.653401D+01
      0.265000D+01     -0.588634D+00     -0.809017D+00      0.272408D+00      0.197254D+02     -0.652499D+01
      0.270000D+01     -0.310170D+00     -0.951057D+00      0.673868D+00      0.197252D+02     -0.651605D+01
      0.275000D+01     -0.135298D-02     -0.100000D+01      0.998647D+00      0.197249D+02     -0.650719D+01
      0.280000D+01      0.307592D+00     -0.951057D+00      0.132342D+01      0.197246D+02     -0.649841D+01
      0.285000D+01      0.586429D+00     -0.809017D+00      0.172487D+01      0.197244D+02     -0.648970D+01
      0.290000D+01      0.807868D+00     -0.587785D+00      0.237443D+01      0.197241D+02     -0.648107D+01
      0.295000D+01      0.950237D+00     -0.309017D+00      0.407503D+01      0.197239D+02     -0.647251D+01
      0.300000D+01      0.999603D+00     -0.184984D-13      0.540374D+14      0.197236D+02     -0.646403D+01
      0.305000D+01      0.951137D+00      0.309017D+00      0.207794D+01      0.197233D+02     -0.645561D+01
      0.310000D+01      0.809582D+00      0.587785D+00      0.377343D+00      0.197231D+02     -0.644727D+01
      0.315000D+01      0.588794D+00      0.809017D+00      0.272210D+00      0.197228D+02     -0.643900D+01
      0.320000D+01      0.310383D+00      0.951057D+00      0.673644D+00      0.197226D+02     -0.643079D+01
      0.325000D+01      0.159888D-02      0.100000D+01      0.998401D+00      0.197223D+02     -0.642265D+01
      0.330000D+01     -0.307338D+00      0.951057D+00      0.132315D+01      0.197220D+02     -0.641458D+01
      0.335000D+01     -0.586192D+00      0.809017D+00      0.172457D+01      0.197218D+02     -0.640657D+01
      0.340000D+01     -0.807670D+00      0.587785D+00      0.237409D+01      0.197215D+02     -0.639863D+01
      0.345000D+01     -0.950098D+00      0.309017D+00      0.407458D+01      0.197213D+02     -0.639075D+01
      0.350000D+01     -0.999537D+00      0.292790D-13      0.341384D+14      0.197210D+02     -0.638293D+01
      0.355000D+01     -0.951150D+00     -0.309017D+00      0.207798D+01      0.197207D+02     -0.637517D+01
      0.360000D+01     -0.809673D+00     -0.587785D+00      0.377497D+00      0.197205D+02     -0.636747D+01
      0.365000D+01     -0.588954D+00     -0.809017D+00      0.272013D+00      0.197202D+02     -0.635983D+01
      0.370000D+01     -0.310597D+00     -0.951057D+00      0.673419D+00      0.197200D+02     -0.635224D+01
      0.375000D+01     -0.184473D-02     -0.100000D+01      0.998155D+00      0.197197D+02     -0.634472D+01
      0.380000D+01      0.307084D+00     -0.951057D+00      0.132289D+01      0.197194D+02     -0.633725D+01
      0.385000D+01      0.585954D+00     -0.809017D+00      0.172428D+01      0.197192D+02     -0.632984D+01
      0.390000D+01      0.807472D+00     -0.587785D+00      0.237375D+01      0.197189D+02     -0.632248D+01
      0.395000D+01      0.949959D+00     -0.309017D+00      0.407413D+01      0.197187D+02     -0.631517D+01
      0.400000D+01      0.999471D+00     -0.400596D-13      0.249496D+14      0.197184D+02     -0.630792D+01
      0.405000D+01      0.951162D+00      0.309017D+00      0.207803D+01      0.197181D+02     -0.630072D+01
      0.410000D+01      0.809763D+00      0.587785D+00      0.377652D+00      0.197179D+02     -0.629357D+01
      0.415000D+01      0.589114D+00      0.809017D+00      0.271815D+00      0.197176D+02     -0.628647D+01
      0.420000D+01      0.310810D+00      0.951057D+00      0.673195D+00      0.197174D+02     -0.627943D+01
      0.425000D+01      0.209056D-02      0.100000D+01      0.997909D+00      0.197171D+02     -0.627243D+01
      0.430000D+01     -0.306829D+00      0.951057D+00      0.132262D+01      0.197168D+02     -0.626548D+01
      0.435000D+01     -0.585716D+00      0.809017D+00      0.172398D+01      0.197166D+02     -0.625858D+01
      0.440000D+01     -0.807274D+00      0.587785D+00      0.237342D+01      0.197163D+02     -0.625173D+01
      0.445000D+01     -0.949820D+00      0.309017D+00      0.407368D+01      0.197161D+02     -0.624492D+01
      0.450000D+01     -0.999404D+00      0.508402D-13      0.196578D+14      0.197158D+02     -0.623816D+01
      0.455000D+01     -0.951175D+00     -0.309017D+00      0.207807D+01      0.197155D+02     -0.623144D+01
      0.460000D+01     -0.809854D+00     -0.587785D+00      0.377806D+00      0.197153D+02     -0.622477D+01
      0.465000D+01     -0.589274D+00     -0.809017D+00      0.271618D+00      0.197150D+02     -0.621815D+01
      0.470000D+01     -0.311023D+00     -0.951057D+00      0.672971D+00      0.197148D+02     -0.621156D+01
      0.475000D+01     -0.233635D-02     -0.100000D+01      0.997664D+00      0.197145D+02     -0.620502D+01
      0.480000D+01      0.306575D+00     -0.951057D+00      0.132235D+01      0.197142D+02     -0.619853D+01
      0.485000D+01      0.585478D+00     -0.809017D+00      0.172369D+01      0.197140D+02     -0.619207D+01
      0.490000D+01      0.807075D+00     -0.587785D+00      0.237308D+01      0.197137D+02     -0.618566D+01
      0.495000D+01      0.949681D+00     -0.309017D+00      0.407323D+01      0.197135D+02     -0.617929D+01
      0.500000D+01      0.999338D+00     -0.616208D-13      0.162175D+14      0.197132D+02     -0.617296D+01
      0.505000D+01      0.951188D+00      0.309017D+00      0.207811D+01      0.197129D+02     -0.616666D+01
      0.510000D+01      0.809945D+00      0.587785D+00      0.377961D+00      0.197127D+02     -0.616041D+01
      0.515000D+01      0.589434D+00      0.809017D+00      0.271420D+00      0.197124D+02     -0.615420D+01
      0.520000D+01      0.311237D+00      0.951057D+00      0.672747D+00      0.197122D+02     -0.614802D+01
      0.525000D+01      0.258212D-02      0.100000D+01      0.997418D+00      0.197119D+02     -0.614189D+01
      0.530000D+01     -0.306321D+00      0.951057D+00      0.132208D+01      0.197116D+02     -0.613579D+01
      0.535000D+01     -0.585240D+00      0.809017D+00      0.172340D+01      0.197114D+02     -0.612972D+01
      0.540000D+01     -0.806877D+00      0.587785D+00      0.237274D+01      0.197111D+02     -0.612370D+01
      0.545000D+01     -0.949541D+00      0.309017D+00      0.407278D+01      0.197109D+02     -0.611771D+01
      0.550000D+01     -0.999271D+00      0.759541D-13      0.131563D+14      0.197106D+02     -0.611175D+01
      0.555000D+01     -0.951201D+00     -0.309017D+00      0.207815D+01      0.197103D+02     -0.610583D+01
      0.560000D+01     -0.810036D+00     -0.587785D+00      0.378115D+00      0.197101D+02     -0.609995D+01
      0.565000D+01     -0.589593D+00     -0.809017D+00      0.271223D+00      0.197098D+02     -0.609410D+01
      0.570000D+01     -0.311450D+00     -0.951057D+00      0.672522D+00      0.197096D+02     -0.608829D+01
      0.575000D+01     -0.282784D-02     -0.100000D+01      0.997172D+00      0.197093D+02     -0.608250D+01
      0.580000D+01      0.306067D+00     -0.951057D+00      0.132182D+01      0.197090D+02     -0.607676D+01
      0.585000D+01      0.585002D+00     -0.809017D+00      0.172310D+01      0.197088D+02     -0.607104D+01
      0.590000D+01      0.806679D+00     -0.587785D+00      0.237240D+01      0.197085D+02     -0.606536D+01
      0.595000D+01      0.949402D+00     -0.309017D+00      0.407233D+01      0.197083D+02     -0.605971D+01
      0.600000D+01      0.999205D+00     -0.867347D-13      0.115202D+14      0.197080D+02     -0.605409D+01
      0.605000D+01      0.951213D+00      0.309017D+00      0.207819D+01      0.197077D+02     -0.604850D+01
      0.610000D+01      0.810126D+00      0.587785D+00      0.378269D+00      0.197075D+02     -0.604295D+01
      0.615000D+01      0.589753D+00      0.809017D+00      0.271025D+00      0.197072D+02     -0.603742D+01
      0.620000D+01      0.311663D+00      0.951057D+00      0.672298D+00      0.197070D+02     -0.603193D+01
      0.625000D+01      0.307354D-02      0.100000D+01      0.996926D+00      0.197067D+02     -0.602646D+01
      0.630000D+01     -0.305812D+00      0.951057D+00      0.132155D+01      0.197064D+02     -0.602103D+01
      0.635000D+01     -0.584764D+00      0.809017D+00      0.172281D+01      0.197062D+02     -0.601562D+01
      0.640000D+01     -0.806481D+00      0.587785D+00      0.237207D+01      0.197059D+02     -0.601024D+01
      0.645000D+01     -0.949263D+00      0.309017D+00      0.407188D+01      0.197057D+02     -0.600490D+01
      0.650000D+01     -0.999138D+00      0.975153D-13      0.102460D+14      0.197054D+02     -0.599958D+01
      0.655000D+01     -0.951226D+00     -0.309017D+00      0.207823D+01      0.197051D+02     -0.599429D+01
      0.660000D+01     -0.810217D+00     -0.587785D+00      0.378423D+00      0.197049D+02     -0.598902D+01
      0.665000D+01     -0.589912D+00     -0.809017D+00      0.270828D+00      0.197046D+02     -0.598379D+01
      0.670000D+01     -0.311876D+00     -0.951057D+00      0.672074D+00      0.197044D+02     -0.597858D+01
      0.675000D+01     -0.331920D-02     -0.100000D+01      0.996681D+00      0.197041D+02     -0.597340D+01
      0.680000D+01      0.305558D+00     -0.951057D+00      0.132128D+01      0.197038D+02     -0.596824D+01
      0.685000D+01      0.584526D+00     -0.809017D+00      0.172251D+01      0.197036D+02     -0.596312D+01
      0.690000D+01      0.806282D+00     -0.587785D+00      0.237173D+01      0.197033D+02     -0.595802D+01
      0.695000D+01      0.949124D+00     -0.309017D+00      0.407143D+01      0.197031D+02     -0.595294D+01
      0.700000D+01      0.999071D+00     -0.108296D-12      0.922538D+13      0.197028D+02     -0.594789D+01
      0.705000D+01      0.951238D+00      0.309017D+00      0.207827D+01      0.197025D+02     -0.594287D+01
      0.710000D+01      0.810307D+00      0.587785D+00      0.378577D+00      0.197023D+02     -0.593787D+01
      0.715000D+01      0.590072D+00      0.809017D+00      0.270631D+00      0.197020D+02     -0.593289D+01
      0.720000D+01      0.312089D+00      0.951057D+00      0.671850D+00      0.197018D+02     -0.592794D+01
      0.725000D+01      0.356484D-02      0.100000D+01      0.996435D+00      0.197015D+02     -0.592302D+01
      0.730000D+01     -0.305304D+00      0.951057D+00      0.132102D+01      0.197012D+02     -0.591812D+01
      0.735000D+01     -0.584288D+00      0.809017D+00      0.172222D+01      0.197010D+02     -0.591324D+01
      0.740000D+01     -0.806084D+00      0.587785D+00      0.237139D+01      0.197007D+02     -0.590839D+01
      0.745000D+01     -0.948984D+00      0.309017D+00      0.407098D+01      0.197005D+02     -0.590356D+01
      0.750000D+01     -0.999005D+00      0.119077D-12      0.838960D+13      0.197002D+02     -0.589875D+01
      0.755000D+01     -0.951251D+00     -0.309017D+00      0.207831D+01      0.196999D+02     -0.589397D+01
      0.760000D+01     -0.810397D+00     -0.587785D+00      0.378730D+00      0.196997D+02     -0.588921D+01
      0.765000D+01     -0.590231D+00     -0.809017D+00      0.270434D+00      0.196994D+02     -0.588447D+01
      0.770000D+01     -0.312302D+00     -0.951057D+00      0.671627D+00      0.196992D+02     -0.587975D+01
      0.775000D+01     -0.381043D-02     -0.100000D+01      0.996190D+00      0.196989D+02     -0.587506D+01
      0.780000D+01      0.305050D+00     -0.951057D+00      0.132075D+01      0.196986D+02     -0.587039D+01
      0.785000D+01      0.584050D+00     -0.809017D+00      0.172193D+01      0.196984D+02     -0.586574D+01
      0.790000D+01      0.805885D+00     -0.587785D+00      0.237105D+01      0.196981D+02     -0.586111D+01
      0.795000D+01      0.948845D+00     -0.309017D+00      0.407053D+01      0.196979D+02     -0.585650D+01
      0.800000D+01      0.998938D+00     -0.129857D-12      0.769259D+13      0.196976D+02     -0.585192D+01
      0.805000D+01      0.951263D+00      0.309017D+00      0.207835D+01      0.196973D+02     -0.584735D+01
      0.810000D+01      0.810488D+00      0.587785D+00      0.378884D+00      0.196971D+02     -0.584281D+01
      0.815000D+01      0.590391D+00      0.809017D+00      0.270237D+00      0.196968D+02     -0.583829D+01
      0.820000D+01      0.312515D+00      0.951057D+00      0.671403D+00      0.196966D+02     -0.583378D+01
      0.825000D+01      0.405600D-02      0.100000D+01      0.995944D+00      0.196963D+02     -0.582930D+01
      0.830000D+01     -0.304796D+00      0.951057D+00      0.132048D+01      0.196960D+02     -0.582484D+01
      0.835000D+01     -0.583812D+00      0.809017D+00      0.172163D+01      0.196958D+02     -0.582040D+01
      0.840000D+01     -0.805687D+00      0.587785D+00      0.237072D+01      0.196955D+02     -0.581597D+01
      0.845000D+01     -0.948705D+00      0.309017D+00      0.407007D+01      0.196953D+02     -0.581157D+01
      0.850000D+01     -0.998871D+00      0.908997D-13      0.109887D+14      0.196950D+02     -0.580719D+01
      0.855000D+01     -0.951275D+00     -0.309017D+00      0.207839D+01      0.196947D+02     -0.580282D+01
      0.860000D+01     -0.810578D+00     -0.587785D+00      0.379037D+00      0.196945D+02     -0.579848D+01
      0.865000D+01     -0.590550D+00     -0.809017D+00      0.270040D+00      0.196942D+02     -0.579415D+01
      0.870000D+01     -0.312727D+00     -0.951057D+00      0.671179D+00      0.196940D+02     -0.578984D+01
      0.875000D+01     -0.430153D-02     -0.100000D+01      0.995698D+00      0.196937D+02     -0.578555D+01
      0.880000D+01      0.304541D+00     -0.951057D+00      0.132021D+01      0.196934D+02     -0.578128D+01
      0.885000D+01      0.583574D+00     -0.809017D+00      0.172134D+01      0.196932D+02     -0.577703D+01
      0.890000D+01      0.805489D+00     -0.587785D+00      0.237038D+01      0.196929D+02     -0.577279D+01
      0.895000D+01      0.948566D+00     -0.309017D+00      0.406962D+01      0.196927D+02     -0.576858D+01
      0.900000D+01      0.998804D+00     -0.448369D-13      0.222764D+14      0.196924D+02     -0.576438D+01
      0.905000D+01      0.951287D+00      0.309017D+00      0.207843D+01      0.196921D+02     -0.576020D+01
      0.910000D+01      0.810668D+00      0.587785D+00      0.379191D+00      0.196919D+02     -0.575603D+01
      0.915000D+01      0.590709D+00      0.809017D+00      0.269843D+00      0.196916D+02     -0.575188D+01
      0.920000D+01      0.312940D+00      0.951057D+00      0.670955D+00      0.196914D+02     -0.574776D+01
      0.925000D+01      0.454703D-02      0.100000D+01      0.995453D+00      0.196911D+02     -0.574364D+01
      0.930000D+01     -0.304287D+00      0.951057D+00      0.131995D+01      0.196908D+02     -0.573955D+01
      0.935000D+01     -0.583336D+00      0.809017D+00      0.172104D+01      0.196906D+02     -0.573547D+01
      0.940000D+01     -0.805290D+00      0.587785D+00      0.237004D+01      0.196903D+02     -0.573141D+01
      0.945000D+01     -0.948426D+00      0.309017D+00      0.406917D+01      0.196901D+02     -0.572736D+01
      0.950000D+01     -0.998737D+00      0.587954D-14      0.169866D+15      0.196898D+02     -0.572333D+01
      0.955000D+01     -0.951300D+00     -0.309017D+00      0.207847D+01      0.196896D+02     -0.571932D+01
      0.960000D+01     -0.810758D+00     -0.587785D+00      0.379344D+00      0.196893D+02     -0.571532D+01
      0.965000D+01     -0.590869D+00     -0.809017D+00      0.269646D+00      0.196890D+02     -0.571134D+01
      0.970000D+01     -0.313153D+00     -0.951057D+00      0.670731D+00      0.196888D+02     -0.570737D+01
      0.975000D+01     -0.479250D-02     -0.100000D+01      0.995207D+00      0.196885D+02     -0.570342D+01
      0.980000D+01      0.304033D+00     -0.951057D+00      0.131968D+01      0.196883D+02     -0.569949D+01
      0.985000D+01      0.583098D+00     -0.809017D+00      0.172075D+01      0.196880D+02     -0.569557D+01
      0.990000D+01      0.805092D+00     -0.587785D+00      0.236970D+01      0.196877D+02     -0.569167D+01
      0.995000D+01      0.948287D+00     -0.309017D+00      0.406872D+01      0.196875D+02     -0.568778D+01
      0.100000D+02      0.998670D+00      0.401833D-13      0.248529D+14      0.196872D+02     -0.568391D+01
      0.100500D+02      0.951312D+00      0.309017D+00      0.207851D+01      0.196870D+02     -0.568005D+01
      0.101000D+02      0.810848D+00      0.587785D+00      0.379497D+00      0.196867D+02     -0.567621D+01
      0.101500D+02      0.591028D+00      0.809017D+00      0.269450D+00      0.196864D+02     -0.567238D+01
      0.102000D+02      0.313366D+00      0.951057D+00      0.670508D+00      0.196862D+02     -0.566856D+01
      0.102500D+02      0.503794D-02      0.100000D+01      0.994962D+00      0.196859D+02     -0.566477D+01
      0.103000D+02     -0.303779D+00      0.951057D+00      0.131941D+01      0.196857D+02     -0.566098D+01
      0.103500D+02     -0.582860D+00      0.809017D+00      0.172046D+01      0.196854D+02     -0.565721D+01
      0.104000D+02     -0.804893D+00      0.587785D+00      0.236937D+01      0.196851D+02     -0.565345D+01
      0.104500D+02     -0.948147D+00      0.309017D+00      0.406827D+01      0.196849D+02     -0.564971D+01
      0.105000D+02     -0.998603D+00     -0.862461D-13      0.115785D+14      0.196846D+02     -0.564598D+01
      0.105500D+02     -0.951324D+00     -0.309017D+00      0.207855D+01      0.196844D+02     -0.564227D+01
      0.106000D+02     -0.810938D+00     -0.587785D+00      0.379650D+00      0.196841D+02     -0.563857D+01
      0.106500D+02     -0.591187D+00     -0.809017D+00      0.269253D+00      0.196838D+02     -0.563488D+01
      0.107000D+02     -0.313578D+00     -0.951057D+00      0.670284D+00      0.196836D+02     -0.563121D+01
      0.107500D+02     -0.528334D-02     -0.100000D+01      0.994717D+00      0.196833D+02     -0.562755D+01
      0.108000D+02      0.303525D+00     -0.951057D+00      0.131914D+01      0.196831D+02     -0.562391D+01
      0.108500D+02      0.582622D+00     -0.809017D+00      0.172016D+01      0.196828D+02     -0.562027D+01
      0.109000D+02      0.804695D+00     -0.587785D+00      0.236903D+01      0.196825D+02     -0.561665D+01
      0.109500D+02      0.948007D+00     -0.309017D+00      0.406782D+01      0.196823D+02     -0.561305D+01
      0.110000D+02      0.998536D+00      0.132309D-12      0.754700D+13      0.196820D+02     -0.560945D+01
      0.110500D+02      0.951336D+00      0.309017D+00      0.207859D+01      0.196818D+02     -0.560587D+01
      0.111000D+02      0.811028D+00      0.587785D+00      0.379803D+00      0.196815D+02     -0.560230D+01
      0.111500D+02      0.591346D+00      0.809017D+00      0.269056D+00      0.196812D+02     -0.559875D+01
      0.112000D+02      0.313791D+00      0.951057D+00      0.670061D+00      0.196810D+02     -0.559521D+01
      0.112500D+02      0.552871D-02      0.100000D+01      0.994471D+00      0.196807D+02     -0.559168D+01
      0.113000D+02     -0.303271D+00      0.951057D+00      0.131888D+01      0.196805D+02     -0.558816D+01
      0.113500D+02     -0.582384D+00      0.809017D+00      0.171987D+01      0.196802D+02     -0.558465D+01
      0.114000D+02     -0.804496D+00      0.587785D+00      0.236869D+01      0.196799D+02     -0.558116D+01
      0.114500D+02     -0.947868D+00      0.309017D+00      0.406736D+01      0.196797D+02     -0.557768D+01
      0.115000D+02     -0.998469D+00     -0.178372D-12      0.559768D+13      0.196794D+02     -0.557421D+01
      0.115500D+02     -0.951348D+00     -0.309017D+00      0.207863D+01      0.196792D+02     -0.557076D+01
      0.116000D+02     -0.811118D+00     -0.587785D+00      0.379956D+00      0.196789D+02     -0.556731D+01
      0.116500D+02     -0.591505D+00     -0.809017D+00      0.268860D+00      0.196786D+02     -0.556388D+01
      0.117000D+02     -0.314004D+00     -0.951057D+00      0.669837D+00      0.196784D+02     -0.556046D+01
      0.117500D+02     -0.577404D-02     -0.100000D+01      0.994226D+00      0.196781D+02     -0.555705D+01
      0.118000D+02      0.303017D+00     -0.951057D+00      0.131861D+01      0.196779D+02     -0.555365D+01
      0.118500D+02      0.582146D+00     -0.809017D+00      0.171957D+01      0.196776D+02     -0.555027D+01
      0.119000D+02      0.804297D+00     -0.587785D+00      0.236835D+01      0.196773D+02     -0.554689D+01
      0.119500D+02      0.947728D+00     -0.309017D+00      0.406691D+01      0.196771D+02     -0.554353D+01
      0.120000D+02      0.998401D+00      0.224435D-12      0.444852D+13      0.196768D+02     -0.554018D+01
      0.120500D+02      0.951359D+00      0.309017D+00      0.207866D+01      0.196766D+02     -0.553684D+01
      0.121000D+02      0.811208D+00      0.587785D+00      0.380109D+00      0.196763D+02     -0.553351D+01
      0.121500D+02      0.591664D+00      0.809017D+00      0.268663D+00      0.196761D+02     -0.553019D+01
      0.122000D+02      0.314216D+00      0.951057D+00      0.669614D+00      0.196758D+02     -0.552688D+01
      0.122500D+02      0.601935D-02      0.100000D+01      0.993981D+00      0.196755D+02     -0.552359D+01
      0.123000D+02     -0.302762D+00      0.951057D+00      0.131834D+01      0.196753D+02     -0.552030D+01
      0.123500D+02     -0.581908D+00      0.809017D+00      0.171928D+01      0.196750D+02     -0.551703D+01
      0.124000D+02     -0.804099D+00      0.587785D+00      0.236801D+01      0.196748D+02     -0.551376D+01
      0.124500D+02     -0.947588D+00      0.309017D+00      0.406646D+01      0.196745D+02     -0.551051D+01
      0.125000D+02     -0.998334D+00     -0.270497D-12      0.369073D+13      0.196742D+02     -0.550727D+01
      0.125500D+02     -0.951371D+00     -0.309017D+00      0.207870D+01      0.196740D+02     -0.550403D+01
      0.126000D+02     -0.811297D+00     -0.587785D+00      0.380261D+00      0.196737D+02     -0.550081D+01
      0.126500D+02     -0.591823D+00     -0.809017D+00      0.268467D+00      0.196735D+02     -0.549760D+01
      0.127000D+02     -0.314429D+00     -0.951057D+00      0.669390D+00      0.196732D+02     -0.549440D+01
      0.127500D+02     -0.626462D-02     -0.100000D+01      0.993735D+00      0.196729D+02     -0.549121D+01
      0.128000D+02      0.302508D+00     -0.951057D+00      0.131808D+01      0.196727D+02     -0.548803D+01
      0.128500D+02      0.581670D+00     -0.809017D+00      0.171898D+01      0.196724D+02     -0.548486D+01
      0.129000D+02      0.803900D+00     -0.587785D+00      0.236768D+01      0.196722D+02     -0.548170D+01
      0.129500D+02      0.947448D+00     -0.309017D+00      0.406601D+01      0.196719D+02     -0.547855D+01
      0.130000D+02      0.998267D+00      0.302349D-12      0.330170D+13      0.196716D+02     -0.547541D+01
      0.130500D+02      0.951383D+00      0.309017D+00      0.207874D+01      0.196714D+02     -0.547228D+01
      0.131000D+02      0.811387D+00      0.587785D+00      0.380414D+00      0.196711D+02     -0.546916D+01
      0.131500D+02      0.591981D+00      0.809017D+00      0.268271D+00      0.196709D+02     -0.546605D+01
      0.132000D+02      0.314641D+00      0.951057D+00      0.669167D+00      0.196706D+02     -0.546294D+01
      0.132500D+02      0.650986D-02      0.100000D+01      0.993490D+00      0.196703D+02     -0.545985D+01
      0.133000D+02     -0.302254D+00      0.951057D+00      0.131781D+01      0.196701D+02     -0.545677D+01
      0.133500D+02     -0.581432D+00      0.809017D+00      0.171869D+01      0.196698D+02     -0.545370D+01
      0.134000D+02     -0.803701D+00      0.587785D+00      0.236734D+01      0.196696D+02     -0.545063D+01
      0.134500D+02     -0.947308D+00      0.309017D+00      0.406555D+01      0.196693D+02     -0.544758D+01
      0.135000D+02     -0.998199D+00     -0.348412D-12      0.286500D+13      0.196690D+02     -0.544454D+01
      0.135500D+02     -0.951395D+00     -0.309017D+00      0.207878D+01      0.196688D+02     -0.544150D+01
      0.136000D+02     -0.811476D+00     -0.587785D+00      0.380566D+00      0.196685D+02     -0.543848D+01
      0.136500D+02     -0.592140D+00     -0.809017D+00      0.268075D+00      0.196683D+02     -0.543546D+01
      0.137000D+02     -0.314853D+00     -0.951057D+00      0.668944D+00      0.196680D+02     -0.543245D+01
      0.137500D+02     -0.675506D-02     -0.100000D+01      0.993245D+00      0.196678D+02     -0.542945D+01
      0.138000D+02      0.302000D+00     -0.951057D+00      0.131754D+01      0.196675D+02     -0.542646D+01
      0.138500D+02      0.581194D+00     -0.809017D+00      0.171840D+01      0.196672D+02     -0.542348D+01
      0.139000D+02      0.803503D+00     -0.587785D+00      0.236700D+01      0.196670D+02     -0.542051D+01
      0.139500D+02      0.947168D+00     -0.309017D+00      0.406510D+01      0.196667D+02     -0.541755D+01
      0.140000D+02      0.998132D+00      0.394475D-12      0.253028D+13      0.196665D+02     -0.541459D+01
      0.140500D+02      0.951406D+00      0.309017D+00      0.207881D+01      0.196662D+02     -0.541165D+01
      0.141000D+02      0.811566D+00      0.587785D+00      0.380719D+00      0.196659D+02     -0.540871D+01
      0.141500D+02      0.592299D+00      0.809017D+00      0.267878D+00      0.196657D+02     -0.540578D+01
      0.142000D+02      0.315066D+00      0.951057D+00      0.668720D+00      0.196654D+02     -0.540287D+01
      0.142500D+02      0.700024D-02      0.100000D+01      0.993000D+00      0.196652D+02     -0.539995D+01
      0.143000D+02     -0.301746D+00      0.951057D+00      0.131727D+01      0.196649D+02     -0.539705D+01
      0.143500D+02     -0.580956D+00      0.809017D+00      0.171810D+01      0.196646D+02     -0.539416D+01
      0.144000D+02     -0.803304D+00      0.587785D+00      0.236666D+01      0.196644D+02     -0.539127D+01
      0.144500D+02     -0.947028D+00      0.309017D+00      0.406465D+01      0.196641D+02     -0.538840D+01
      0.145000D+02     -0.998064D+00     -0.440538D-12      0.226556D+13      0.196639D+02     -0.538553D+01
      0.145500D+02     -0.951418D+00     -0.309017D+00      0.207885D+01      0.196636D+02     -0.538267D+01
      0.146000D+02     -0.811655D+00     -0.587785D+00      0.380871D+00      0.196633D+02     -0.537981D+01
      0.146500D+02     -0.592457D+00     -0.809017D+00      0.267682D+00      0.196631D+02     -0.537697D+01
      0.147000D+02     -0.315278D+00     -0.951057D+00      0.668497D+00      0.196628D+02     -0.537413D+01
      0.147500D+02     -0.724538D-02     -0.100000D+01      0.992755D+00      0.196626D+02     -0.537130D+01
      0.148000D+02      0.301492D+00     -0.951057D+00      0.131701D+01      0.196623D+02     -0.536848D+01
      0.148500D+02      0.580718D+00     -0.809017D+00      0.171781D+01      0.196620D+02     -0.536567D+01
      0.149000D+02      0.803105D+00     -0.587785D+00      0.236632D+01      0.196618D+02     -0.536287D+01
      0.149500D+02      0.946888D+00     -0.309017D+00      0.406419D+01      0.196615D+02     -0.536007D+01
      0.150000D+02      0.997997D+00      0.486601D-12      0.205096D+13      0.196613D+02     -0.535728D+01
      0.150500D+02      0.951429D+00      0.309017D+00      0.207889D+01      0.196610D+02     -0.535450D+01
      0.151000D+02      0.811745D+00      0.587785D+00      0.381023D+00      0.196607D+02     -0.535173D+01
      0.151500D+02      0.592616D+00      0.809017D+00      0.267486D+00      0.196605D+02     -0.534896D+01
      0.152000D+02      0.315490D+00      0.951057D+00      0.668274D+00      0.196602D+02     -0.534621D+01
      0.152500D+02      0.749049D-02      0.100000D+01      0.992510D+00      0.196600D+02     -0.534346D+01
      0.153000D+02     -0.301238D+00      0.951057D+00      0.131674D+01      0.196597D+02     -0.534071D+01
      0.153500D+02     -0.580480D+00      0.809017D+00      0.171751D+01      0.196595D+02     -0.533798D+01
      0.154000D+02     -0.802906D+00      0.587785D+00      0.236599D+01      0.196592D+02     -0.533525D+01
      0.154500D+02     -0.946748D+00      0.309017D+00      0.406374D+01      0.196589D+02     -0.533253D+01
      0.155000D+02     -0.997929D+00     -0.532663D-12      0.187347D+13      0.196587D+02     -0.532982D+01
      0.155500D+02     -0.951440D+00     -0.309017D+00      0.207893D+01      0.196584D+02     -0.532711D+01
      0.156000D+02     -0.811834D+00     -0.587785D+00      0.381175D+00      0.196582D+02     -0.532442D+01
      0.156500D+02     -0.592775D+00     -0.809017D+00      0.267290D+00      0.196579D+02     -0.532173D+01
      0.157000D+02     -0.315702D+00     -0.951057D+00      0.668051D+00      0.196576D+02     -0.531904D+01
      0.157500D+02     -0.773556D-02     -0.100000D+01      0.992264D+00      0.196574D+02     -0.531637D+01
      0.158000D+02      0.300984D+00     -0.951057D+00      0.131647D+01      0.196571D+02     -0.531370D+01
      0.158500D+02      0.580242D+00     -0.809017D+00      0.171722D+01      0.196569D+02     -0.531104D+01
      0.159000D+02      0.802708D+00     -0.587785D+00      0.236565D+01      0.196566D+02     -0.530838D+01
      0.159500D+02      0.946608D+00     -0.309017D+00      0.406329D+01      0.196563D+02     -0.530573D+01
      0.160000D+02      0.997861D+00      0.578726D-12      0.172424D+13      0.196561D+02     -0.530309D+01
      0.160500D+02      0.951452D+00      0.309017D+00      0.207896D+01      0.196558D+02     -0.530046D+01
      0.161000D+02      0.811923D+00      0.587785D+00      0.381327D+00      0.196556D+02     -0.529783D+01
      0.161500D+02      0.592933D+00      0.809017D+00      0.267095D+00      0.196553D+02     -0.529521D+01
      0.162000D+02      0.315914D+00      0.951057D+00      0.667828D+00      0.196550D+02     -0.529260D+01
      0.162500D+02      0.798060D-02      0.100000D+01      0.992019D+00      0.196548D+02     -0.529000D+01
      0.163000D+02     -0.300730D+00      0.951057D+00      0.131621D+01      0.196545D+02     -0.528740D+01
      0.163500D+02     -0.580004D+00      0.809017D+00      0.171692D+01      0.196543D+02     -0.528480D+01
      0.164000D+02     -0.802509D+00      0.587785D+00      0.236531D+01      0.196540D+02     -0.528222D+01
      0.164500D+02     -0.946468D+00      0.309017D+00      0.406283D+01      0.196537D+02     -0.527964D+01
      0.165000D+02     -0.997793D+00     -0.624789D-12      0.159701D+13      0.196535D+02     -0.527707D+01
      0.165500D+02     -0.951463D+00     -0.309017D+00      0.207900D+01      0.196532D+02     -0.527450D+01
      0.166000D+02     -0.812013D+00     -0.587785D+00      0.381478D+00      0.196530D+02     -0.527194D+01
      0.166500D+02     -0.593091D+00     -0.809017D+00      0.266899D+00      0.196527D+02     -0.526939D+01
      0.167000D+02     -0.316126D+00     -0.951057D+00      0.667605D+00      0.196525D+02     -0.526684D+01
      0.167500D+02     -0.822561D-02     -0.100000D+01      0.991774D+00      0.196522D+02     -0.526430D+01
      0.168000D+02      0.300476D+00     -0.951057D+00      0.131594D+01      0.196519D+02     -0.526177D+01
      0.168500D+02      0.579766D+00     -0.809017D+00      0.171663D+01      0.196517D+02     -0.525924D+01
      0.169000D+02      0.802310D+00     -0.587785D+00      0.236497D+01      0.196514D+02     -0.525672D+01
      0.169500D+02      0.946328D+00     -0.309017D+00      0.406238D+01      0.196512D+02     -0.525421D+01
      0.170000D+02      0.997726D+00      0.670852D-12      0.148725D+13      0.196509D+02     -0.525170D+01
      0.170500D+02      0.951474D+00      0.309017D+00      0.207904D+01      0.196506D+02     -0.524920D+01
      0.171000D+02      0.812102D+00      0.587785D+00      0.381630D+00      0.196504D+02     -0.524671D+01
      0.171500D+02      0.593250D+00      0.809017D+00      0.266703D+00      0.196501D+02     -0.524422D+01
      0.172000D+02      0.316338D+00      0.951057D+00      0.667382D+00      0.196499D+02     -0.524174D+01
      0.172500D+02      0.847059D-02      0.100000D+01      0.991529D+00      0.196496D+02     -0.523926D+01
      0.173000D+02     -0.300222D+00      0.951057D+00      0.131567D+01      0.196493D+02     -0.523679D+01
      0.173500D+02     -0.579528D+00      0.809017D+00      0.171634D+01      0.196491D+02     -0.523433D+01
      0.174000D+02     -0.802111D+00      0.587785D+00      0.236463D+01      0.196488D+02     -0.523187D+01
      0.174500D+02     -0.946188D+00      0.309017D+00      0.406193D+01      0.196486D+02     -0.522942D+01
      0.175000D+02     -0.997658D+00     -0.716915D-12      0.139160D+13      0.196483D+02     -0.522697D+01
      0.175500D+02     -0.951485D+00     -0.309017D+00      0.207907D+01      0.196480D+02     -0.522453D+01
      0.176000D+02     -0.812191D+00     -0.587785D+00      0.381781D+00      0.196478D+02     -0.522210D+01
      0.176500D+02     -0.593408D+00     -0.809017D+00      0.266507D+00      0.196475D+02     -0.521967D+01
      0.177000D+02     -0.316550D+00     -0.951057D+00      0.667159D+00      0.196473D+02     -0.521725D+01
      0.177500D+02     -0.871553D-02     -0.100000D+01      0.991284D+00      0.196470D+02     -0.521483D+01
      0.178000D+02      0.299968D+00     -0.951057D+00      0.131541D+01      0.196468D+02     -0.521242D+01
      0.178500D+02      0.579290D+00     -0.809017D+00      0.171604D+01      0.196465D+02     -0.521002D+01
      0.179000D+02      0.801912D+00     -0.587785D+00      0.236429D+01      0.196462D+02     -0.520762D+01
      0.179500D+02      0.946047D+00     -0.309017D+00      0.406147D+01      0.196460D+02     -0.520523D+01
      0.180000D+02      0.997590D+00      0.748767D-12      0.133231D+13      0.196457D+02     -0.520284D+01
      0.180500D+02      0.951497D+00      0.309017D+00      0.207911D+01      0.196455D+02     -0.520046D+01
      0.181000D+02      0.812280D+00      0.587785D+00      0.381933D+00      0.196452D+02     -0.519808D+01
      0.181500D+02      0.593566D+00      0.809017D+00      0.266312D+00      0.196449D+02     -0.519571D+01
      0.182000D+02      0.316762D+00      0.951057D+00      0.666936D+00      0.196447D+02     -0.519335D+01
      0.182500D+02      0.896044D-02      0.100000D+01      0.991040D+00      0.196444D+02     -0.519099D+01
      0.183000D+02     -0.299714D+00      0.951057D+00      0.131514D+01      0.196442D+02     -0.518863D+01
      0.183500D+02     -0.579052D+00      0.809017D+00      0.171575D+01      0.196439D+02     -0.518629D+01
      0.184000D+02     -0.801713D+00      0.587785D+00      0.236396D+01      0.196436D+02     -0.518394D+01
      0.184500D+02     -0.945907D+00      0.309017D+00      0.406102D+01      0.196434D+02     -0.518161D+01
      0.185000D+02     -0.997522D+00     -0.794829D-12      0.125501D+13      0.196431D+02     -0.517928D+01
      0.185500D+02     -0.951508D+00     -0.309017D+00      0.207914D+01      0.196429D+02     -0.517695D+01
      0.186000D+02     -0.812369D+00     -0.587785D+00      0.382084D+00      0.196426D+02     -0.517463D+01
      0.186500D+02     -0.593724D+00     -0.809017D+00      0.266116D+00      0.196423D+02     -0.517232D+01
      0.187000D+02     -0.316974D+00     -0.951057D+00      0.666714D+00      0.196421D+02     -0.517001D+01
      0.187500D+02     -0.920532D-02     -0.100000D+01      0.990795D+00      0.196418D+02     -0.516770D+01
      0.188000D+02      0.299461D+00     -0.951057D+00      0.131487D+01      0.196416D+02     -0.516540D+01
      0.188500D+02      0.578814D+00     -0.809017D+00      0.171545D+01      0.196413D+02     -0.516311D+01
      0.189000D+02      0.801514D+00     -0.587785D+00      0.236362D+01      0.196411D+02     -0.516082D+01
      0.189500D+02      0.945767D+00     -0.309017D+00      0.406056D+01      0.196408D+02     -0.515854D+01
      0.190000D+02      0.997454D+00      0.840892D-12      0.118619D+13      0.196405D+02     -0.515626D+01
      0.190500D+02      0.951518D+00      0.309017D+00      0.207918D+01      0.196403D+02     -0.515399D+01
      0.191000D+02      0.812458D+00      0.587785D+00      0.382235D+00      0.196400D+02     -0.515172D+01
      0.191500D+02      0.593882D+00      0.809017D+00      0.265921D+00      0.196398D+02     -0.514946D+01
      0.192000D+02      0.317186D+00      0.951057D+00      0.666491D+00      0.196395D+02     -0.514720D+01
      0.192500D+02      0.945016D-02      0.100000D+01      0.990550D+00      0.196392D+02     -0.514495D+01
      0.193000D+02     -0.299207D+00      0.951057D+00      0.131460D+01      0.196390D+02     -0.514270D+01
      0.193500D+02     -0.578576D+00      0.809017D+00      0.171516D+01      0.196387D+02     -0.514046D+01
      0.194000D+02     -0.801315D+00      0.587785D+00      0.236328D+01      0.196385D+02     -0.513823D+01
      0.194500D+02     -0.945626D+00      0.309017D+00      0.406011D+01      0.196382D+02     -0.513599D+01
      0.195000D+02     -0.997386D+00     -0.886955D-12      0.112451D+13      0.196379D+02     -0.513377D+01
      0.195500D+02     -0.951529D+00     -0.309017D+00      0.207921D+01      0.196377D+02     -0.513154D+01
      0.196000D+02     -0.812546D+00     -0.587785D+00      0.382386D+00      0.196374D+02     -0.512933D+01
      0.196500D+02     -0.594040D+00     -0.809017D+00      0.265726D+00      0.196372D+02     -0.512712D+01
      0.197000D+02     -0.317398D+00     -0.951057D+00      0.666268D+00      0.196369D+02     -0.512491D+01
      0.197500D+02     -0.969498D-02     -0.100000D+01      0.990305D+00      0.196366D+02     -0.512271D+01
      0.198000D+02      0.298953D+00     -0.951057D+00      0.131434D+01      0.196364D+02     -0.512051D+01
      0.198500D+02      0.578338D+00     -0.809017D+00      0.171486D+01      0.196361D+02     -0.511832D+01
      0.199000D+02      0.801116D+00     -0.587785D+00      0.236294D+01      0.196359D+02     -0.511613D+01
      0.199500D+02      0.945486D+00     -0.309017D+00      0.405966D+01      0.196356D+02     -0.511395D+01
      0.200000D+02      0.997318D+00      0.933018D-12      0.106892D+13      0.196354D+02     -0.511177D+01
      0.200500D+02      0.951540D+00      0.309017D+00      0.207925D+01      0.196351D+02     -0.510960D+01
      0.201000D+02      0.812635D+00      0.587785D+00      0.382537D+00      0.196348D+02     -0.510743D+01
      0.201500D+02      0.594198D+00      0.809017D+00      0.265530D+00      0.196346D+02     -0.510526D+01
      0.202000D+02      0.317610D+00      0.951057D+00      0.666045D+00      0.196343D+02     -0.510311D+01
      0.202500D+02      0.993975D-02      0.100000D+01      0.990060D+00      0.196341D+02     -0.510095D+01
      0.203000D+02     -0.298699D+00      0.951057D+00      0.131407D+01      0.196338D+02     -0.509880D+01
      0.203500D+02     -0.578099D+00      0.809017D+00      0.171457D+01      0.196335D+02     -0.509666D+01
      0.204000D+02     -0.800917D+00      0.587785D+00      0.236260D+01      0.196333D+02     -0.509452D+01
      0.204500D+02     -0.945345D+00      0.309017D+00      0.405920D+01      0.196330D+02     -0.509238D+01
      0.205000D+02     -0.997249D+00     -0.979081D-12      0.101856D+13      0.196328D+02     -0.509025D+01
      0.205500D+02     -0.951551D+00     -0.309017D+00      0.207928D+01      0.196325D+02     -0.508812D+01
      0.206000D+02     -0.812724D+00     -0.587785D+00      0.382688D+00      0.196322D+02     -0.508600D+01
      0.206500D+02     -0.594356D+00     -0.809017D+00      0.265335D+00      0.196320D+02     -0.508388D+01
      0.207000D+02     -0.317821D+00     -0.951057D+00      0.665823D+00      0.196317D+02     -0.508177D+01
      0.207500D+02     -0.101845D-01     -0.100000D+01      0.989815D+00      0.196315D+02     -0.507966D+01
      0.208000D+02      0.298445D+00     -0.951057D+00      0.131380D+01      0.196312D+02     -0.507756D+01
      0.208500D+02      0.577861D+00     -0.809017D+00      0.171428D+01      0.196310D+02     -0.507546D+01
      0.209000D+02      0.800718D+00     -0.587785D+00      0.236226D+01      0.196307D+02     -0.507336D+01
      0.209500D+02      0.945205D+00     -0.309017D+00      0.405875D+01      0.196304D+02     -0.507127D+01
      0.210000D+02      0.997181D+00      0.102514D-11      0.972723D+12      0.196302D+02     -0.506918D+01
      0.210500D+02      0.951562D+00      0.309017D+00      0.207932D+01      0.196299D+02     -0.506710D+01
      0.211000D+02      0.812812D+00      0.587785D+00      0.382839D+00      0.196297D+02     -0.506502D+01
      0.211500D+02      0.594514D+00      0.809017D+00      0.265140D+00      0.196294D+02     -0.506295D+01
      0.212000D+02      0.318033D+00      0.951057D+00      0.665600D+00      0.196291D+02     -0.506088D+01
      0.212500D+02      0.104292D-01      0.100000D+01      0.989571D+00      0.196289D+02     -0.505882D+01
      0.213000D+02     -0.298191D+00      0.951057D+00      0.131354D+01      0.196286D+02     -0.505676D+01
      0.213500D+02     -0.577623D+00      0.809017D+00      0.171398D+01      0.196284D+02     -0.505470D+01
      0.214000D+02     -0.800519D+00      0.587785D+00      0.236192D+01      0.196281D+02     -0.505265D+01
      0.214500D+02     -0.945064D+00      0.309017D+00      0.405829D+01      0.196278D+02     -0.505060D+01
      0.215000D+02     -0.997113D+00     -0.107121D-11      0.930832D+12      0.196276D+02     -0.504856D+01
      0.215500D+02     -0.951572D+00     -0.309017D+00      0.207935D+01      0.196273D+02     -0.504652D+01
      0.216000D+02     -0.812901D+00     -0.587785D+00      0.382990D+00      0.196271D+02     -0.504448D+01
      0.216500D+02     -0.594672D+00     -0.809017D+00      0.264945D+00      0.196268D+02     -0.504245D+01
      0.217000D+02     -0.318245D+00     -0.951057D+00      0.665378D+00      0.196266D+02     -0.504042D+01
      0.217500D+02     -0.106739D-01     -0.100000D+01      0.989326D+00      0.196263D+02     -0.503840D+01
      0.218000D+02      0.297937D+00     -0.951057D+00      0.131327D+01      0.196260D+02     -0.503638D+01
      0.218500D+02      0.577385D+00     -0.809017D+00      0.171369D+01      0.196258D+02     -0.503437D+01
      0.219000D+02      0.800320D+00     -0.587785D+00      0.236159D+01      0.196255D+02     -0.503236D+01
      0.219500D+02      0.944923D+00     -0.309017D+00      0.405784D+01      0.196253D+02     -0.503035D+01
      0.220000D+02      0.997044D+00      0.111727D-11      0.892394D+12      0.196250D+02     -0.502835D+01
      0.220500D+02      0.951583D+00      0.309017D+00      0.207939D+01      0.196247D+02     -0.502635D+01
      0.221000D+02      0.812989D+00      0.587785D+00      0.383140D+00      0.196245D+02     -0.502436D+01
      0.221500D+02      0.594830D+00      0.809017D+00      0.264750D+00      0.196242D+02     -0.502237D+01
      0.222000D+02      0.318456D+00      0.951057D+00      0.665155D+00      0.196240D+02     -0.502038D+01
      0.222500D+02      0.109185D-01      0.100000D+01      0.989081D+00      0.196237D+02     -0.501840D+01
      0.223000D+02     -0.297684D+00      0.951057D+00      0.131300D+01      0.196234D+02     -0.501642D+01
      0.223500D+02     -0.577147D+00      0.809017D+00      0.171339D+01      0.196232D+02     -0.501444D+01
      0.224000D+02     -0.800121D+00      0.587785D+00      0.236125D+01      0.196229D+02     -0.501247D+01
      0.224500D+02     -0.944783D+00      0.309017D+00      0.405738D+01      0.196227D+02     -0.501051D+01
      0.225000D+02     -0.996976D+00     -0.116333D-11      0.857000D+12      0.196224D+02     -0.500854D+01
      0.225500D+02     -0.951593D+00     -0.309017D+00      0.207942D+01      0.196222D+02     -0.500659D+01
      0.226000D+02     -0.813078D+00     -0.587785D+00      0.383291D+00      0.196219D+02     -0.500463D+01
      0.226500D+02     -0.594987D+00     -0.809017D+00      0.264555D+00      0.196216D+02     -0.500268D+01
      0.227000D+02     -0.318668D+00     -0.951057D+00      0.664933D+00      0.196214D+02     -0.500073D+01
      0.227500D+02     -0.111632D-01     -0.100000D+01      0.988837D+00      0.196211D+02     -0.499879D+01
      0.228000D+02      0.297430D+00     -0.951057D+00      0.131274D+01      0.196209D+02     -0.499685D+01
      0.228500D+02      0.576909D+00     -0.809017D+00      0.171310D+01      0.196206D+02     -0.499491D+01
      0.229000D+02      0.799922D+00     -0.587785D+00      0.236091D+01      0.196203D+02     -0.499298D+01
      0.229500D+02      0.944642D+00     -0.309017D+00      0.405693D+01      0.196201D+02     -0.499105D+01
      0.230000D+02      0.996907D+00      0.120939D-11      0.824303D+12      0.196198D+02     -0.498913D+01
      0.230500D+02      0.951604D+00      0.309017D+00      0.207945D+01      0.196196D+02     -0.498721D+01
      0.231000D+02      0.813166D+00      0.587785D+00      0.383441D+00      0.196193D+02     -0.498529D+01
      0.231500D+02      0.595145D+00      0.809017D+00      0.264360D+00      0.196190D+02     -0.498337D+01
      0.232000D+02      0.318879D+00      0.951057D+00      0.664711D+00      0.196188D+02     -0.498146D+01
      0.232500D+02      0.114077D-01      0.100000D+01      0.988592D+00      0.196185D+02     -0.497956D+01
      0.233000D+02     -0.297176D+00      0.951057D+00      0.131247D+01      0.196183D+02     -0.497766D+01
      0.233500D+02     -0.576671D+00      0.809017D+00      0.171280D+01      0.196180D+02     -0.497576D+01
      0.234000D+02     -0.799722D+00      0.587785D+00      0.236057D+01      0.196178D+02     -0.497386D+01
      0.234500D+02     -0.944501D+00      0.309017D+00      0.405647D+01      0.196175D+02     -0.497197D+01
      0.235000D+02     -0.996839D+00     -0.125546D-11      0.794005D+12      0.196172D+02     -0.497008D+01
      0.235500D+02     -0.951614D+00     -0.309017D+00      0.207949D+01      0.196170D+02     -0.496820D+01
      0.236000D+02     -0.813254D+00     -0.587785D+00      0.383591D+00      0.196167D+02     -0.496632D+01
      0.236500D+02     -0.595302D+00     -0.809017D+00      0.264166D+00      0.196165D+02     -0.496444D+01
      0.237000D+02     -0.319090D+00     -0.951057D+00      0.664488D+00      0.196162D+02     -0.496256D+01
      0.237500D+02     -0.116523D-01     -0.100000D+01      0.988348D+00      0.196159D+02     -0.496069D+01
      0.238000D+02      0.296922D+00     -0.951057D+00      0.131220D+01      0.196157D+02     -0.495883D+01
      0.238500D+02      0.576433D+00     -0.809017D+00      0.171251D+01      0.196154D+02     -0.495696D+01
      0.239000D+02      0.799523D+00     -0.587785D+00      0.236023D+01      0.196152D+02     -0.495510D+01
      0.239500D+02      0.944360D+00     -0.309017D+00      0.405601D+01      0.196149D+02     -0.495325D+01
      0.240000D+02      0.996770D+00      0.130152D-11      0.765851D+12      0.196146D+02     -0.495139D+01
      0.240500D+02      0.951624D+00      0.309017D+00      0.207952D+01      0.196144D+02     -0.494954D+01
      0.241000D+02      0.813343D+00      0.587785D+00      0.383741D+00      0.196141D+02     -0.494770D+01
      0.241500D+02      0.595460D+00      0.809017D+00      0.263971D+00      0.196139D+02     -0.494586D+01
      0.242000D+02      0.319302D+00      0.951057D+00      0.664266D+00      0.196136D+02     -0.494402D+01
      0.242500D+02      0.118968D-01      0.100000D+01      0.988103D+00      0.196134D+02     -0.494218D+01
      0.243000D+02     -0.296668D+00      0.951057D+00      0.131194D+01      0.196131D+02     -0.494035D+01
      0.243500D+02     -0.576194D+00      0.809017D+00      0.171222D+01      0.196128D+02     -0.493852D+01
      0.244000D+02     -0.799324D+00      0.587785D+00      0.235989D+01      0.196126D+02     -0.493669D+01
      0.244500D+02     -0.944220D+00      0.309017D+00      0.405556D+01      0.196123D+02     -0.493487D+01
      0.245000D+02     -0.996702D+00     -0.131916D-11      0.755557D+12      0.196121D+02     -0.493305D+01
      0.245500D+02     -0.951635D+00     -0.309017D+00      0.207955D+01      0.196118D+02     -0.493124D+01
      0.246000D+02     -0.813431D+00     -0.587785D+00      0.383891D+00      0.196115D+02     -0.492942D+01
      0.246500D+02     -0.595617D+00     -0.809017D+00      0.263776D+00      0.196113D+02     -0.492762D+01
      0.247000D+02     -0.319513D+00     -0.951057D+00      0.664044D+00      0.196110D+02     -0.492581D+01
      0.247500D+02     -0.121413D-01     -0.100000D+01      0.987859D+00      0.196108D+02     -0.492401D+01
      0.248000D+02      0.296415D+00     -0.951057D+00      0.131167D+01      0.196105D+02     -0.492221D+01
      0.248500D+02      0.575956D+00     -0.809017D+00      0.171192D+01      0.196103D+02     -0.492041D+01
      0.249000D+02      0.799125D+00     -0.587785D+00      0.235955D+01      0.196100D+02     -0.491862D+01
      0.249500D+02      0.944079D+00     -0.309017D+00      0.405510D+01      0.196097D+02     -0.491683D+01
      0.250000D+02      0.996633D+00      0.136522D-11      0.730014D+12      0.196095D+02     -0.491504D+01
      0.250500D+02      0.951645D+00      0.309017D+00      0.207959D+01      0.196092D+02     -0.491326D+01
      0.251000D+02      0.813519D+00      0.587785D+00      0.384041D+00      0.196090D+02     -0.491148D+01
      0.251500D+02      0.595775D+00      0.809017D+00      0.263582D+00      0.196087D+02     -0.490970D+01
      0.252000D+02      0.319724D+00      0.951057D+00      0.663822D+00      0.196084D+02     -0.490793D+01
      0.252500D+02      0.123857D-01      0.100000D+01      0.987614D+00      0.196082D+02     -0.490616D+01
      0.253000D+02     -0.296161D+00      0.951057D+00      0.131140D+01      0.196079D+02     -0.490439D+01
      0.253500D+02     -0.575718D+00      0.809017D+00      0.171163D+01      0.196077D+02     -0.490263D+01
      0.254000D+02     -0.798925D+00      0.587785D+00      0.235921D+01      0.196074D+02     -0.490087D+01
      0.254500D+02     -0.943938D+00      0.309017D+00      0.405465D+01      0.196071D+02     -0.489911D+01
      0.255000D+02     -0.996564D+00     -0.141129D-11      0.706139D+12      0.196069D+02     -0.489736D+01
      0.255500D+02     -0.951655D+00     -0.309017D+00      0.207962D+01      0.196066D+02     -0.489560D+01
      0.256000D+02     -0.813607D+00     -0.587785D+00      0.384191D+00      0.196064D+02     -0.489386D+01
      0.256500D+02     -0.595932D+00     -0.809017D+00      0.263387D+00      0.196061D+02     -0.489211D+01
      0.257000D+02     -0.319936D+00     -0.951057D+00      0.663600D+00      0.196059D+02     -0.489037D+01
      0.257500D+02     -0.126301D-01     -0.100000D+01      0.987370D+00      0.196056D+02     -0.488863D+01
      0.258000D+02      0.295907D+00     -0.951057D+00      0.131114D+01      0.196053D+02     -0.488689D+01
      0.258500D+02      0.575480D+00     -0.809017D+00      0.171133D+01      0.196051D+02     -0.488516D+01
      0.259000D+02      0.798726D+00     -0.587785D+00      0.235887D+01      0.196048D+02     -0.488343D+01
      0.259500D+02      0.943797D+00     -0.309017D+00      0.405419D+01      0.196046D+02     -0.488170D+01
      0.260000D+02      0.996495D+00      0.145735D-11      0.683772D+12      0.196043D+02     -0.487998D+01
      0.260500D+02      0.951665D+00      0.309017D+00      0.207965D+01      0.196040D+02     -0.487826D+01
      0.261000D+02      0.813695D+00      0.587785D+00      0.384341D+00      0.196038D+02     -0.487654D+01
      0.261500D+02      0.596089D+00      0.809017D+00      0.263193D+00      0.196035D+02     -0.487482D+01
      0.262000D+02      0.320147D+00      0.951057D+00      0.663378D+00      0.196033D+02     -0.487311D+01
      0.262500D+02      0.128745D-01      0.100000D+01      0.987125D+00      0.196030D+02     -0.487140D+01
      0.263000D+02     -0.295654D+00      0.951057D+00      0.131087D+01      0.196028D+02     -0.486969D+01
      0.263500D+02     -0.575242D+00      0.809017D+00      0.171104D+01      0.196025D+02     -0.486799D+01
      0.264000D+02     -0.798527D+00      0.587785D+00      0.235853D+01      0.196022D+02     -0.486629D+01
      0.264500D+02     -0.943656D+00      0.309017D+00      0.405373D+01      0.196020D+02     -0.486459D+01
      0.265000D+02     -0.996427D+00     -0.150341D-11      0.662776D+12      0.196017D+02     -0.486290D+01
      0.265500D+02     -0.951675D+00     -0.309017D+00      0.207969D+01      0.196015D+02     -0.486121D+01
      0.266000D+02     -0.813783D+00     -0.587785D+00      0.384490D+00      0.196012D+02     -0.485952D+01
      0.266500D+02     -0.596247D+00     -0.809017D+00      0.262999D+00      0.196009D+02     -0.485783D+01
      0.267000D+02     -0.320358D+00     -0.951057D+00      0.663156D+00      0.196007D+02     -0.485615D+01
      0.267500D+02     -0.131189D-01     -0.100000D+01      0.986881D+00      0.196004D+02     -0.485447D+01
      0.268000D+02      0.295400D+00     -0.951057D+00      0.131060D+01      0.196002D+02     -0.485279D+01
      0.268500D+02      0.575004D+00     -0.809017D+00      0.171074D+01      0.195999D+02     -0.485111D+01
      0.269000D+02      0.798327D+00     -0.587785D+00      0.235820D+01      0.195997D+02     -0.484944D+01
      0.269500D+02      0.943515D+00     -0.309017D+00      0.405328D+01      0.195994D+02     -0.484777D+01
      0.270000D+02      0.996358D+00      0.154948D-11      0.643029D+12      0.195991D+02     -0.484611D+01
      0.270500D+02      0.951685D+00      0.309017D+00      0.207972D+01      0.195989D+02     -0.484444D+01
      0.271000D+02      0.813871D+00      0.587785D+00      0.384640D+00      0.195986D+02     -0.484278D+01
      0.271500D+02      0.596404D+00      0.809017D+00      0.262805D+00      0.195984D+02     -0.484113D+01
      0.272000D+02      0.320569D+00      0.951057D+00      0.662934D+00      0.195981D+02     -0.483947D+01
      0.272500D+02      0.133632D-01      0.100000D+01      0.986637D+00      0.195978D+02     -0.483782D+01
      0.273000D+02     -0.295146D+00      0.951057D+00      0.131034D+01      0.195976D+02     -0.483617D+01
      0.273500D+02     -0.574765D+00      0.809017D+00      0.171045D+01      0.195973D+02     -0.483452D+01
      0.274000D+02     -0.798128D+00      0.587785D+00      0.235786D+01      0.195971D+02     -0.483288D+01
      0.274500D+02     -0.943374D+00      0.309017D+00      0.405282D+01      0.195968D+02     -0.483124D+01
      0.275000D+02     -0.996289D+00     -0.159554D-11      0.624422D+12      0.195966D+02     -0.482960D+01
      0.275500D+02     -0.951695D+00     -0.309017D+00      0.207975D+01      0.195963D+02     -0.482796D+01
      0.276000D+02     -0.813958D+00     -0.587785D+00      0.384789D+00      0.195960D+02     -0.482633D+01
      0.276500D+02     -0.596561D+00     -0.809017D+00      0.262610D+00      0.195958D+02     -0.482470D+01
      0.277000D+02     -0.320780D+00     -0.951057D+00      0.662712D+00      0.195955D+02     -0.482307D+01
      0.277500D+02     -0.136075D-01     -0.100000D+01      0.986393D+00      0.195953D+02     -0.482144D+01
      0.278000D+02      0.294893D+00     -0.951057D+00      0.131007D+01      0.195950D+02     -0.481982D+01
      0.278500D+02      0.574527D+00     -0.809017D+00      0.171015D+01      0.195947D+02     -0.481820D+01
      0.279000D+02      0.797928D+00     -0.587785D+00      0.235752D+01      0.195945D+02     -0.481658D+01
      0.279500D+02      0.943233D+00     -0.309017D+00      0.405236D+01      0.195942D+02     -0.481497D+01
      0.280000D+02      0.996220D+00      0.164160D-11      0.606858D+12      0.195940D+02     -0.481336D+01
      0.280500D+02      0.951705D+00      0.309017D+00      0.207978D+01      0.195937D+02     -0.481175D+01
      0.281000D+02      0.814046D+00      0.587785D+00      0.384938D+00      0.195934D+02     -0.481014D+01
      0.281500D+02      0.596718D+00      0.809017D+00      0.262416D+00      0.195932D+02     -0.480854D+01
      0.282000D+02      0.320991D+00      0.951057D+00      0.662490D+00      0.195929D+02     -0.480693D+01
      0.282500D+02      0.138517D-01      0.100000D+01      0.986148D+00      0.195927D+02     -0.480533D+01
      0.283000D+02     -0.294639D+00      0.951057D+00      0.130980D+01      0.195924D+02     -0.480374D+01
      0.283500D+02     -0.574289D+00      0.809017D+00      0.170986D+01      0.195922D+02     -0.480214D+01
      0.284000D+02     -0.797729D+00      0.587785D+00      0.235718D+01      0.195919D+02     -0.480055D+01
      0.284500D+02     -0.943091D+00      0.309017D+00      0.405191D+01      0.195916D+02     -0.479896D+01
      0.285000D+02     -0.996150D+00     -0.168766D-11      0.590254D+12      0.195914D+02     -0.479738D+01
      0.285500D+02     -0.951715D+00     -0.309017D+00      0.207981D+01      0.195911D+02     -0.479579D+01
      0.286000D+02     -0.814134D+00     -0.587785D+00      0.385087D+00      0.195909D+02     -0.479421D+01
      0.286500D+02     -0.596875D+00     -0.809017D+00      0.262222D+00      0.195906D+02     -0.479263D+01
      0.287000D+02     -0.321202D+00     -0.951057D+00      0.662269D+00      0.195903D+02     -0.479106D+01
      0.287500D+02     -0.140959D-01     -0.100000D+01      0.985904D+00      0.195901D+02     -0.478948D+01
      0.288000D+02      0.294385D+00     -0.951057D+00      0.130954D+01      0.195898D+02     -0.478791D+01
      0.288500D+02      0.574051D+00     -0.809017D+00      0.170957D+01      0.195896D+02     -0.478634D+01
      0.289000D+02      0.797529D+00     -0.587785D+00      0.235684D+01      0.195893D+02     -0.478478D+01
      0.289500D+02      0.942950D+00     -0.309017D+00      0.405145D+01      0.195891D+02     -0.478321D+01
      0.290000D+02      0.996081D+00      0.173373D-11      0.574532D+12      0.195888D+02     -0.478165D+01
      0.290500D+02      0.951724D+00      0.309017D+00      0.207984D+01      0.195885D+02     -0.478009D+01
      0.291000D+02      0.814221D+00      0.587785D+00      0.385236D+00      0.195883D+02     -0.477854D+01
      0.291500D+02      0.597032D+00      0.809017D+00      0.262028D+00      0.195880D+02     -0.477698D+01
      0.292000D+02      0.321413D+00      0.951057D+00      0.662047D+00      0.195878D+02     -0.477543D+01
      0.292500D+02      0.143401D-01      0.100000D+01      0.985660D+00      0.195875D+02     -0.477388D+01
      0.293000D+02     -0.294132D+00      0.951057D+00      0.130927D+01      0.195872D+02     -0.477233D+01
      0.293500D+02     -0.573813D+00      0.809017D+00      0.170927D+01      0.195870D+02     -0.477079D+01
      0.294000D+02     -0.797330D+00      0.587785D+00      0.235650D+01      0.195867D+02     -0.476925D+01
      0.294500D+02     -0.942809D+00      0.309017D+00      0.405099D+01      0.195865D+02     -0.476771D+01
      0.295000D+02     -0.996012D+00     -0.177979D-11      0.559624D+12      0.195862D+02     -0.476617D+01
      0.295500D+02     -0.951734D+00     -0.309017D+00      0.207988D+01      0.195860D+02     -0.476464D+01
      0.296000D+02     -0.814309D+00     -0.587785D+00      0.385385D+00      0.195857D+02     -0.476310D+01
      0.296500D+02     -0.597188D+00     -0.809017D+00      0.261834D+00      0.195854D+02     -0.476157D+01
      0.297000D+02     -0.321623D+00     -0.951057D+00      0.661825D+00      0.195852D+02     -0.476005D+01
      0.297500D+02     -0.145843D-01     -0.100000D+01      0.985416D+00      0.195849D+02     -0.475852D+01
      0.298000D+02      0.293878D+00     -0.951057D+00      0.130900D+01      0.195847D+02     -0.475700D+01
      0.298500D+02      0.573574D+00     -0.809017D+00      0.170898D+01      0.195844D+02     -0.475548D+01
      0.299000D+02      0.797130D+00     -0.587785D+00      0.235616D+01      0.195841D+02     -0.475396D+01
      0.299500D+02      0.942668D+00     -0.309017D+00      0.405054D+01      0.195839D+02     -0.475244D+01
      0.300000D+02      0.995943D+00      0.182585D-11      0.545467D+12      0.195836D+02     -0.475093D+01
