              #h    forward_diff       rel_error    central_diff       rel_error   extrapol_diff       rel_error
    0.100000E+00    0.130986E+01    0.171573E+00    0.163692E+01    0.106186E+01    0.157948E+01    0.104627E-02
    0.800000E-01    0.135045E+01    0.145898E+00    0.161521E+01    0.106186E+01    0.158051E+01    0.396579E-03
    0.640000E-01    0.138658E+01    0.123047E+00    0.160234E+01    0.106186E+01    0.158089E+01    0.155026E-03
    0.512000E-01    0.141829E+01    0.102992E+00    0.159448E+01    0.106186E+01    0.158104E+01    0.616938E-04
    0.409600E-01    0.144577E+01    0.856164E-01    0.158958E+01    0.106186E+01    0.158110E+01    0.248178E-04
    0.327680E-01    0.146929E+01    0.707399E-01    0.158651E+01    0.106186E+01    0.158112E+01    0.100502E-04
    0.262144E-01    0.148922E+01    0.581373E-01    0.158456E+01    0.106186E+01    0.158113E+01    0.408692E-05
    0.209715E-01    0.150594E+01    0.475603E-01    0.158332E+01    0.106186E+01    0.158114E+01    0.166632E-05
    0.167772E-01    0.151986E+01    0.387550E-01    0.158253E+01    0.106186E+01    0.158114E+01    0.680525E-06
    0.134218E-01    0.153137E+01    0.314754E-01    0.158203E+01    0.106186E+01    0.158114E+01    0.278221E-06
    0.107374E-01    0.154083E+01    0.254924E-01    0.158171E+01    0.106186E+01    0.158114E+01    0.113823E-06
    0.858993E-02    0.154857E+01    0.205992E-01    0.158150E+01    0.106186E+01    0.158114E+01    0.465863E-07
    0.687195E-02    0.155487E+01    0.166138E-01    0.158137E+01    0.106186E+01    0.158114E+01    0.190724E-07
    0.549756E-02    0.155999E+01    0.133786E-01    0.158129E+01    0.106186E+01    0.158114E+01    0.780961E-08
    0.439805E-02    0.156413E+01    0.107598E-01    0.158123E+01    0.106186E+01    0.158114E+01    0.319818E-08
    0.351844E-02    0.156747E+01    0.864467E-02    0.158120E+01    0.106186E+01    0.158114E+01    0.130978E-08
    0.281475E-02    0.157017E+01    0.693955E-02    0.158118E+01    0.106186E+01    0.158114E+01    0.536472E-09
    0.225180E-02    0.157234E+01    0.556700E-02    0.158116E+01    0.106186E+01    0.158114E+01    0.219743E-09
    0.180144E-02    0.157408E+01    0.446349E-02    0.158115E+01    0.106186E+01    0.158114E+01    0.899328E-10
    0.144115E-02    0.157548E+01    0.357715E-02    0.158115E+01    0.106186E+01    0.158114E+01    0.368480E-10
    0.115292E-02    0.157661E+01    0.286581E-02    0.158115E+01    0.106186E+01    0.158114E+01    0.151442E-10
    0.922337E-03    0.157751E+01    0.229527E-02    0.158114E+01    0.106186E+01    0.158114E+01    0.620912E-11
    0.737870E-03    0.157823E+01    0.183790E-02    0.158114E+01    0.106186E+01    0.158114E+01    0.252977E-11
    0.590296E-03    0.157881E+01    0.147140E-02    0.158114E+01    0.106186E+01    0.158114E+01    0.109833E-11
    0.472237E-03    0.157928E+01    0.117781E-02    0.158114E+01    0.106186E+01    0.158114E+01    0.617766E-12
    0.377789E-03    0.157965E+01    0.942693E-03    0.158114E+01    0.106186E+01    0.158114E+01    0.252078E-12
    0.302231E-03    0.157995E+01    0.754439E-03    0.158114E+01    0.106186E+01    0.158114E+01    0.166975E-12
    0.241785E-03    0.158018E+01    0.603733E-03    0.158114E+01    0.106186E+01    0.158114E+01    0.217672E-13
    0.193428E-03    0.158037E+01    0.483103E-03    0.158114E+01    0.106186E+01    0.158114E+01    0.219076E-13
    0.154743E-03    0.158053E+01    0.386557E-03    0.158114E+01    0.106186E+01    0.158114E+01    0.294348E-12
    0.123794E-03    0.158065E+01    0.309294E-03    0.158114E+01    0.106186E+01    0.158114E+01    0.273143E-12
    0.990352E-04    0.158075E+01    0.247465E-03    0.158114E+01    0.106186E+01    0.158114E+01    0.648802E-12
    0.792282E-04    0.158083E+01    0.197992E-03    0.158114E+01    0.106186E+01    0.158114E+01    0.205735E-12
    0.633825E-04    0.158089E+01    0.158406E-03    0.158114E+01    0.106186E+01    0.158114E+01    0.575075E-12
    0.507060E-04    0.158094E+01    0.126733E-03    0.158114E+01    0.106186E+01    0.158114E+01    0.212054E-13
    0.405648E-04    0.158098E+01    0.101391E-03    0.158114E+01    0.106186E+01    0.158114E+01    0.123300E-11
    0.324519E-04    0.158101E+01    0.811165E-04    0.158114E+01    0.106186E+01    0.158114E+01    0.944414E-12
    0.259615E-04    0.158104E+01    0.648953E-04    0.158114E+01    0.106186E+01    0.158114E+01    0.275179E-11
    0.207692E-04    0.158106E+01    0.519176E-04    0.158114E+01    0.106186E+01    0.158114E+01    0.173758E-11
    0.166153E-04    0.158107E+01    0.415349E-04    0.158114E+01    0.106186E+01    0.158114E+01    0.150250E-11
    0.132923E-04    0.158109E+01    0.332285E-04    0.158114E+01    0.106186E+01    0.158114E+01    0.255898E-11
    0.106338E-04    0.158110E+01    0.265831E-04    0.158114E+01    0.106186E+01    0.158114E+01    0.409981E-11
    0.850706E-05    0.158111E+01    0.212667E-04    0.158114E+01    0.106186E+01    0.158114E+01    0.525459E-11
    0.680565E-05    0.158111E+01    0.170135E-04    0.158114E+01    0.106186E+01    0.158114E+01    0.437506E-11
    0.544452E-05    0.158112E+01    0.136109E-04    0.158114E+01    0.106186E+01    0.158114E+01    0.422283E-11
    0.435561E-05    0.158112E+01    0.108888E-04    0.158114E+01    0.106186E+01    0.158114E+01    0.156599E-10
    0.348449E-05    0.158113E+01    0.871108E-05    0.158114E+01    0.106186E+01    0.158114E+01    0.143165E-10
    0.278759E-05    0.158113E+01    0.696888E-05    0.158114E+01    0.106186E+01    0.158114E+01    0.424081E-11
    0.223007E-05    0.158113E+01    0.557513E-05    0.158114E+01    0.106186E+01    0.158114E+01    0.252317E-10
    0.178406E-05    0.158113E+01    0.446011E-05    0.158114E+01    0.106186E+01    0.158114E+01    0.134243E-10
    0.142725E-05    0.158113E+01    0.356808E-05    0.158114E+01    0.106186E+01    0.158114E+01    0.347432E-10
    0.114180E-05    0.158113E+01    0.285449E-05    0.158114E+01    0.106186E+01    0.158114E+01    0.329030E-10
    0.913439E-06    0.158114E+01    0.228358E-05    0.158114E+01    0.106186E+01    0.158114E+01    0.362808E-10
    0.730751E-06    0.158114E+01    0.182689E-05    0.158114E+01    0.106186E+01    0.158114E+01    0.501987E-10
    0.584601E-06    0.158114E+01    0.146152E-05    0.158114E+01    0.106186E+01    0.158114E+01    0.138603E-10
    0.467681E-06    0.158114E+01    0.116923E-05    0.158114E+01    0.106186E+01    0.158114E+01    0.128966E-09
    0.374144E-06    0.158114E+01    0.935371E-06    0.158114E+01    0.106186E+01    0.158114E+01    0.166501E-09
    0.299316E-06    0.158114E+01    0.748284E-06    0.158114E+01    0.106186E+01    0.158114E+01    0.570253E-10
    0.239452E-06    0.158114E+01    0.598674E-06    0.158114E+01    0.106186E+01    0.158114E+01    0.167791E-09
    0.191562E-06    0.158114E+01    0.478923E-06    0.158114E+01    0.106186E+01    0.158114E+01    0.277017E-10
    0.153250E-06    0.158114E+01    0.383208E-06    0.158114E+01    0.106186E+01    0.158114E+01    0.639352E-10
    0.122600E-06    0.158114E+01    0.306462E-06    0.158114E+01    0.106186E+01    0.158114E+01    0.146066E-09
    0.980797E-07    0.158114E+01    0.245180E-06    0.158114E+01    0.106186E+01    0.158114E+01    0.498257E-09
    0.784638E-07    0.158114E+01    0.196319E-06    0.158114E+01    0.106186E+01    0.158114E+01    0.707065E-09
    0.627710E-07    0.158114E+01    0.156943E-06    0.158114E+01    0.106186E+01    0.158114E+01    0.182847E-08
    0.502168E-07    0.158114E+01    0.125482E-06    0.158114E+01    0.106186E+01    0.158114E+01    0.336977E-09
    0.401735E-07    0.158114E+01    0.100663E-06    0.158114E+01    0.106186E+01    0.158114E+01    0.100303E-08
    0.321388E-07    0.158114E+01    0.803442E-07    0.158114E+01    0.106186E+01    0.158114E+01    0.963286E-09
    0.257110E-07    0.158114E+01    0.642314E-07    0.158114E+01    0.106186E+01    0.158114E+01    0.529538E-10
    0.205688E-07    0.158114E+01    0.516005E-07    0.158114E+01    0.106186E+01    0.158114E+01    0.188150E-08
    0.164550E-07    0.158114E+01    0.413593E-07    0.158114E+01    0.106186E+01    0.158114E+01    0.437703E-08
    0.131640E-07    0.158114E+01    0.338917E-07    0.158114E+01    0.106186E+01    0.158114E+01    0.433513E-08
    0.105312E-07    0.158114E+01    0.265575E-07    0.158114E+01    0.106186E+01    0.158114E+01    0.433258E-08
    0.842498E-08    0.158114E+01    0.198900E-07    0.158114E+01    0.106186E+01    0.158114E+01    0.322134E-08
    0.673999E-08    0.158114E+01    0.167646E-07    0.158114E+01    0.106186E+01    0.158114E+01    0.287407E-08
    0.539199E-08    0.158114E+01    0.128579E-07    0.158114E+01    0.106186E+01    0.158114E+01    0.884609E-08
    0.431359E-08    0.158114E+01    0.634671E-08    0.158114E+01    0.106186E+01    0.158114E+01    0.905971E-08
    0.345087E-08    0.158114E+01    0.104162E-07    0.158114E+01    0.106186E+01    0.158114E+01    0.133225E-07
    0.276070E-08    0.158114E+01    0.242461E-09    0.158114E+01    0.106186E+01    0.158114E+01    0.242462E-09
    0.220856E-08    0.158114E+01    0.660106E-08    0.158114E+01    0.106186E+01    0.158114E+01    0.357896E-07
    0.176685E-08    0.158114E+01    0.262694E-08    0.158114E+01    0.106186E+01    0.158114E+01    0.291211E-07
    0.141348E-08    0.158114E+01    0.125622E-07    0.158114E+01    0.106186E+01    0.158114E+01    0.536731E-07
    0.113078E-08    0.158114E+01    0.606646E-08    0.158114E+01    0.106186E+01    0.158114E+01    0.371143E-07
    0.904626E-09    0.158114E+01    0.172194E-07    0.158114E+01    0.106186E+01    0.158114E+01    0.819024E-07
    0.723701E-09    0.158114E+01    0.118879E-07    0.158114E+01    0.106186E+01    0.158114E+01    0.927417E-07
    0.578960E-09    0.158114E+01    0.118879E-07    0.158114E+01    0.106186E+01    0.158114E+01    0.118879E-07
    0.463168E-09    0.158114E+01    0.327215E-08    0.158114E+01    0.106186E+01    0.158114E+01    0.725282E-07
    0.370535E-09    0.158114E+01    0.346280E-07    0.158114E+01    0.106186E+01    0.158114E+01    0.218040E-06
    0.296428E-09    0.158114E+01    0.127472E-07    0.158114E+01    0.106186E+01    0.158114E+01    0.303088E-06
    0.237142E-09    0.158114E+01    0.127472E-07    0.158114E+01    0.106186E+01    0.158114E+01    0.127472E-07
    0.189714E-09    0.158114E+01    0.497591E-07    0.158114E+01    0.106186E+01    0.158114E+01    0.135300E-06
    0.151771E-09    0.158114E+01    0.427707E-07    0.158114E+01    0.106186E+01    0.158114E+01    0.574094E-06
    0.121417E-09    0.158114E+01    0.150604E-07    0.158114E+01    0.106186E+01    0.158114E+01    0.466865E-06
    0.971334E-10    0.158114E+01    0.129517E-06    0.158114E+01    0.106186E+01    0.158114E+01    0.109337E-05
    0.777068E-10    0.158114E+01    0.512049E-07    0.158114E+01    0.106186E+01    0.158114E+01    0.125602E-05
    0.621654E-10    0.158114E+01    0.174698E-06    0.158114E+01    0.106186E+01    0.158114E+01    0.133132E-05
    0.497323E-10    0.158114E+01    0.335086E-07    0.158114E+01    0.106186E+01    0.158114E+01    0.739455E-06
    0.397859E-10    0.158114E+01    0.142978E-06    0.158114E+01    0.106186E+01    0.158114E+01    0.739455E-06
    0.318287E-10    0.158114E+01    0.776303E-07    0.158114E+01    0.106186E+01    0.158114E+01    0.102541E-05
    0.254629E-10    0.158114E+01    0.776303E-07    0.158114E+01    0.106186E+01    0.158114E+01    0.776303E-07
    0.203704E-10    0.158114E+01    0.611770E-06    0.158114E+01    0.106186E+01    0.158115E+01    0.398423E-05
    0.162963E-10    0.158114E+01    0.104265E-05    0.158114E+01    0.106186E+01    0.158114E+01    0.111173E-05
    0.130370E-10    0.158114E+01    0.504051E-06    0.158114E+01    0.106186E+01    0.158113E+01    0.499234E-05
    0.104296E-10    0.158114E+01    0.842434E-06    0.158114E+01    0.106186E+01    0.158113E+01    0.813413E-05
    0.834370E-11    0.158114E+01    0.842434E-06    0.158114E+01    0.106186E+01    0.158114E+01    0.842434E-06
    0.667496E-11    0.158114E+01    0.189438E-05    0.158113E+01    0.106186E+01    0.158113E+01    0.336533E-05
    0.533997E-11    0.158114E+01    0.189438E-05    0.158114E+01    0.106186E+01    0.158114E+01    0.189438E-05
    0.427197E-11    0.158114E+01    0.189438E-05    0.158114E+01    0.106186E+01    0.158114E+01    0.189438E-05
    0.341758E-11    0.158114E+01    0.189438E-05    0.158114E+01    0.106186E+01    0.158114E+01    0.189438E-05
    0.273406E-11    0.158114E+01    0.673841E-06    0.158116E+01    0.106186E+01    0.158116E+01    0.121672E-04
    0.218725E-11    0.158114E+01    0.673841E-06    0.158114E+01    0.106186E+01    0.158114E+01    0.673841E-06
    0.174980E-11    0.158114E+01    0.673841E-06    0.158114E+01    0.106186E+01    0.158114E+01    0.673841E-06
    0.139984E-11    0.158114E+01    0.673841E-06    0.158114E+01    0.106186E+01    0.158114E+01    0.673841E-06
    0.111987E-11    0.158116E+01    0.118663E-04    0.158116E+01    0.106186E+01    0.158103E+01    0.717345E-04
    0.895898E-12    0.158113E+01    0.380887E-05    0.158113E+01    0.106186E+01    0.158113E+01    0.380887E-05
    0.716718E-12    0.158110E+01    0.234028E-04    0.158110E+01    0.106186E+01    0.158131E+01    0.107223E-03
    0.573375E-12    0.158118E+01    0.255820E-04    0.158118E+01    0.106186E+01    0.158118E+01    0.255820E-04
    0.458700E-12    0.158111E+01    0.203413E-04    0.158099E+01    0.106186E+01    0.158099E+01    0.968801E-04
    0.366960E-12    0.158111E+01    0.203413E-04    0.158111E+01    0.106186E+01    0.158111E+01    0.203413E-04
    0.293568E-12    0.158118E+01    0.274955E-04    0.158118E+01    0.106186E+01    0.158068E+01    0.291416E-03
    0.234854E-12    0.158104E+01    0.621984E-04    0.158128E+01    0.106186E+01    0.158065E+01    0.311348E-03
    0.187883E-12    0.158098E+01    0.995709E-04    0.158128E+01    0.106186E+01    0.158128E+01    0.872915E-04
    0.150307E-12    0.158106E+01    0.528553E-04    0.158069E+01    0.106186E+01    0.158069E+01    0.286433E-03
    0.120245E-12    0.158115E+01    0.553918E-05    0.158069E+01    0.106186E+01    0.158069E+01    0.286433E-03
    0.961963E-13    0.158115E+01    0.553918E-05    0.158115E+01    0.106186E+01    0.158115E+01    0.553918E-05
    0.769570E-13    0.158115E+01    0.553918E-05    0.158115E+01    0.106186E+01    0.158115E+01    0.553918E-05
    0.615656E-13    0.158061E+01    0.336616E-03    0.158151E+01    0.106186E+01    0.157910E+01    0.128705E-02
    0.492525E-13    0.158128E+01    0.910780E-04    0.158241E+01    0.106186E+01    0.158241E+01    0.803901E-03
    0.394020E-13    0.158072E+01    0.265334E-03    0.158072E+01    0.106186E+01    0.158448E+01    0.211074E-02
    0.315216E-13    0.158142E+01    0.180181E-03    0.158142E+01    0.106186E+01    0.158612E+01    0.315028E-02
    0.252173E-13    0.158054E+01    0.376712E-03    0.158054E+01    0.106186E+01    0.157467E+01    0.408933E-02
    0.201738E-13    0.158219E+01    0.667462E-03    0.157944E+01    0.106186E+01    0.157944E+01    0.107283E-02
    0.161391E-13    0.158219E+01    0.667462E-03    0.158219E+01    0.106186E+01    0.158219E+01    0.667462E-03
    0.129112E-13    0.158219E+01    0.667462E-03    0.158219E+01    0.106186E+01    0.158219E+01    0.667462E-03
    0.103290E-13    0.158004E+01    0.692140E-03    0.158004E+01    0.106186E+01    0.159438E+01    0.837188E-02
