   #x=   1.00
             #h           3-point     Error             5-point          Error
        0.3140E+00     -0.5359E+00    0.818995E-02       -0.54E+00        0.11E-03
        0.2983E+00     -0.5363E+00    0.739390E-02       -0.54E+00        0.87E-04
        0.2834E+00     -0.5367E+00    0.667375E-02       -0.54E+00        0.73E-04
        0.2692E+00     -0.5370E+00    0.602597E-02       -0.54E+00        0.59E-04
        0.2558E+00     -0.5374E+00    0.543996E-02       -0.54E+00        0.49E-04
        0.2430E+00     -0.5376E+00    0.491397E-02       -0.54E+00        0.42E-04
        0.2308E+00     -0.5379E+00    0.443034E-02       -0.54E+00        0.33E-04
        0.2193E+00     -0.5381E+00    0.400672E-02       -0.54E+00        0.29E-04
        0.2083E+00     -0.5383E+00    0.361840E-02       -0.54E+00        0.28E-04
        0.1979E+00     -0.5385E+00    0.326186E-02       -0.54E+00        0.21E-04
        0.1880E+00     -0.5387E+00    0.294062E-02       -0.54E+00        0.15E-04
        0.1786E+00     -0.5389E+00    0.266173E-02       -0.54E+00        0.21E-04
        0.1697E+00     -0.5390E+00    0.239344E-02       -0.54E+00        0.19E-04
        0.1612E+00     -0.5391E+00    0.216045E-02       -0.54E+00        0.42E-05
        0.1531E+00     -0.5392E+00    0.195570E-02       -0.54E+00        0.14E-04
        0.1455E+00     -0.5394E+00    0.175802E-02       -0.54E+00        0.67E-05
        0.1382E+00     -0.5394E+00    0.158857E-02       -0.54E+00        0.64E-05
        0.1313E+00     -0.5395E+00    0.144030E-02       -0.54E+00        0.88E-05
        0.1247E+00     -0.5396E+00    0.132028E-02       -0.54E+00        0.12E-04
        0.1185E+00     -0.5397E+00    0.117907E-02       -0.54E+00        0.16E-04
        0.1126E+00     -0.5397E+00    0.106611E-02       -0.54E+00        0.14E-04
        0.1069E+00     -0.5398E+00    0.967261E-03       -0.54E+00        0.36E-05
        0.1016E+00     -0.5398E+00    0.882538E-03       -0.54E+00        0.31E-04
        0.9651E-01     -0.5399E+00    0.797814E-03       -0.54E+00        0.19E-04
        0.9168E-01     -0.5399E+00    0.684849E-03       -0.54E+00        0.14E-04
        0.8710E-01     -0.5399E+00    0.656608E-03       -0.54E+00        0.22E-04
        0.8275E-01     -0.5400E+00    0.571884E-03       -0.54E+00        0.77E-05
        0.7861E-01     -0.5400E+00    0.515402E-03       -0.54E+00        0.25E-05
        0.7468E-01     -0.5401E+00    0.458920E-03       -0.54E+00        0.51E-04
        0.7094E-01     -0.5401E+00    0.402437E-03       -0.54E+00        0.39E-04
        0.6740E-01     -0.5401E+00    0.402437E-03       -0.54E+00        0.37E-04
        0.6403E-01     -0.5401E+00    0.374196E-03       -0.54E+00        0.78E-05
        0.6083E-01     -0.5401E+00    0.317714E-03       -0.54E+00        0.35E-04
        0.5778E-01     -0.5401E+00    0.317714E-03       -0.54E+00        0.21E-04
        0.5489E-01     -0.5402E+00    0.261231E-03       -0.54E+00        0.57E-04
        0.5215E-01     -0.5401E+00    0.317714E-03       -0.54E+00        0.90E-04
        0.4954E-01     -0.5402E+00    0.261231E-03       -0.54E+00        0.56E-04
        0.4707E-01     -0.5402E+00    0.204749E-03       -0.54E+00        0.33E-05
        0.4471E-01     -0.5402E+00    0.261231E-03       -0.54E+00        0.27E-03
        0.4248E-01     -0.5402E+00    0.148266E-03       -0.54E+00        0.20E-03
        0.4035E-01     -0.5402E+00    0.148266E-03       -0.54E+00        0.40E-04
        0.3834E-01     -0.5402E+00    0.148266E-03       -0.54E+00        0.92E-04
        0.3642E-01     -0.5402E+00    0.261231E-03       -0.54E+00        0.11E-03
        0.3460E-01     -0.5403E+00    0.353015E-04       -0.54E+00        0.27E-03
        0.3287E-01     -0.5402E+00    0.261231E-03       -0.54E+00        0.49E-04
        0.3122E-01     -0.5403E+00    0.353015E-04       -0.54E+00        0.43E-04
        0.2966E-01     -0.5402E+00    0.261231E-03       -0.54E+00        0.34E-03
        0.2818E-01     -0.5400E+00    0.487161E-03       -0.54E+00        0.51E-03
        0.2677E-01     -0.5403E+00    0.353015E-04       -0.54E+00        0.81E-04
        0.2543E-01     -0.5400E+00    0.487161E-03       -0.54E+00        0.30E-03
        0.2416E-01     -0.5403E+00    0.353015E-04       -0.54E+00        0.15E-03
        0.2295E-01     -0.5403E+00    0.353015E-04       -0.54E+00        0.46E-03
        0.2181E-01     -0.5400E+00    0.487161E-03       -0.54E+00        0.14E-03
        0.2071E-01     -0.5400E+00    0.487161E-03       -0.54E+00        0.44E-03
        0.1968E-01     -0.5403E+00    0.353015E-04       -0.54E+00        0.32E-03
        0.1870E-01     -0.5403E+00    0.353015E-04       -0.54E+00        0.61E-04
        0.1776E-01     -0.5396E+00    0.139088E-02       -0.54E+00        0.12E-02
        0.1687E-01     -0.5403E+00    0.353015E-04       -0.54E+00        0.72E-03
        0.1603E-01     -0.5400E+00    0.487161E-03       -0.54E+00        0.15E-02
        0.1523E-01     -0.5396E+00    0.139088E-02       -0.54E+00        0.24E-03
        0.1447E-01     -0.5400E+00    0.487161E-03       -0.54E+00        0.48E-03
        0.1374E-01     -0.5405E+00    0.416558E-03       -0.54E+00        0.20E-04
        0.1306E-01     -0.5396E+00    0.139088E-02       -0.54E+00        0.68E-03
        0.1240E-01     -0.5396E+00    0.139088E-02       -0.54E+00        0.17E-02
        0.1178E-01     -0.5396E+00    0.139088E-02       -0.54E+00        0.19E-02
        0.1119E-01     -0.5391E+00    0.229460E-02       -0.54E+00        0.21E-02
        0.1063E-01     -0.5400E+00    0.487161E-03       -0.54E+00        0.99E-03
        0.1010E-01     -0.5400E+00    0.487161E-03       -0.54E+00        0.26E-02
        0.9597E-02     -0.5381E+00    0.410204E-02       -0.54E+00        0.35E-02
        0.9117E-02     -0.5391E+00    0.229460E-02       -0.54E+00        0.20E-02
        0.8661E-02     -0.5400E+00    0.487161E-03       -0.54E+00        0.39E-02
        0.8228E-02     -0.5391E+00    0.229460E-02       -0.54E+00        0.62E-03
        0.7817E-02     -0.5371E+00    0.590947E-02       -0.54E+00        0.34E-02
        0.7426E-02     -0.5371E+00    0.590947E-02       -0.54E+00        0.78E-02
        0.7055E-02     -0.5391E+00    0.229460E-02       -0.54E+00        0.70E-02
        0.6702E-02     -0.5391E+00    0.229460E-02       -0.54E+00        0.45E-02
        0.6367E-02     -0.5410E+00    0.132028E-02       -0.54E+00        0.15E-02
        0.6048E-02     -0.5371E+00    0.590947E-02       -0.54E+00        0.29E-02
        0.5746E-02     -0.5332E+00    0.131392E-01       -0.53E+00        0.11E-01
        0.5459E-02     -0.5352E+00    0.952435E-02       -0.54E+00        0.29E-02
        0.5186E-02     -0.5391E+00    0.229460E-02       -0.53E+00        0.15E-01
        0.4927E-02     -0.5391E+00    0.229460E-02       -0.54E+00        0.61E-02
        0.4680E-02     -0.5352E+00    0.952435E-02       -0.54E+00        0.62E-02
        0.4446E-02     -0.5391E+00    0.229460E-02       -0.53E+00        0.18E-01
        0.4224E-02     -0.5391E+00    0.229460E-02       -0.54E+00        0.58E-02
        0.4013E-02     -0.5391E+00    0.229460E-02       -0.53E+00        0.13E-01
        0.3812E-02     -0.5312E+00    0.167541E-01       -0.53E+00        0.28E-01
        0.3621E-02     -0.5312E+00    0.167541E-01       -0.53E+00        0.13E-01
        0.3440E-02     -0.5469E+00    0.121649E-01       -0.54E+00        0.58E-02
        0.3268E-02     -0.5391E+00    0.229460E-02       -0.54E+00        0.86E-02
        0.3105E-02     -0.5312E+00    0.167541E-01       -0.53E+00        0.24E-01
        0.2950E-02     -0.5312E+00    0.167541E-01       -0.53E+00        0.19E-01
        0.2802E-02     -0.5469E+00    0.121649E-01       -0.53E+00        0.26E-01
        0.2662E-02     -0.5156E+00    0.456731E-01       -0.52E+00        0.45E-01
        0.2529E-02     -0.5469E+00    0.121649E-01       -0.55E+00        0.12E-01
        0.2403E-02     -0.5312E+00    0.167541E-01       -0.55E+00        0.19E-01
        0.2282E-02     -0.5312E+00    0.167541E-01       -0.52E+00        0.40E-01
        0.2168E-02     -0.5312E+00    0.167541E-01       -0.54E+00        0.11E-02
        0.2060E-02     -0.5312E+00    0.167541E-01       -0.52E+00        0.29E-01
        0.1957E-02     -0.5625E+00    0.410839E-01       -0.54E+00        0.13E-02
        0.1859E-02     -0.5625E+00    0.410839E-01       -0.55E+00        0.21E-01
        0.1766E-02     -0.5312E+00    0.167541E-01       -0.51E+00        0.57E-01
        0.1678E-02     -0.5000E+00    0.745921E-01       -0.51E+00        0.59E-01
        0.1594E-02     -0.5625E+00    0.410839E-01       -0.50E+00        0.74E-01
        0.1514E-02     -0.5000E+00    0.745921E-01       -0.55E+00        0.26E-01
        0.1438E-02     -0.5312E+00    0.167541E-01       -0.54E+00        0.48E-02
        0.1367E-02     -0.5000E+00    0.745921E-01       -0.51E+00        0.55E-01
        0.1298E-02     -0.4375E+00    0.190268E+00       -0.38E+00        0.30E+00
        0.1233E-02     -0.4375E+00    0.190268E+00       -0.52E+00        0.33E-01
        0.1172E-02     -0.5000E+00    0.745921E-01       -0.46E+00        0.14E+00
        0.1113E-02     -0.5000E+00    0.745921E-01       -0.51E+00        0.50E-01
        0.1057E-02     -0.4375E+00    0.190268E+00       -0.43E+00        0.21E+00
        0.1005E-02     -0.3750E+00    0.305944E+00       -0.47E+00        0.13E+00
        0.9543E-03     -0.5000E+00    0.745921E-01       -0.35E+00        0.35E+00
        0.9066E-03     -0.3750E+00    0.305944E+00       -0.39E+00        0.28E+00
        0.8613E-03     -0.5000E+00    0.745921E-01       -0.43E+00        0.21E+00
        0.8182E-03     -0.5000E+00    0.745921E-01       -0.47E+00        0.12E+00
        0.7773E-03     -0.3750E+00    0.305944E+00       -0.53E+00        0.26E-01
        0.7384E-03     -0.5000E+00    0.745921E-01       -0.29E+00        0.46E+00
        0.7015E-03     -0.5000E+00    0.745921E-01       -0.65E+00        0.20E+00
        0.6664E-03     -0.5000E+00    0.745921E-01       -0.72E+00        0.32E+00
        0.6331E-03     -0.2500E+00    0.537296E+00        0.00E+00        0.10E+01
        0.6015E-03     -0.2500E+00    0.537296E+00        0.00E+00        0.10E+01
        0.5714E-03     -0.5000E+00    0.745921E-01       -0.49E+00        0.99E-01
        0.5428E-03     -0.7500E+00    0.388112E+00       -0.54E+00        0.16E-02
        0.5157E-03      0.0000E+00    0.100000E+01        0.00E+00        0.10E+01
        0.4899E-03     -0.5000E+00    0.745921E-01       -0.66E+00        0.23E+00
        0.4654E-03      0.0000E+00    0.100000E+01        0.00E+00        0.10E+01
        0.4421E-03      0.0000E+00    0.100000E+01        0.00E+00        0.10E+01
        0.4200E-03      0.0000E+00    0.100000E+01        0.00E+00        0.10E+01
        0.3990E-03      0.0000E+00    0.100000E+01        0.00E+00        0.10E+01
        0.3791E-03      0.0000E+00    0.100000E+01        0.00E+00        0.10E+01
        0.3601E-03      0.0000E+00    0.100000E+01        0.00E+00        0.10E+01
        0.3421E-03      0.0000E+00    0.100000E+01        0.00E+00        0.10E+01
        0.3250E-03      0.0000E+00    0.100000E+01        0.00E+00        0.10E+01
        0.3088E-03      0.0000E+00    0.100000E+01        0.00E+00        0.10E+01
        0.2933E-03      0.0000E+00    0.100000E+01        0.00E+00        0.10E+01
        0.2787E-03      0.0000E+00    0.100000E+01        0.00E+00        0.10E+01
        0.2647E-03      0.0000E+00    0.100000E+01        0.00E+00        0.10E+01
        0.2515E-03      0.0000E+00    0.100000E+01        0.00E+00        0.10E+01
        0.2389E-03      0.0000E+00    0.100000E+01        0.00E+00        0.10E+01
        0.2270E-03      0.0000E+00    0.100000E+01        0.00E+00        0.10E+01
        0.2156E-03      0.0000E+00    0.100000E+01        0.00E+00        0.10E+01
        0.2048E-03      0.0000E+00    0.100000E+01        0.00E+00        0.10E+01
        0.1946E-03      0.4000E+01    0.840326E+01        0.42E+01        0.88E+01
        0.1849E-03      0.0000E+00    0.100000E+01        0.00E+00        0.10E+01
        0.1756E-03      0.0000E+00    0.100000E+01        0.00E+00        0.10E+01
        0.1668E-03      0.0000E+00    0.100000E+01        0.00E+00        0.10E+01
        0.1585E-03      0.0000E+00    0.100000E+01        0.00E+00        0.10E+01
        0.1506E-03      0.0000E+00    0.100000E+01        0.00E+00        0.10E+01
        0.1430E-03      0.0000E+00    0.100000E+01        0.00E+00        0.10E+01
        0.1359E-03      0.0000E+00    0.100000E+01        0.00E+00        0.10E+01
        0.1291E-03      0.0000E+00    0.100000E+01        0.00E+00        0.10E+01
        0.1226E-03      0.0000E+00    0.100000E+01        0.00E+00        0.10E+01
        0.1165E-03      0.8000E+01    0.158065E+02        0.12E+02        0.23E+02
        0.1107E-03      0.8000E+01    0.158065E+02        0.13E+02        0.25E+02
        0.1052E-03      0.0000E+00    0.100000E+01        0.00E+00        0.10E+01
        0.9989E-04      0.0000E+00    0.100000E+01        0.00E+00        0.10E+01
        0.9490E-04      0.0000E+00    0.100000E+01        0.00E+00        0.10E+01
        0.9015E-04      0.8000E+01    0.158065E+02        0.20E+02        0.37E+02
        0.8565E-04      0.1600E+02    0.306131E+02        0.22E+02        0.41E+02
        0.8136E-04      0.0000E+00    0.100000E+01        0.00E+00        0.10E+01
        0.7730E-04      0.1600E+02    0.306131E+02        0.27E+02        0.50E+02
        0.7343E-04      0.0000E+00    0.100000E+01        0.00E+00        0.10E+01
        0.6976E-04      0.0000E+00    0.100000E+01        0.00E+00        0.10E+01
        0.6627E-04      0.0000E+00    0.100000E+01        0.00E+00        0.10E+01
        0.6296E-04      0.0000E+00    0.100000E+01        0.00E+00        0.10E+01
        0.5981E-04      0.0000E+00    0.100000E+01        0.00E+00        0.10E+01
        0.5682E-04      0.0000E+00    0.100000E+01        0.00E+00        0.10E+01
        0.5398E-04      0.0000E+00    0.100000E+01        0.00E+00        0.10E+01
        0.5128E-04      0.0000E+00    0.100000E+01        0.00E+00        0.10E+01
        0.4872E-04      0.0000E+00    0.100000E+01        0.00E+00        0.10E+01
        0.4628E-04      0.0000E+00    0.100000E+01        0.00E+00        0.10E+01
        0.4397E-04      0.0000E+00    0.100000E+01        0.00E+00        0.10E+01
        0.4177E-04      0.0000E+00    0.100000E+01        0.00E+00        0.10E+01
        0.3968E-04      0.0000E+00    0.100000E+01        0.00E+00        0.10E+01
        0.3769E-04      0.0000E+00    0.100000E+01        0.00E+00        0.10E+01
        0.3581E-04      0.1280E+03    0.237904E+03        0.12E+03        0.23E+03
        0.3402E-04      0.1280E+03    0.237904E+03        0.14E+03        0.26E+03
        0.3232E-04      0.0000E+00    0.100000E+01        0.00E+00        0.10E+01
        0.3070E-04      0.0000E+00    0.100000E+01        0.00E+00        0.10E+01
        0.2917E-04      0.0000E+00    0.100000E+01        0.00E+00        0.10E+01
        0.2771E-04      0.1280E+03    0.237904E+03        0.21E+03        0.38E+03
        0.2632E-04      0.0000E+00    0.100000E+01        0.00E+00        0.10E+01
        0.2501E-04      0.0000E+00    0.100000E+01        0.00E+00        0.10E+01
        0.2376E-04      0.2560E+03    0.474809E+03        0.28E+03        0.52E+03
        0.2257E-04      0.0000E+00    0.100000E+01        0.00E+00        0.10E+01
        0.2144E-04      0.0000E+00    0.100000E+01        0.00E+00        0.10E+01
        0.2037E-04      0.0000E+00    0.100000E+01        0.00E+00        0.10E+01
        0.1935E-04      0.5120E+03    0.948618E+03        0.42E+03        0.79E+03
        0.1838E-04      0.0000E+00    0.100000E+01        0.00E+00        0.10E+01
        0.1746E-04      0.5120E+03    0.948618E+03        0.52E+03        0.97E+03
        0.1659E-04      0.0000E+00    0.100000E+01        0.00E+00        0.10E+01
        0.1576E-04      0.0000E+00    0.100000E+01        0.00E+00        0.10E+01
        0.1497E-04      0.0000E+00    0.100000E+01        0.00E+00        0.10E+01
        0.1422E-04      0.5120E+03    0.948618E+03        0.79E+03        0.15E+04
        0.1351E-04      0.5120E+03    0.948618E+03        0.87E+03        0.16E+04
        0.1284E-04      0.0000E+00    0.100000E+01        0.00E+00        0.10E+01
        0.1220E-04      0.5120E+03    0.948618E+03        0.11E+04        0.20E+04
        0.1159E-04      0.0000E+00    0.100000E+01        0.00E+00        0.10E+01
        0.1101E-04      0.1024E+04    0.189624E+04        0.13E+04        0.24E+04
        0.1046E-04      0.0000E+00    0.100000E+01        0.00E+00        0.10E+01
        0.9933E-05      0.1024E+04    0.189624E+04        0.16E+04        0.30E+04
        0.9437E-05      0.0000E+00    0.100000E+01        0.00E+00        0.10E+01
        0.8965E-05      0.0000E+00    0.100000E+01        0.00E+00        0.10E+01
        0.8517E-05      0.2048E+04    0.379147E+04        0.22E+04        0.41E+04
        0.8091E-05      0.0000E+00    0.100000E+01        0.00E+00        0.10E+01
        0.7686E-05      0.2048E+04    0.379147E+04        0.27E+04        0.50E+04
        0.7302E-05      0.2048E+04    0.379147E+04        0.30E+04        0.55E+04
        0.6937E-05      0.0000E+00    0.100000E+01        0.00E+00        0.10E+01
        0.6590E-05      0.2048E+04    0.379147E+04        0.37E+04        0.68E+04
        0.6261E-05      0.0000E+00    0.100000E+01        0.00E+00        0.10E+01
        0.5947E-05      0.0000E+00    0.100000E+01        0.00E+00        0.10E+01
        0.5650E-05      0.0000E+00    0.100000E+01        0.00E+00        0.10E+01
        0.5368E-05      0.0000E+00    0.100000E+01        0.00E+00        0.10E+01
        0.5099E-05      0.0000E+00    0.100000E+01        0.00E+00        0.10E+01
        0.4844E-05      0.0000E+00    0.100000E+01        0.00E+00        0.10E+01
        0.4602E-05      0.0000E+00    0.100000E+01        0.00E+00        0.10E+01
        0.4372E-05      0.0000E+00    0.100000E+01        0.00E+00        0.10E+01
        0.4153E-05      0.0000E+00    0.100000E+01        0.00E+00        0.10E+01
        0.3946E-05      0.0000E+00    0.100000E+01        0.00E+00        0.10E+01
        0.3748E-05      0.8192E+04    0.151629E+05        0.11E+05        0.21E+05
        0.3561E-05      0.0000E+00    0.100000E+01        0.00E+00        0.10E+01
        0.3383E-05      0.0000E+00    0.100000E+01        0.00E+00        0.10E+01
        0.3214E-05      0.0000E+00    0.100000E+01        0.00E+00        0.10E+01
        0.3053E-05      0.0000E+00    0.100000E+01        0.00E+00        0.10E+01
        0.2900E-05      0.1638E+05    0.303248E+05        0.19E+05        0.35E+05
        0.2755E-05      0.0000E+00    0.100000E+01        0.00E+00        0.10E+01
        0.2618E-05      0.0000E+00    0.100000E+01        0.00E+00        0.10E+01
        0.2487E-05      0.0000E+00    0.100000E+01        0.00E+00        0.10E+01
        0.2362E-05      0.0000E+00    0.100000E+01        0.00E+00        0.10E+01
        0.2244E-05      0.0000E+00    0.100000E+01        0.00E+00        0.10E+01
        0.2132E-05      0.0000E+00    0.100000E+01        0.00E+00        0.10E+01
        0.2025E-05      0.0000E+00    0.100000E+01        0.00E+00        0.10E+01
        0.1924E-05      0.0000E+00    0.100000E+01        0.00E+00        0.10E+01
        0.1828E-05      0.3277E+05    0.606485E+05        0.48E+05        0.88E+05
        0.1737E-05      0.0000E+00    0.100000E+01        0.00E+00        0.10E+01
        0.1650E-05      0.0000E+00    0.100000E+01        0.00E+00        0.10E+01
        0.1567E-05      0.0000E+00    0.100000E+01        0.00E+00        0.10E+01
        0.1489E-05      0.6554E+05    0.121296E+06        0.72E+05        0.13E+06
        0.1414E-05      0.0000E+00    0.100000E+01        0.00E+00        0.10E+01
        0.1344E-05      0.6554E+05    0.121296E+06        0.88E+05        0.16E+06
        0.1277E-05      0.0000E+00    0.100000E+01        0.00E+00        0.10E+01
        0.1213E-05      0.0000E+00    0.100000E+01        0.00E+00        0.10E+01
        0.1152E-05      0.0000E+00    0.100000E+01        0.00E+00        0.10E+01
        0.1094E-05      0.0000E+00    0.100000E+01        0.00E+00        0.10E+01
        0.1040E-05      0.0000E+00    0.100000E+01        0.00E+00        0.10E+01
