 #     x               legendre p( 3 ,x)
  -.998999            -0.993996292
  -.997999            -0.988018771
  -.996999            -0.982056240
  -.995999            -0.976108673
  -.994999            -0.970176050
  -.993999            -0.964258356
  -.992999            -0.958355573
  -.991999            -0.952467687
  -.990999            -0.946594683
  -.989999            -0.940736544
  -.988999            -0.934893255
  -.987999            -0.929064802
  -.986999            -0.923251170
  -.985999            -0.917452343
  -.984999            -0.911668306
  -.983999            -0.905899045
  -.982999            -0.900144544
  -.981999            -0.894404788
  -.980999            -0.888679762
  -.979999            -0.882969451
  -.978999            -0.877273841
  -.977999            -0.871592915
  -.976999            -0.865926660
  -.975999            -0.860275059
  -.974999            -0.854638099
  -.973999            -0.849015764
  -.972999            -0.843408039
  -.971999            -0.837814908
  -.970999            -0.832236358
  -.969999            -0.826672373
  -.968999            -0.821122938
  -.967999            -0.815588038
  -.966999            -0.810067657
  -.965999            -0.804561782
  -.964999            -0.799070397
  -.963999            -0.793593487
  -.962999            -0.788131036
  -.961999            -0.782683031
  -.960999            -0.777249456
  -.959999            -0.771830295
  -.958999            -0.766425535
  -.957999            -0.761035159
  -.956999            -0.755659154
  -.955999            -0.750297503
  -.954999            -0.744950193
  -.953999            -0.739617207
  -.952999            -0.734298531
  -.951999            -0.728994151
  -.950999            -0.723704050
  -.949999            -0.718428214
  -.948999            -0.713166628
  -.947999            -0.707919277
  -.946999            -0.702686146
  -.945999            -0.697467220
  -.944999            -0.692262484
  -.943999            -0.687071923
  -.942999            -0.681895522
  -.941999            -0.676733265
  -.940999            -0.671585139
  -.939999            -0.666451128
  -.938999            -0.661331216
  -.937999            -0.656225390
  -.936999            -0.651133633
  -.935999            -0.646055931
  -.934999            -0.640992269
  -.933999            -0.635942633
  -.932999            -0.630907006
  -.931999            -0.625885374
  -.930999            -0.620877722
  -.929999            -0.615884035
  -.928999            -0.610904297
  -.927999            -0.605938495
  -.926999            -0.600986613
  -.925999            -0.596048636
  -.924999            -0.591124548
  -.923999            -0.586214336
  -.922999            -0.581317983
  -.921999            -0.576435475
  -.920999            -0.571566798
  -.919999            -0.566711935
  -.918999            -0.561870872
  -.917999            -0.557043594
  -.916999            -0.552230086
  -.915999            -0.547430333
  -.914999            -0.542644320
  -.913999            -0.537872031
  -.912999            -0.533113453
  -.911999            -0.528368570
  -.910999            -0.523637366
  -.909999            -0.518919828
  -.908999            -0.514215939
  -.907999            -0.509525685
  -.906999            -0.504849052
  -.905999            -0.500186023
  -.904999            -0.495536584
  -.903999            -0.490900720
  -.902999            -0.486278416
  -.901999            -0.481669656
  -.900999            -0.477074427
  -.899999            -0.472492713
  -.898999            -0.467924499
  -.897999            -0.463369769
  -.896999            -0.458828509
  -.895999            -0.454300705
  -.894999            -0.449786340
  -.893999            -0.445285400
  -.892999            -0.440797871
  -.891999            -0.436323736
  -.890999            -0.431862981
  -.889999            -0.427415590
  -.888999            -0.422981550
  -.887999            -0.418560845
  -.886999            -0.414153460
  -.885999            -0.409759379
  -.884999            -0.405378589
  -.883999            -0.401011073
  -.882999            -0.396656818
  -.881999            -0.392315807
  -.880999            -0.387988026
  -.879999            -0.383673460
  -.878999            -0.379372094
  -.877999            -0.375083913
  -.876999            -0.370808902
  -.875999            -0.366547046
  -.874999            -0.362298330
  -.873999            -0.358062738
  -.872999            -0.353840257
  -.871999            -0.349630870
  -.870999            -0.345434564
  -.869999            -0.341251322
  -.868999            -0.337081130
  -.867999            -0.332923974
  -.866999            -0.328779837
  -.865999            -0.324648705
  -.864999            -0.320530563
  -.863999            -0.316425395
  -.862999            -0.312333188
  -.861999            -0.308253926
  -.860999            -0.304187594
  -.859999            -0.300134176
  -.858999            -0.296093659
  -.857999            -0.292066026
  -.856999            -0.288051263
  -.855999            -0.284049355
  -.854999            -0.280060288
  -.853999            -0.276084045
  -.852999            -0.272120612
  -.851999            -0.268169974
  -.850999            -0.264232115
  -.849999            -0.260307022
  -.848999            -0.256394679
  -.847999            -0.252495070
  -.846999            -0.248608182
  -.845999            -0.244733998
  -.844999            -0.240872505
  -.843999            -0.237023686
  -.842999            -0.233187527
  -.841999            -0.229364013
  -.840999            -0.225553129
  -.839999            -0.221754860
  -.838999            -0.217969191
  -.837999            -0.214196107
  -.836999            -0.210435593
  -.835999            -0.206687633
  -.834999            -0.202952214
  -.833999            -0.199229319
  -.832999            -0.195518935
  -.831999            -0.191821045
  -.830999            -0.188135635
  -.829999            -0.184462691
  -.828999            -0.180802196
  -.827999            -0.177154136
  -.826999            -0.173518496
  -.825999            -0.169895260
  -.824999            -0.166284415
  -.823999            -0.162685945
  -.822999            -0.159099835
  -.821999            -0.155526069
  -.820999            -0.151964634
  -.819999            -0.148415513
  -.818999            -0.144878692
  -.817999            -0.141354157
  -.816999            -0.137841891
  -.815999            -0.134341880
  -.814999            -0.130854109
  -.813999            -0.127378563
  -.812999            -0.123915227
  -.811999            -0.120464085
  -.810999            -0.117025124
  -.809999            -0.113598328
  -.808999            -0.110183681
  -.807999            -0.106781170
  -.806999            -0.103390778
  -.805999            -0.100012491
  -.804999            -0.096646294
  -.803999            -0.093292173
  -.802999            -0.089950111
  -.801999            -0.086620094
  -.800999            -0.083302107
  -.799999            -0.079996134
  -.798999            -0.076702162
  -.797999            -0.073420175
  -.796999            -0.070150157
  -.795999            -0.066892095
  -.794999            -0.063645972
  -.793999            -0.060411775
  -.792999            -0.057189487
  -.791999            -0.053979094
  -.790999            -0.050780581
  -.789999            -0.047593933
  -.788999            -0.044419135
  -.787999            -0.041256172
  -.786999            -0.038105029
  -.785999            -0.034965691
  -.784999            -0.031838143
  -.783999            -0.028722369
  -.782999            -0.025618356
  -.781999            -0.022526087
  -.780999            -0.019445549
  -.779999            -0.016376725
  -.778999            -0.013319601
  -.777999            -0.010274162
  -.776999            -0.007240393
  -.775999            -0.004218279
  -.774999            -0.001207805
  -.773999             0.001791044
  -.772999             0.004778283
  -.771999             0.007753928
  -.770999             0.010717992
  -.769999             0.013670491
  -.768999             0.016611441
  -.767999             0.019540856
  -.766999             0.022458750
  -.765999             0.025365140
  -.764999             0.028260040
  -.763999             0.031143465
  -.762999             0.034015430
  -.761999             0.036875950
  -.760999             0.039725040
  -.759999             0.042562715
  -.758999             0.045388991
  -.757999             0.048203881
  -.756999             0.051007401
  -.755999             0.053799567
  -.754999             0.056580393
  -.753999             0.059349893
  -.752999             0.062108084
  -.751999             0.064854980
  -.750999             0.067590596
  -.749999             0.070314947
  -.748999             0.073028048
  -.747999             0.075729914
  -.746999             0.078420560
  -.745999             0.081100001
  -.744999             0.083768253
  -.743999             0.086425329
  -.742999             0.089071246
  -.741999             0.091706017
  -.740999             0.094329659
  -.739999             0.096942186
  -.738999             0.099543612
  -.737999             0.102133954
  -.736999             0.104713226
  -.735999             0.107281443
  -.734999             0.109838620
  -.733999             0.112384773
  -.732999             0.114919915
  -.731999             0.117444062
  -.730999             0.119957229
  -.729999             0.122459432
  -.728999             0.124950684
  -.727999             0.127431002
  -.726999             0.129900400
  -.725999             0.132358892
  -.724999             0.134806495
  -.723999             0.137243223
  -.722999             0.139669091
  -.721999             0.142084114
  -.720999             0.144488307
  -.719999             0.146881686
  -.718999             0.149264264
  -.717999             0.151636057
  -.716999             0.153997081
  -.715999             0.156347349
  -.714999             0.158686878
  -.713999             0.161015681
  -.712999             0.163333775
  -.711999             0.165641174
  -.710999             0.167937893
  -.709999             0.170223946
  -.708999             0.172499350
  -.707999             0.174764119
  -.706999             0.177018269
  -.705999             0.179261813
  -.704999             0.181494767
  -.703999             0.183717146
  -.702999             0.185928966
  -.701999             0.188130240
  -.700999             0.190320985
  -.699999             0.192501215
  -.698999             0.194670944
  -.697999             0.196830189
  -.696999             0.198978964
  -.695999             0.201117284
  -.694999             0.203245164
  -.693999             0.205362619
  -.692999             0.207469664
  -.691999             0.209566314
  -.690999             0.211652584
  -.689999             0.213728490
  -.688999             0.215794045
  -.687999             0.217849266
  -.686999             0.219894166
  -.685999             0.221928762
  -.684999             0.223953068
  -.683999             0.225967098
  -.682999             0.227970869
  -.681999             0.229964395
  -.680999             0.231947691
  -.679999             0.233920772
  -.678999             0.235883653
  -.677999             0.237836349
  -.676999             0.239778876
  -.675999             0.241711247
  -.674999             0.243633478
  -.673999             0.245545585
  -.672999             0.247447581
  -.671999             0.249339483
  -.670999             0.251221305
  -.669999             0.253093061
  -.668999             0.254954768
  -.667999             0.256806440
  -.666999             0.258648092
  -.665999             0.260479739
  -.664999             0.262301396
  -.663999             0.264113078
  -.662999             0.265914801
  -.661999             0.267706578
  -.660999             0.269488425
  -.659999             0.271260358
  -.658999             0.273022390
  -.657999             0.274774538
  -.656999             0.276516815
  -.655999             0.278249238
  -.654999             0.279971821
  -.653999             0.281684579
  -.652999             0.283387527
  -.651999             0.285080680
  -.650999             0.286764053
  -.649999             0.288437661
  -.648999             0.290101519
  -.647999             0.291755642
  -.646999             0.293400046
  -.645999             0.295034744
  -.644999             0.296659752
  -.643999             0.298275086
  -.642999             0.299880760
  -.641999             0.301476788
  -.640999             0.303063187
  -.639999             0.304639971
  -.638999             0.306207155
  -.637999             0.307764754
  -.636999             0.309312783
  -.635999             0.310851257
  -.634999             0.312380191
  -.633999             0.313899600
  -.632999             0.315409499
  -.631999             0.316909904
  -.630999             0.318400828
  -.629999             0.319882287
  -.628999             0.321354297
  -.627999             0.322816872
  -.626999             0.324270026
  -.625999             0.325713776
  -.624999             0.327148136
  -.623999             0.328573121
  -.622999             0.329988746
  -.621999             0.331395026
  -.620999             0.332791976
  -.619999             0.334179611
  -.618999             0.335557946
  -.617999             0.336926996
  -.616999             0.338286777
  -.615999             0.339637302
  -.614999             0.340978587
  -.613999             0.342310648
  -.612999             0.343633498
  -.611999             0.344947154
  -.610999             0.346251630
  -.609999             0.347546941
  -.608999             0.348833101
  -.607999             0.350110127
  -.606999             0.351378033
  -.605999             0.352636834
  -.604999             0.353886546
  -.603999             0.355127182
  -.602999             0.356358758
  -.601999             0.357581289
  -.600999             0.358794791
  -.599999             0.359999277
  -.598999             0.361194764
  -.597999             0.362381265
  -.596999             0.363558797
  -.595999             0.364727373
  -.594999             0.365887010
  -.593999             0.367037722
  -.592999             0.368179524
  -.591999             0.369312431
  -.590999             0.370436458
  -.589999             0.371551620
  -.588999             0.372657932
  -.587999             0.373755409
  -.586999             0.374844066
  -.585999             0.375923919
  -.584999             0.376994981
  -.583999             0.378057269
  -.582999             0.379110796
  -.581999             0.380155579
  -.580999             0.381191631
  -.579999             0.382218969
  -.578999             0.383237607
  -.577999             0.384247560
  -.576999             0.385248842
  -.575999             0.386241470
  -.574999             0.387225458
  -.573999             0.388200821
  -.572999             0.389167575
  -.571999             0.390125733
  -.570999             0.391075311
  -.569999             0.392016324
  -.568999             0.392948788
  -.567999             0.393872716
  -.566999             0.394788125
  -.565999             0.395695028
  -.564999             0.396593442
  -.563999             0.397483381
  -.562999             0.398364859
  -.561999             0.399237893
  -.560999             0.400102497
  -.559999             0.400958686
  -.558999             0.401806475
  -.557999             0.402645879
  -.556999             0.403476913
  -.555999             0.404299592
  -.554999             0.405113932
  -.553999             0.405919946
  -.552999             0.406717650
  -.551999             0.407507060
  -.550999             0.408288189
  -.549999             0.409061054
  -.548999             0.409825668
  -.547999             0.410582048
  -.546999             0.411330208
  -.545999             0.412070163
  -.544999             0.412801927
  -.543999             0.413525517
  -.542999             0.414240947
  -.541999             0.414948232
  -.540999             0.415647387
  -.539999             0.416338428
  -.538999             0.417021368
  -.537999             0.417696223
  -.536999             0.418363008
  -.535999             0.419021739
  -.534999             0.419672429
  -.533999             0.420315095
  -.532999             0.420949750
  -.531999             0.421576411
  -.530999             0.422195092
  -.529999             0.422805807
  -.528999             0.423408573
  -.527999             0.424003404
  -.526999             0.424590315
  -.525999             0.425169321
  -.524999             0.425740437
  -.523999             0.426303678
  -.522999             0.426859059
  -.521999             0.427406595
  -.520999             0.427946302
  -.519999             0.428478193
  -.518999             0.429002284
  -.517999             0.429518591
  -.516999             0.430027127
  -.515999             0.430527909
  -.514999             0.431020951
  -.513999             0.431506267
  -.512999             0.431983874
  -.511999             0.432453786
  -.510999             0.432916018
  -.509999             0.433370584
  -.508999             0.433817501
  -.507999             0.434256783
  -.506999             0.434688446
  -.505999             0.435112503
  -.504999             0.435528970
  -.503999             0.435937862
  -.502999             0.436339194
  -.501999             0.436732982
  -.500999             0.437119239
  -.499999             0.437497982
  -.498999             0.437869224
  -.497999             0.438232982
  -.496999             0.438589269
  -.495999             0.438938102
  -.494999             0.439279495
  -.493999             0.439613463
  -.492999             0.439940021
  -.491999             0.440259184
  -.490999             0.440570967
  -.489999             0.440875385
  -.488999             0.441172453
  -.487999             0.441462186
  -.486999             0.441744599
  -.485999             0.442019707
  -.484999             0.442287526
  -.483999             0.442548069
  -.482999             0.442801352
  -.481999             0.443047391
  -.480999             0.443286199
  -.479999             0.443517793
  -.478999             0.443742187
  -.477999             0.443959395
  -.476999             0.444169434
  -.475999             0.444372318
  -.474999             0.444568062
  -.473999             0.444756681
  -.472999             0.444938190
  -.471999             0.445112604
  -.470999             0.445279938
  -.469999             0.445440207
  -.468999             0.445593426
  -.467999             0.445739610
  -.466999             0.445878775
  -.465999             0.446010934
  -.464999             0.446136104
  -.463999             0.446254298
  -.462999             0.446365533
  -.461999             0.446469822
  -.460999             0.446567182
  -.459999             0.446657626
  -.458999             0.446741171
  -.457999             0.446817831
  -.456999             0.446887621
  -.455999             0.446950556
  -.454999             0.447006651
  -.453999             0.447055921
  -.452999             0.447098381
  -.451999             0.447134046
  -.450999             0.447162931
  -.449999             0.447185051
  -.448999             0.447200421
  -.447999             0.447209057
  -.446999             0.447210972
  -.445999             0.447206183
  -.444999             0.447194703
  -.443999             0.447176549
  -.442999             0.447151734
  -.441999             0.447120275
  -.440999             0.447082185
  -.439999             0.447037481
  -.438999             0.446986177
  -.437999             0.446928288
  -.436999             0.446863829
  -.435999             0.446792815
  -.434999             0.446715261
  -.433999             0.446631182
  -.432999             0.446540593
  -.431999             0.446443509
  -.430999             0.446339945
  -.429999             0.446229916
  -.428999             0.446113438
  -.427999             0.445990524
  -.426999             0.445861190
  -.425999             0.445725452
  -.424999             0.445583323
  -.423999             0.445434820
  -.422999             0.445279957
  -.421999             0.445118748
  -.420999             0.444951210
  -.419999             0.444777357
  -.418999             0.444597204
  -.417999             0.444410765
  -.416999             0.444218057
  -.415999             0.444019094
  -.414999             0.443813891
  -.413999             0.443602463
  -.412999             0.443384825
  -.411999             0.443160993
  -.410999             0.442930980
  -.409999             0.442694802
  -.408999             0.442452474
  -.407999             0.442204012
  -.406999             0.441949429
  -.405999             0.441688742
  -.404999             0.441421964
  -.403999             0.441149112
  -.402999             0.440870199
  -.401999             0.440585242
  -.400999             0.440294255
  -.399999             0.439997252
  -.398999             0.439694250
  -.397999             0.439385263
  -.396999             0.439070306
  -.395999             0.438749394
  -.394999             0.438422542
  -.393999             0.438089765
  -.392999             0.437751078
  -.391999             0.437406496
  -.390999             0.437056034
  -.389999             0.436699708
  -.388999             0.436337531
  -.387999             0.435969519
  -.386999             0.435595688
  -.385999             0.435216051
  -.384999             0.434830624
  -.383999             0.434439423
  -.382999             0.434042462
  -.381999             0.433639755
  -.380999             0.433231319
  -.379999             0.432817168
  -.378999             0.432397316
  -.377999             0.431971780
  -.376999             0.431540574
  -.375999             0.431103713
  -.374999             0.430661212
  -.373999             0.430213086
  -.372999             0.429759350
  -.371999             0.429300019
  -.370999             0.428835108
  -.369999             0.428364632
  -.368999             0.427888606
  -.367999             0.427407046
  -.366999             0.426919965
  -.365999             0.426427379
  -.364999             0.425929304
  -.363999             0.425425753
  -.362999             0.424916743
  -.361999             0.424402287
  -.360999             0.423882402
  -.359999             0.423357102
  -.358999             0.422826401
  -.357999             0.422290316
  -.356999             0.421748861
  -.355999             0.421202051
  -.354999             0.420649900
  -.353999             0.420092425
  -.352999             0.419529640
  -.351999             0.418961560
  -.350999             0.418388200
  -.349999             0.417809575
  -.348999             0.417225701
  -.347999             0.416636591
  -.346999             0.416042261
  -.345999             0.415442726
  -.344999             0.414838002
  -.343999             0.414228102
  -.342999             0.413613042
  -.341999             0.412992838
  -.340999             0.412367503
  -.339999             0.411737054
  -.338999             0.411101504
  -.337999             0.410460870
  -.336999             0.409815166
  -.335999             0.409164406
  -.334999             0.408508607
  -.333999             0.407847783
  -.332999             0.407181949
  -.331999             0.406511120
  -.330999             0.405835311
  -.329999             0.405154537
  -.328999             0.404468813
  -.327999             0.403778154
  -.326999             0.403082575
  -.325999             0.402382091
  -.324999             0.401676717
  -.323999             0.400966468
  -.322999             0.400251360
  -.321999             0.399531406
  -.320999             0.398806622
  -.319999             0.398077024
  -.318999             0.397342625
  -.317999             0.396603442
  -.316999             0.395859488
  -.315999             0.395110780
  -.314999             0.394357331
  -.313999             0.393599158
  -.312999             0.392836275
  -.311999             0.392068696
  -.310999             0.391296438
  -.309999             0.390519515
  -.308999             0.389737942
  -.307999             0.388951734
  -.306999             0.388160906
  -.305999             0.387365473
  -.304999             0.386565450
  -.303999             0.385760852
  -.302999             0.384951694
  -.301999             0.384137991
  -.300999             0.383319758
  -.299999             0.382497010
  -.298999             0.381669763
  -.297999             0.380838030
  -.296999             0.380001827
  -.295999             0.379161170
  -.294999             0.378316072
  -.293999             0.377466550
  -.292999             0.376612617
  -.291999             0.375754290
  -.290999             0.374891582
  -.289999             0.374024510
  -.288999             0.373153088
  -.287999             0.372277330
  -.286999             0.371397253
  -.285999             0.370512871
  -.284999             0.369624199
  -.283999             0.368731252
  -.282999             0.367834045
  -.281999             0.366932592
  -.280999             0.366026910
  -.279999             0.365117013
  -.278999             0.364202917
  -.277999             0.363284635
  -.276999             0.362362183
  -.275999             0.361435576
  -.274999             0.360504829
  -.273999             0.359569958
  -.272999             0.358630976
  -.271999             0.357687899
  -.270999             0.356740743
  -.269999             0.355789521
  -.268999             0.354834249
  -.267999             0.353874943
  -.266999             0.352911616
  -.265999             0.351944285
  -.264999             0.350972964
  -.263999             0.349997667
  -.262999             0.349018411
  -.261999             0.348035210
  -.260999             0.347048078
  -.259999             0.346057032
  -.258999             0.345062086
  -.257999             0.344063255
  -.256999             0.343060554
  -.255999             0.342053998
  -.254999             0.341043602
  -.253999             0.340029381
  -.252999             0.339011350
  -.251999             0.337989524
  -.250999             0.336963918
  -.249999             0.335934547
  -.248999             0.334901426
  -.247999             0.333864571
  -.246999             0.332823995
  -.245999             0.331779714
  -.244999             0.330731744
  -.243999             0.329680098
  -.242999             0.328624792
  -.241999             0.327565842
  -.240999             0.326503261
  -.239999             0.325437066
  -.238999             0.324367271
  -.237999             0.323293890
  -.236999             0.322216940
  -.235999             0.321136434
  -.234999             0.320052389
  -.233999             0.318964819
  -.232999             0.317873739
  -.231999             0.316779163
  -.230999             0.315681108
  -.229999             0.314579588
  -.228999             0.313474618
  -.227999             0.312366213
  -.226999             0.311254388
  -.225999             0.310139158
  -.224999             0.309020538
  -.223999             0.307898543
  -.222999             0.306773188
  -.221999             0.305644489
  -.220999             0.304512459
  -.219999             0.303377114
  -.218999             0.302238469
  -.217999             0.301096540
  -.216999             0.299951340
  -.215999             0.298802885
  -.214999             0.297651191
  -.213999             0.296496271
  -.212999             0.295338142
  -.211999             0.294176817
  -.210999             0.293012313
  -.209999             0.291844643
  -.208999             0.290673824
  -.207999             0.289499869
  -.206999             0.288322795
  -.205999             0.287142616
  -.204999             0.285959347
  -.203999             0.284773002
  -.202999             0.283583598
  -.201999             0.282391149
  -.200999             0.281195670
  -.199999             0.279997176
  -.198999             0.278795682
  -.197999             0.277591203
  -.196999             0.276383754
  -.195999             0.275173350
  -.194999             0.273960006
  -.193999             0.272743737
  -.192999             0.271524558
  -.191999             0.270302484
  -.190999             0.269077530
  -.189999             0.267849712
  -.188999             0.266619043
  -.187999             0.265385539
  -.186999             0.264149216
  -.185999             0.262910087
  -.184999             0.261668168
  -.183999             0.260423475
  -.182999             0.259176021
  -.181999             0.257925823
  -.180999             0.256672894
  -.179999             0.255417251
  -.178999             0.254158907
  -.177999             0.252897879
  -.176999             0.251634180
  -.175999             0.250367827
  -.174999             0.249098834
  -.173999             0.247827216
  -.172999             0.246552987
  -.171999             0.245276164
  -.170999             0.243996761
  -.169999             0.242714793
  -.168999             0.241430275
  -.167999             0.240143222
  -.166999             0.238853648
  -.165999             0.237561570
  -.164999             0.236267002
  -.163999             0.234969959
  -.162999             0.233670457
  -.161999             0.232368509
  -.160999             0.231064131
  -.159999             0.229757338
  -.158999             0.228448145
  -.157999             0.227136567
  -.156999             0.225822619
  -.155999             0.224506317
  -.154999             0.223187674
  -.153999             0.221866706
  -.152999             0.220543429
  -.151999             0.219217856
  -.150999             0.217890003
  -.149999             0.216559886
  -.148999             0.215227518
  -.147999             0.213892916
  -.146999             0.212556093
  -.145999             0.211217066
  -.144999             0.209875849
  -.143999             0.208532456
  -.142999             0.207186904
  -.141999             0.205839206
  -.140999             0.204489379
  -.139999             0.203137437
  -.138999             0.201783395
  -.137999             0.200427267
  -.136999             0.199069070
  -.135999             0.197708818
  -.134999             0.196346526
  -.133999             0.194982209
  -.132999             0.193615882
  -.131999             0.192247560
  -.130999             0.190877258
  -.129999             0.189504991
  -.128999             0.188130774
  -.127999             0.186754622
  -.126999             0.185376550
  -.125999             0.183996573
  -.124999             0.182614706
  -.123999             0.181230964
  -.122999             0.179845362
  -.121999             0.178457915
  -.120999             0.177068639
  -.119999             0.175677547
  -.118999             0.174284655
  -.117999             0.172889978
  -.116999             0.171493532
  -.115999             0.170095330
  -.114999             0.168695389
  -.113999             0.167293722
  -.112999             0.165890345
  -.111999             0.164485274
  -.110999             0.163078522
  -.109999             0.161670106
  -.108999             0.160260039
  -.107999             0.158848338
  -.106999             0.157435017
  -.105999             0.156020090
  -.104999             0.154603574
  -.103999             0.153185482
  -.102999             0.151765831
  -.101999             0.150344635
  -.100999             0.148921909
  -.099999             0.147497667
  -.098999             0.146071926
  -.097999             0.144644700
  -.096999             0.143216004
  -.095999             0.141785853
  -.094999             0.140354262
  -.093999             0.138921245
  -.092999             0.137486819
  -.091999             0.136050998
  -.090999             0.134613797
  -.089999             0.133175231
  -.088999             0.131735315
  -.087999             0.130294064
  -.086999             0.128851493
  -.085999             0.127407618
  -.084999             0.125962452
  -.083999             0.124516011
  -.082999             0.123068310
  -.081999             0.121619364
  -.080999             0.120169188
  -.079999             0.118717798
  -.078999             0.117265207
  -.077999             0.115811431
  -.076999             0.114356485
  -.075999             0.112900385
  -.074999             0.111443144
  -.073999             0.109984779
  -.072999             0.108525303
  -.071999             0.107064732
  -.070999             0.105603082
  -.069999             0.104140366
  -.068999             0.102676601
  -.067999             0.101211800
  -.066999             0.099745980
  -.065999             0.098279154
  -.064999             0.096811339
  -.063999             0.095342548
  -.062999             0.093872798
  -.061999             0.092402103
  -.060999             0.090930477
  -.059999             0.089457937
  -.058999             0.087984497
  -.057999             0.086510171
  -.056999             0.085034976
  -.055999             0.083558926
  -.054999             0.082082036
  -.053999             0.080604321
  -.052999             0.079125795
  -.051999             0.077646475
  -.050999             0.076166375
  -.049999             0.074685510
  -.048999             0.073203895
  -.047999             0.071721545
  -.046999             0.070238475
  -.045999             0.068754700
  -.044999             0.067270235
  -.043999             0.065785095
  -.042999             0.064299295
  -.041999             0.062812850
  -.040999             0.061325775
  -.039999             0.059838085
  -.038999             0.058349795
  -.037999             0.056860920
  -.036999             0.055371475
  -.035999             0.053881475
  -.034999             0.052390936
  -.033999             0.050899871
  -.032999             0.049408296
  -.031999             0.047916226
  -.030999             0.046423676
  -.029999             0.044930662
  -.028999             0.043437197
  -.027999             0.041943297
  -.026999             0.040448978
  -.025999             0.038954253
  -.024999             0.037459138
  -.023999             0.035963649
  -.022999             0.034467799
  -.021999             0.032971605
  -.020999             0.031475080
  -.019999             0.029978240
  -.018999             0.028481101
  -.017999             0.026983676
  -.016999             0.025485982
  -.015999             0.023988032
  -.014999             0.022489843
  -.013999             0.020991429
  -.012999             0.019492804
  -.011999             0.017993985
  -.010999             0.016494985
  -.009999             0.014995821
  -.008999             0.013496507
  -.007999             0.011997057
  -.006999             0.010497488
  -.005999             0.008997814
  -.004999             0.007498049
  -.003999             0.005998210
  -.002999             0.004498311
  -.001999             0.002998367
  -.000999             0.001498392
  0.000001            -0.000001597
  0.001001            -0.001501586
  0.002001            -0.003001560
  0.003001            -0.004501504
  0.004001            -0.006001403
  0.005001            -0.007501243
  0.006001            -0.009001007
  0.007001            -0.010500681
  0.008001            -0.012000250
  0.009001            -0.013499699
  0.010001            -0.014999013
  0.011001            -0.016498177
  0.012001            -0.017997176
  0.013001            -0.019495995
  0.014001            -0.020994619
  0.015001            -0.022493033
  0.016001            -0.023991222
  0.017001            -0.025489171
  0.018001            -0.026986865
  0.019001            -0.028484289
  0.020001            -0.029981428
  0.021001            -0.031478266
  0.022001            -0.032974790
  0.023001            -0.034470984
  0.024001            -0.035966833
  0.025001            -0.037462322
  0.026001            -0.038957436
  0.027001            -0.040452159
  0.028001            -0.041946478
  0.029001            -0.043440377
  0.030001            -0.044933841
  0.031001            -0.046426854
  0.032001            -0.047919403
  0.033001            -0.049411472
  0.034001            -0.050903046
  0.035001            -0.052394109
  0.036001            -0.053884648
  0.037001            -0.055374647
  0.038001            -0.056864090
  0.039001            -0.058352964
  0.040001            -0.059841253
  0.041001            -0.061328941
  0.042001            -0.062816015
  0.043001            -0.064302458
  0.044001            -0.065788257
  0.045001            -0.067273395
  0.046001            -0.068757859
  0.047001            -0.070241633
  0.048001            -0.071724701
  0.049001            -0.073207050
  0.050001            -0.074688663
  0.051001            -0.076169527
  0.052001            -0.077649625
  0.053001            -0.079128944
  0.054001            -0.080607467
  0.055001            -0.082085180
  0.056001            -0.083562069
  0.057001            -0.085038117
  0.058001            -0.086513311
  0.059001            -0.087987634
  0.060001            -0.089461072
  0.061001            -0.090933611
  0.062001            -0.092405234
  0.063001            -0.093875927
  0.064001            -0.095345676
  0.065001            -0.096814464
  0.066001            -0.098282277
  0.067001            -0.099749101
  0.068001            -0.101214919
  0.069001            -0.102679717
  0.070001            -0.104143481
  0.071001            -0.105606194
  0.072001            -0.107067842
  0.073001            -0.108528410
  0.074001            -0.109987884
  0.075001            -0.111446247
  0.076001            -0.112903485
  0.077001            -0.114359583
  0.078001            -0.115814526
  0.079001            -0.117268300
  0.080001            -0.118720888
  0.081001            -0.120172276
  0.082001            -0.121622449
  0.083001            -0.123071392
  0.084001            -0.124519090
  0.085001            -0.125965529
  0.086001            -0.127410692
  0.087001            -0.128854565
  0.088001            -0.130297133
  0.089001            -0.131738381
  0.090001            -0.133178294
  0.091001            -0.134616857
  0.092001            -0.136054055
  0.093001            -0.137489873
  0.094001            -0.138924296
  0.095001            -0.140357309
  0.096001            -0.141788897
  0.097001            -0.143219045
  0.098001            -0.144647738
  0.099001            -0.146074961
  0.100001            -0.147500699
  0.101001            -0.148924937
  0.102001            -0.150347660
  0.103001            -0.151768853
  0.104001            -0.153188501
  0.105001            -0.154606589
  0.106001            -0.156023102
  0.107001            -0.157438025
  0.108001            -0.158851343
  0.109001            -0.160263041
  0.110001            -0.161673104
  0.111001            -0.163081517
  0.112001            -0.164488265
  0.113001            -0.165893333
  0.114001            -0.167296706
  0.115001            -0.168698368
  0.116001            -0.170098306
  0.117001            -0.171496504
  0.118001            -0.172892947
  0.119001            -0.174287620
  0.120001            -0.175680508
  0.121001            -0.177071596
  0.122001            -0.178460869
  0.123001            -0.179848311
  0.124001            -0.181233909
  0.125001            -0.182617647
  0.126001            -0.183999510
  0.127001            -0.185379483
  0.128001            -0.186757551
  0.129001            -0.188133698
  0.130001            -0.189507911
  0.131001            -0.190880174
  0.132001            -0.192250472
  0.133001            -0.193618789
  0.134001            -0.194985112
  0.135001            -0.196349425
  0.136001            -0.197711713
  0.137001            -0.199071961
  0.138001            -0.200430153
  0.139001            -0.201786276
  0.140001            -0.203140314
  0.141001            -0.204492252
  0.142001            -0.205842074
  0.143001            -0.207189767
  0.144001            -0.208535315
  0.145001            -0.209878703
  0.146001            -0.211219915
  0.147001            -0.212558938
  0.148001            -0.213895756
  0.149001            -0.215230353
  0.150001            -0.216562716
  0.151001            -0.217892829
  0.152001            -0.219220677
  0.153001            -0.220546244
  0.154001            -0.221869517
  0.155001            -0.223190480
  0.156001            -0.224509117
  0.157001            -0.225825415
  0.158001            -0.227139358
  0.159001            -0.228450930
  0.160001            -0.229760118
  0.161001            -0.231066906
  0.162001            -0.232371278
  0.163001            -0.233673221
  0.164001            -0.234972719
  0.165001            -0.236269756
  0.166001            -0.237564319
  0.167001            -0.238856392
  0.168001            -0.240145959
  0.169001            -0.241433007
  0.170001            -0.242717520
  0.171001            -0.243999482
  0.172001            -0.245278880
  0.173001            -0.246555698
  0.174001            -0.247829920
  0.175001            -0.249101533
  0.176001            -0.250370521
  0.177001            -0.251636868
  0.178001            -0.252900561
  0.179001            -0.254161584
  0.180001            -0.255419921
  0.181001            -0.256675559
  0.182001            -0.257928481
  0.183001            -0.259178674
  0.184001            -0.260426122
  0.185001            -0.261670809
  0.186001            -0.262912722
  0.187001            -0.264151845
  0.188001            -0.265388162
  0.189001            -0.266621660
  0.190001            -0.267852323
  0.191001            -0.269080135
  0.192001            -0.270305083
  0.193001            -0.271527150
  0.194001            -0.272746323
  0.195001            -0.273962586
  0.196001            -0.275175923
  0.197001            -0.276386321
  0.198001            -0.277593764
  0.199001            -0.278798236
  0.200001            -0.279999724
  0.201001            -0.281198211
  0.202001            -0.282393684
  0.203001            -0.283586127
  0.204001            -0.284775524
  0.205001            -0.285961862
  0.206001            -0.287145125
  0.207001            -0.288325297
  0.208001            -0.289502365
  0.209001            -0.290676313
  0.210001            -0.291847125
  0.211001            -0.293014788
  0.212001            -0.294179286
  0.213001            -0.295340603
  0.214001            -0.296498726
  0.215001            -0.297653638
  0.216001            -0.298805326
  0.217001            -0.299953774
  0.218001            -0.301098966
  0.219001            -0.302240889
  0.220001            -0.303379527
  0.221001            -0.304514864
  0.222001            -0.305646887
  0.223001            -0.306775580
  0.224001            -0.307900927
  0.225001            -0.309022915
  0.226001            -0.310141528
  0.227001            -0.311256750
  0.228001            -0.312368568
  0.229001            -0.313476966
  0.230001            -0.314581928
  0.231001            -0.315683441
  0.232001            -0.316781489
  0.233001            -0.317876057
  0.234001            -0.318967129
  0.235001            -0.320054692
  0.236001            -0.321138730
  0.237001            -0.322219227
  0.238001            -0.323296170
  0.239001            -0.324369543
  0.240001            -0.325439331
  0.241001            -0.326505518
  0.242001            -0.327568091
  0.243001            -0.328627034
  0.244001            -0.329682331
  0.245001            -0.330733969
  0.246001            -0.331781932
  0.247001            -0.332826205
  0.248001            -0.333866772
  0.249001            -0.334903620
  0.250001            -0.335936733
  0.251001            -0.336966096
  0.252001            -0.337991694
  0.253001            -0.339013511
  0.254001            -0.340031534
  0.255001            -0.341045747
  0.256001            -0.342056135
  0.257001            -0.343062683
  0.258001            -0.344065375
  0.259001            -0.345064198
  0.260001            -0.346059136
  0.261001            -0.347050174
  0.262001            -0.348037297
  0.263001            -0.349020489
  0.264001            -0.349999737
  0.265001            -0.350975025
  0.266001            -0.351946338
  0.267001            -0.352913661
  0.268001            -0.353876979
  0.269001            -0.354836277
  0.270001            -0.355791539
  0.271001            -0.356742752
  0.272001            -0.357689900
  0.273001            -0.358632968
  0.274001            -0.359571941
  0.275001            -0.360506804
  0.276001            -0.361437542
  0.277001            -0.362364140
  0.278001            -0.363286583
  0.279001            -0.364204856
  0.280001            -0.365118944
  0.281001            -0.366028832
  0.282001            -0.366934505
  0.283001            -0.367835948
  0.284001            -0.368733146
  0.285001            -0.369626084
  0.286001            -0.370514746
  0.287001            -0.371399119
  0.288001            -0.372279188
  0.289001            -0.373154936
  0.290001            -0.374026349
  0.291001            -0.374893412
  0.292001            -0.375756110
  0.293001            -0.376614428
  0.294001            -0.377468351
  0.295001            -0.378317864
  0.296001            -0.379162952
  0.297001            -0.380003600
  0.298001            -0.380839793
  0.299001            -0.381671516
  0.300001            -0.382498754
  0.301001            -0.383321492
  0.302001            -0.384139716
  0.303001            -0.384953409
  0.304001            -0.385762557
  0.305001            -0.386567145
  0.306001            -0.387367158
  0.307001            -0.388162581
  0.308001            -0.388953400
  0.309001            -0.389739598
  0.310001            -0.390521161
  0.311001            -0.391298074
  0.312001            -0.392070322
  0.313001            -0.392837891
  0.314001            -0.393600764
  0.315001            -0.394358927
  0.316001            -0.395112365
  0.317001            -0.395861064
  0.318001            -0.396605007
  0.319001            -0.397344180
  0.320001            -0.398078569
  0.321001            -0.398808157
  0.322001            -0.399532930
  0.323001            -0.400252874
  0.324001            -0.400967972
  0.325001            -0.401678210
  0.326001            -0.402383574
  0.327001            -0.403084047
  0.328001            -0.403779615
  0.329001            -0.404470264
  0.330001            -0.405155977
  0.331001            -0.405836741
  0.332001            -0.406512539
  0.333001            -0.407183358
  0.334001            -0.407849181
  0.335001            -0.408509995
  0.336001            -0.409165783
  0.337001            -0.409816532
  0.338001            -0.410462225
  0.339001            -0.411102849
  0.340001            -0.411738387
  0.341001            -0.412368826
  0.342001            -0.412994149
  0.343001            -0.413614343
  0.344001            -0.414229391
  0.345001            -0.414839280
  0.346001            -0.415443994
  0.347001            -0.416043517
  0.348001            -0.416637836
  0.349001            -0.417226935
  0.350001            -0.417810798
  0.351001            -0.418389412
  0.352001            -0.418962761
  0.353001            -0.419530829
  0.354001            -0.420093603
  0.355001            -0.420651067
  0.356001            -0.421203206
  0.357001            -0.421750004
  0.358001            -0.422291448
  0.359001            -0.422827522
  0.360001            -0.423358211
  0.361001            -0.423883500
  0.362001            -0.424403373
  0.363001            -0.424917817
  0.364001            -0.425426816
  0.365001            -0.425930355
  0.366001            -0.426428419
  0.367001            -0.426920993
  0.368001            -0.427408062
  0.369001            -0.427889611
  0.370001            -0.428365625
  0.371001            -0.428836089
  0.372001            -0.429300988
  0.373001            -0.429760307
  0.374001            -0.430214031
  0.375001            -0.430662145
  0.376001            -0.431104634
  0.377001            -0.431541483
  0.378001            -0.431972677
  0.379001            -0.432398201
  0.380001            -0.432818040
  0.381001            -0.433232179
  0.382001            -0.433640603
  0.383001            -0.434043297
  0.384001            -0.434440247
  0.385001            -0.434831436
  0.386001            -0.435216850
  0.387001            -0.435596474
  0.388001            -0.435970293
  0.389001            -0.436338293
  0.390001            -0.436700457
  0.391001            -0.437056771
  0.392001            -0.437407221
  0.393001            -0.437751790
  0.394001            -0.438090464
  0.395001            -0.438423229
  0.396001            -0.438750068
  0.397001            -0.439070967
  0.398001            -0.439385912
  0.399001            -0.439694886
  0.400001            -0.439997876
  0.401001            -0.440294865
  0.402001            -0.440585840
  0.403001            -0.440870784
  0.404001            -0.441149684
  0.405001            -0.441422523
  0.406001            -0.441689288
  0.407001            -0.441949962
  0.408001            -0.442204532
  0.409001            -0.442452981
  0.410001            -0.442695296
  0.411001            -0.442931461
  0.412001            -0.443161460
  0.413001            -0.443385280
  0.414001            -0.443602905
  0.415001            -0.443814320
  0.416001            -0.444019509
  0.417001            -0.444218459
  0.418001            -0.444411154
  0.419001            -0.444597579
  0.420001            -0.444777718
  0.421001            -0.444951558
  0.422001            -0.445119083
  0.423001            -0.445280278
  0.424001            -0.445435128
  0.425001            -0.445583618
  0.426001            -0.445725733
  0.427001            -0.445861458
  0.428001            -0.445990778
  0.429001            -0.446113678
  0.430001            -0.446230143
  0.431001            -0.446340158
  0.432001            -0.446443708
  0.433001            -0.446540778
  0.434001            -0.446631353
  0.435001            -0.446715418
  0.436001            -0.446792958
  0.437001            -0.446863958
  0.438001            -0.446928403
  0.439001            -0.446986279
  0.440001            -0.447037569
  0.441001            -0.447082259
  0.442001            -0.447120334
  0.443001            -0.447151780
  0.444001            -0.447176580
  0.445001            -0.447194720
  0.446001            -0.447206186
  0.447001            -0.447210961
  0.448001            -0.447209031
  0.449001            -0.447200382
  0.450001            -0.447184997
  0.451001            -0.447162863
  0.452001            -0.447133963
  0.453001            -0.447098284
  0.454001            -0.447055809
  0.455001            -0.447006525
  0.456001            -0.446950415
  0.457001            -0.446887466
  0.458001            -0.446817662
  0.459001            -0.446740987
  0.460001            -0.446657428
  0.461001            -0.446566969
  0.462001            -0.446469594
  0.463001            -0.446365290
  0.464001            -0.446254041
  0.465001            -0.446135832
  0.466001            -0.446010647
  0.467001            -0.445878473
  0.468001            -0.445739294
  0.469001            -0.445593095
  0.470001            -0.445439861
  0.471001            -0.445279577
  0.472001            -0.445112228
  0.473001            -0.444937799
  0.474001            -0.444756275
  0.475001            -0.444567641
  0.476001            -0.444371882
  0.477001            -0.444168983
  0.478001            -0.443958929
  0.479001            -0.443741705
  0.480001            -0.443517296
  0.481001            -0.443285687
  0.482001            -0.443046863
  0.483001            -0.442800810
  0.484001            -0.442547511
  0.485001            -0.442286952
  0.486001            -0.442019118
  0.487001            -0.441743995
  0.488001            -0.441461566
  0.489001            -0.441171817
  0.490001            -0.440874734
  0.491001            -0.440570300
  0.492001            -0.440258502
  0.493001            -0.439939323
  0.494001            -0.439612750
  0.495001            -0.439278766
  0.496001            -0.438937358
  0.497001            -0.438588509
  0.498001            -0.438232206
  0.499001            -0.437868432
  0.500001            -0.437497174
  0.501001            -0.437118416
  0.502001            -0.436732142
  0.503001            -0.436338339
  0.504001            -0.435936991
  0.505001            -0.435528083
  0.506001            -0.435111599
  0.507001            -0.434687526
  0.508001            -0.434255848
  0.509001            -0.433816550
  0.510001            -0.433369617
  0.511001            -0.432915034
  0.512001            -0.432452786
  0.513001            -0.431982858
  0.514001            -0.431505235
  0.515001            -0.431019902
  0.516001            -0.430526844
  0.517001            -0.430026046
  0.518001            -0.429517493
  0.519001            -0.429001170
  0.520001            -0.428477063
  0.521001            -0.427945155
  0.522001            -0.427405432
  0.523001            -0.426857879
  0.524001            -0.426302482
  0.525001            -0.425739224
  0.526001            -0.425168091
  0.527001            -0.424589069
  0.528001            -0.424002141
  0.529001            -0.423407294
  0.530001            -0.422804511
  0.531001            -0.422193779
  0.532001            -0.421575081
  0.533001            -0.420948404
  0.534001            -0.420313731
  0.535001            -0.419671049
  0.536001            -0.419020342
  0.537001            -0.418361594
  0.538001            -0.417694792
  0.539001            -0.417019920
  0.540001            -0.416336962
  0.541001            -0.415645905
  0.542001            -0.414946733
  0.543001            -0.414239431
  0.544001            -0.413523984
  0.545001            -0.412800377
  0.546001            -0.412068595
  0.547001            -0.411328623
  0.548001            -0.410580446
  0.549001            -0.409824049
  0.550001            -0.409059417
  0.551001            -0.408286535
  0.552001            -0.407505388
  0.553001            -0.406715961
  0.554001            -0.405918239
  0.555001            -0.405112208
  0.556001            -0.404297851
  0.557001            -0.403475154
  0.558001            -0.402644103
  0.559001            -0.401804681
  0.560001            -0.400956874
  0.561001            -0.400100668
  0.562001            -0.399236046
  0.563001            -0.398362995
  0.564001            -0.397481498
  0.565001            -0.396591542
  0.566001            -0.395693110
  0.567001            -0.394786189
  0.568001            -0.393870763
  0.569001            -0.392946816
  0.570001            -0.392014335
  0.571001            -0.391073304
  0.572001            -0.390123707
  0.573001            -0.389165531
  0.574001            -0.388198760
  0.575001            -0.387223379
  0.576001            -0.386239373
  0.577001            -0.385246727
  0.578001            -0.384245426
  0.579001            -0.383235455
  0.580001            -0.382216799
  0.581001            -0.381189443
  0.582001            -0.380153372
  0.583001            -0.379108571
  0.584001            -0.378055025
  0.585001            -0.376992720
  0.586001            -0.375921639
  0.587001            -0.374841768
  0.588001            -0.373753092
  0.589001            -0.372655597
  0.590001            -0.371549266
  0.591001            -0.370434086
  0.592001            -0.369310040
  0.593001            -0.368177114
  0.594001            -0.367035294
  0.595001            -0.365884564
  0.596001            -0.364724908
  0.597001            -0.363556313
  0.598001            -0.362378762
  0.599001            -0.361192242
  0.600001            -0.359996737
  0.601001            -0.358792232
  0.602001            -0.357578711
  0.603001            -0.356356161
  0.604001            -0.355124566
  0.605001            -0.353883911
  0.606001            -0.352634181
  0.607001            -0.351375361
  0.608001            -0.350107436
  0.609001            -0.348830391
  0.610001            -0.347544211
  0.611001            -0.346248881
  0.612001            -0.344944386
  0.613001            -0.343630712
  0.614001            -0.342307842
  0.615001            -0.340975762
  0.616001            -0.339634457
  0.617001            -0.338283913
  0.618001            -0.336924113
  0.619001            -0.335555044
  0.620001            -0.334176689
  0.621001            -0.332789034
  0.622001            -0.331392065
  0.623001            -0.329985766
  0.624001            -0.328570121
  0.625001            -0.327145117
  0.626001            -0.325710737
  0.627001            -0.324266968
  0.628001            -0.322813794
  0.629001            -0.321351200
  0.630001            -0.319879171
  0.631001            -0.318397691
  0.632001            -0.316906747
  0.633001            -0.315406323
  0.634001            -0.313896404
  0.635001            -0.312376975
  0.636001            -0.310848021
  0.637001            -0.309309527
  0.638001            -0.307761479
  0.639001            -0.306203860
  0.640001            -0.304636656
  0.641001            -0.303059852
  0.642001            -0.301473434
  0.643001            -0.299877385
  0.644001            -0.298271691
  0.645001            -0.296656338
  0.646001            -0.295031309
  0.647001            -0.293396591
  0.648001            -0.291752167
  0.649001            -0.290098024
  0.650001            -0.288434145
  0.651001            -0.286760517
  0.652001            -0.285077124
  0.653001            -0.283383950
  0.654001            -0.281680982
  0.655001            -0.279968204
  0.656001            -0.278245601
  0.657001            -0.276513158
  0.658001            -0.274770860
  0.659001            -0.273018692
  0.660001            -0.271256639
  0.661001            -0.269484686
  0.662001            -0.267702818
  0.663001            -0.265911020
  0.664001            -0.264109277
  0.665001            -0.262297574
  0.666001            -0.260475897
  0.667001            -0.258644229
  0.668001            -0.256802556
  0.669001            -0.254950864
  0.670001            -0.253089136
  0.671001            -0.251217359
  0.672001            -0.249335516
  0.673001            -0.247443594
  0.674001            -0.245541576
  0.675001            -0.243629449
  0.676001            -0.241707197
  0.677001            -0.239774804
  0.678001            -0.237832257
  0.679001            -0.235879540
  0.680001            -0.233916638
  0.681001            -0.231943536
  0.682001            -0.229960219
  0.683001            -0.227966672
  0.684001            -0.225962880
  0.685001            -0.223948828
  0.686001            -0.221924501
  0.687001            -0.219889884
  0.688001            -0.217844962
  0.689001            -0.215789720
  0.690001            -0.213724144
  0.691001            -0.211648217
  0.692001            -0.209561925
  0.693001            -0.207465254
  0.694001            -0.205358187
  0.695001            -0.203240711
  0.696001            -0.201112809
  0.697001            -0.198974468
  0.698001            -0.196825672
  0.699001            -0.194666405
  0.700001            -0.192496654
  0.701001            -0.190316403
  0.702001            -0.188125637
  0.703001            -0.185924340
  0.704001            -0.183712499
  0.705001            -0.181490098
  0.706001            -0.179257122
  0.707001            -0.177013556
  0.708001            -0.174759385
  0.709001            -0.172494595
  0.710001            -0.170219169
  0.711001            -0.167933093
  0.712001            -0.165636352
  0.713001            -0.163328932
  0.714001            -0.161010816
  0.715001            -0.158681990
  0.716001            -0.156342440
  0.717001            -0.153992149
  0.718001            -0.151631104
  0.719001            -0.149259288
  0.720001            -0.146876688
  0.721001            -0.144483288
  0.722001            -0.142079073
  0.723001            -0.139664027
  0.724001            -0.137238137
  0.725001            -0.134801387
  0.726001            -0.132353762
  0.727001            -0.129895247
  0.728001            -0.127425827
  0.729001            -0.124945487
  0.730001            -0.122454212
  0.731001            -0.119951987
  0.732001            -0.117438798
  0.733001            -0.114914628
  0.734001            -0.112379463
  0.735001            -0.109833288
  0.736001            -0.107276089
  0.737001            -0.104707849
  0.738001            -0.102128555
  0.739001            -0.099538190
  0.740001            -0.096936741
  0.741001            -0.094324192
  0.742001            -0.091700527
  0.743001            -0.089065733
  0.744001            -0.086419794
  0.745001            -0.083762695
  0.746001            -0.081094421
  0.747001            -0.078414957
  0.748001            -0.075724288
  0.749001            -0.073022399
  0.750001            -0.070309275
  0.751001            -0.067584901
  0.752001            -0.064849262
  0.753001            -0.062102343
  0.754001            -0.059344130
  0.755001            -0.056574606
  0.756001            -0.053793757
  0.757001            -0.051001569
  0.758001            -0.048198025
  0.759001            -0.045383112
  0.760001            -0.042556813
  0.761001            -0.039719115
  0.762001            -0.036870002
  0.763001            -0.034009458
  0.764001            -0.031137470
  0.765001            -0.028254022
  0.766001            -0.025359099
  0.767001            -0.022452686
  0.768001            -0.019534768
  0.769001            -0.016605330
  0.770001            -0.013664357
  0.771001            -0.010711834
  0.772001            -0.007747747
  0.773001            -0.004772079
  0.774001            -0.001784816
  0.775001             0.001214056
  0.776001             0.004224554
  0.777001             0.007246692
  0.778001             0.010280484
  0.779001             0.013325946
  0.780001             0.016383094
  0.781001             0.019451941
  0.782001             0.022532503
  0.783001             0.025624796
  0.784001             0.028728833
  0.785001             0.031844630
  0.786001             0.034972202
  0.787001             0.038111564
  0.788001             0.041262731
  0.789001             0.044425718
  0.790001             0.047600540
  0.791001             0.050787211
  0.792001             0.053985748
  0.793001             0.057196165
  0.794001             0.060418476
  0.795001             0.063652698
  0.796001             0.066898844
  0.797001             0.070156931
  0.798001             0.073426972
  0.799001             0.076708984
  0.800001             0.080002980
  0.801001             0.083308976
  0.802001             0.086626987
  0.803001             0.089957028
  0.804001             0.093299114
  0.805001             0.096653260
  0.806001             0.100019481
  0.807001             0.103397792
  0.808001             0.106788208
  0.809001             0.110190744
  0.810001             0.113605415
  0.811001             0.117032235
  0.812001             0.120471221
  0.813001             0.123922386
  0.814001             0.127385747
  0.815001             0.130861317
  0.816001             0.134349113
  0.817001             0.137849148
  0.818001             0.141361438
  0.819001             0.144885998
  0.820001             0.148422844
  0.821001             0.151971989
  0.822001             0.155533449
  0.823001             0.159107239
  0.824001             0.162693374
  0.825001             0.166291868
  0.826001             0.169902738
  0.827001             0.173525998
  0.828001             0.177161663
  0.829001             0.180809747
  0.830001             0.184470267
  0.831001             0.188143236
  0.832001             0.191828671
  0.833001             0.195526585
  0.834001             0.199236995
  0.835001             0.202959914
  0.836001             0.206695358
  0.837001             0.210443342
  0.838001             0.214203881
  0.839001             0.217976990
  0.840001             0.221762684
  0.841001             0.225560978
  0.842001             0.229371887
  0.843001             0.233195426
  0.844001             0.237031609
  0.845001             0.240880453
  0.846001             0.244741972
  0.847001             0.248616180
  0.848001             0.252503094
  0.849001             0.256402727
  0.850001             0.260315096
  0.851001             0.264240214
  0.852001             0.268178097
  0.853001             0.272128760
  0.854001             0.276092218
  0.855001             0.280068486
  0.856001             0.284057579
  0.857001             0.288059512
  0.858001             0.292074300
  0.859001             0.296101958
  0.860001             0.300142501
  0.861001             0.304195943
  0.862001             0.308262301
  0.863001             0.312341588
  0.864001             0.316433821
  0.865001             0.320539013
  0.866001             0.324657181
  0.867001             0.328788338
  0.868001             0.332932500
  0.869001             0.337089682
  0.870001             0.341259899
  0.871001             0.345443166
  0.872001             0.349639498
  0.873001             0.353848910
  0.874001             0.358071417
  0.875001             0.362307034
  0.876001             0.366555775
  0.877001             0.370817657
  0.878001             0.375092694
  0.879001             0.379380900
  0.880001             0.383682291
  0.881001             0.387996883
  0.882001             0.392324689
  0.883001             0.396665725
  0.884001             0.401020006
  0.885001             0.405387548
  0.886001             0.409768364
  0.887001             0.414162469
  0.888001             0.418569880
  0.889001             0.422990611
  0.890001             0.427424677
  0.891001             0.431872093
  0.892001             0.436332873
  0.893001             0.440807034
  0.894001             0.445294589
  0.895001             0.449795554
  0.896001             0.454309945
  0.897001             0.458837775
  0.898001             0.463379060
  0.899001             0.467933815
  0.900001             0.472502055
  0.901001             0.477083795
  0.902001             0.481679050
  0.903001             0.486287835
  0.904001             0.490910165
  0.905001             0.495546054
  0.906001             0.500195519
  0.907001             0.504858573
  0.908001             0.509535233
  0.909001             0.514225512
  0.910001             0.518929426
  0.911001             0.523646991
  0.912001             0.528378220
  0.913001             0.533123129
  0.914001             0.537881733
  0.915001             0.542654047
  0.916001             0.547440086
  0.917001             0.552239864
  0.918001             0.557053398
  0.919001             0.561880702
  0.920001             0.566721790
  0.921001             0.571576679
  0.922001             0.576445382
  0.923001             0.581327915
  0.924001             0.586224293
  0.925001             0.591134531
  0.926001             0.596058644
  0.927001             0.600996647
  0.928001             0.605948555
  0.929001             0.610914383
  0.930001             0.615894146
  0.931001             0.620887858
  0.932001             0.625895536
  0.933001             0.630917193
  0.934001             0.635952846
  0.935001             0.641002508
  0.936001             0.646066195
  0.937001             0.651143922
  0.938001             0.656235704
  0.939001             0.661341556
  0.940001             0.666461493
  0.941001             0.671595530
  0.942001             0.676743681
  0.943001             0.681905963
  0.944001             0.687082389
  0.945001             0.692272976
  0.946001             0.697477737
  0.947001             0.702696688
  0.948001             0.707929844
  0.949001             0.713177220
  0.950001             0.718438831
  0.951001             0.723714692
  0.952001             0.729004817
  0.953001             0.734309223
  0.954001             0.739627923
  0.955001             0.744960934
  0.956001             0.750308269
  0.957001             0.755669944
  0.958001             0.761045974
  0.959001             0.766436374
  0.960001             0.771841158
  0.961001             0.777260343
  0.962001             0.782693943
  0.963001             0.788141972
  0.964001             0.793604446
  0.965001             0.799081380
  0.966001             0.804572789
  0.967001             0.810078688
  0.968001             0.815599092
  0.969001             0.821134015
  0.970001             0.826683474
  0.971001             0.832247482
  0.972001             0.837826055
  0.973001             0.843419208
  0.974001             0.849026955
  0.975001             0.854649313
  0.976001             0.860286295
  0.977001             0.865937917
  0.978001             0.871604194
  0.979001             0.877285140
  0.980001             0.882980772
  0.981001             0.888691103
  0.982001             0.894416149
  0.983001             0.900155924
  0.984001             0.905910444
  0.985001             0.911679724
  0.986001             0.917463778
  0.987001             0.923262622
  0.988001             0.929076270
  0.989001             0.934904738
  0.990001             0.940748040
  0.991001             0.946606191
  0.992001             0.952479206
  0.993001             0.958367100
  0.994001             0.964269887
  0.995001             0.970187582
  0.996001             0.976120199
  0.997001             0.982067751
  0.998001             0.988030250
  0.999001             0.994007697
  1.000001             1.000000000
