     0.5000000D+00     0.5000000D+00
     0.2500000D+00     0.7500000D+00
     0.7500000D+00     0.2500000D+00
     0.3750000D+00     0.6250000D+00
     0.8750000D+00     0.1250000D+00
     0.1250000D+00     0.3750000D+00
     0.6250000D+00     0.8750000D+00
     0.3125000D+00     0.3125000D+00
     0.8125000D+00     0.8125000D+00
     0.6250000D-01     0.5625000D+00
     0.5625000D+00     0.6250000D-01
     0.1875000D+00     0.9375000D+00
     0.6875000D+00     0.4375000D+00
     0.4375000D+00     0.1875000D+00
     0.9375000D+00     0.6875000D+00
     0.4687500D+00     0.8437500D+00
     0.9687500D+00     0.3437500D+00
     0.2187500D+00     0.9375000D-01
     0.7187500D+00     0.5937500D+00
     0.9375000D-01     0.4687500D+00
     0.5937500D+00     0.9687500D+00
     0.3437500D+00     0.7187500D+00
     0.8437500D+00     0.2187500D+00
     0.1562500D+00     0.5312500D+00
     0.6562500D+00     0.3125000D-01
     0.4062500D+00     0.2812500D+00
     0.9062500D+00     0.7812500D+00
     0.2812500D+00     0.1562500D+00
     0.7812500D+00     0.6562500D+00
     0.3125000D-01     0.9062500D+00
     0.5312500D+00     0.4062500D+00
     0.2656250D+00     0.6093750D+00
     0.7656250D+00     0.1093750D+00
     0.1562500D-01     0.3593750D+00
     0.5156250D+00     0.8593750D+00
     0.1406250D+00     0.2343750D+00
     0.6406250D+00     0.7343750D+00
     0.3906250D+00     0.9843750D+00
     0.8906250D+00     0.4843750D+00
     0.7812500D-01     0.7968750D+00
     0.5781250D+00     0.2968750D+00
     0.3281250D+00     0.4687500D-01
     0.8281250D+00     0.5468750D+00
     0.4531250D+00     0.4218750D+00
     0.9531250D+00     0.9218750D+00
     0.2031250D+00     0.6718750D+00
     0.7031250D+00     0.1718750D+00
     0.2343750D+00     0.2656250D+00
     0.7343750D+00     0.7656250D+00
     0.4843750D+00     0.5156250D+00
     0.9843750D+00     0.1562500D-01
     0.3593750D+00     0.8906250D+00
     0.8593750D+00     0.3906250D+00
     0.1093750D+00     0.1406250D+00
     0.6093750D+00     0.6406250D+00
     0.4218750D+00     0.7812500D-01
     0.9218750D+00     0.5781250D+00
     0.1718750D+00     0.8281250D+00
     0.6718750D+00     0.3281250D+00
     0.4687500D-01     0.7031250D+00
     0.5468750D+00     0.2031250D+00
     0.2968750D+00     0.4531250D+00
     0.7968750D+00     0.9531250D+00
     0.3984375D+00     0.4453125D+00
     0.8984375D+00     0.9453125D+00
     0.1484375D+00     0.6953125D+00
     0.6484375D+00     0.1953125D+00
     0.2343750D-01     0.8203125D+00
     0.5234375D+00     0.3203125D+00
     0.2734375D+00     0.7031250D-01
     0.7734375D+00     0.5703125D+00
     0.2109375D+00     0.1328125D+00
     0.7109375D+00     0.6328125D+00
     0.4609375D+00     0.8828125D+00
     0.9609375D+00     0.3828125D+00
     0.3359375D+00     0.5078125D+00
     0.8359375D+00     0.7812500D-02
     0.8593750D-01     0.2578125D+00
     0.5859375D+00     0.7578125D+00
     0.1171875D+00     0.6640625D+00
     0.6171875D+00     0.1640625D+00
     0.3671875D+00     0.4140625D+00
     0.8671875D+00     0.9140625D+00
     0.4921875D+00     0.3906250D-01
     0.9921875D+00     0.5390625D+00
     0.2421875D+00     0.7890625D+00
     0.7421875D+00     0.2890625D+00
     0.3046875D+00     0.9765625D+00
     0.8046875D+00     0.4765625D+00
     0.5468750D-01     0.2265625D+00
     0.5546875D+00     0.7265625D+00
     0.1796875D+00     0.3515625D+00
     0.6796875D+00     0.8515625D+00
     0.4296875D+00     0.6015625D+00
     0.9296875D+00     0.1015625D+00
     0.1328125D+00     0.9296875D+00
     0.6328125D+00     0.4296875D+00
     0.3828125D+00     0.1796875D+00
     0.8828125D+00     0.6796875D+00
     0.2578125D+00     0.3046875D+00
     0.7578125D+00     0.8046875D+00
     0.7812500D-02     0.5546875D+00
     0.5078125D+00     0.5468750D-01
     0.4453125D+00     0.7421875D+00
     0.9453125D+00     0.2421875D+00
     0.1953125D+00     0.4921875D+00
     0.6953125D+00     0.9921875D+00
     0.7031250D-01     0.1171875D+00
     0.5703125D+00     0.6171875D+00
     0.3203125D+00     0.8671875D+00
     0.8203125D+00     0.3671875D+00
     0.3515625D+00     0.2109375D+00
     0.8515625D+00     0.7109375D+00
     0.1015625D+00     0.9609375D+00
     0.6015625D+00     0.4609375D+00
     0.2265625D+00     0.5859375D+00
     0.7265625D+00     0.8593750D-01
     0.4765625D+00     0.3359375D+00
     0.9765625D+00     0.8359375D+00
     0.3906250D-01     0.3984375D+00
     0.5390625D+00     0.8984375D+00
     0.2890625D+00     0.6484375D+00
     0.7890625D+00     0.1484375D+00
     0.4140625D+00     0.7734375D+00
     0.9140625D+00     0.2734375D+00
     0.1640625D+00     0.2343750D-01
     0.6640625D+00     0.5234375D+00
     0.3320312D+00     0.7851562D+00
     0.8320312D+00     0.2851562D+00
     0.8203125D-01     0.3515625D-01
     0.5820312D+00     0.5351562D+00
     0.2070312D+00     0.4101562D+00
     0.7070312D+00     0.9101562D+00
     0.4570312D+00     0.6601562D+00
     0.9570312D+00     0.1601562D+00
     0.1953125D-01     0.5976562D+00
     0.5195312D+00     0.9765625D-01
     0.2695312D+00     0.3476562D+00
     0.7695312D+00     0.8476562D+00
     0.3945312D+00     0.2226562D+00
     0.8945312D+00     0.7226562D+00
     0.1445312D+00     0.9726562D+00
     0.6445312D+00     0.4726562D+00
     0.1757812D+00     0.6640625D-01
     0.6757812D+00     0.5664062D+00
     0.4257812D+00     0.8164062D+00
     0.9257812D+00     0.3164062D+00
     0.3007812D+00     0.6914062D+00
     0.8007812D+00     0.1914062D+00
     0.5078125D-01     0.4414062D+00
     0.5507812D+00     0.9414062D+00
     0.4882812D+00     0.2539062D+00
     0.9882812D+00     0.7539062D+00
     0.2382812D+00     0.5039062D+00
     0.7382812D+00     0.3906250D-02
     0.1132812D+00     0.8789062D+00
     0.6132812D+00     0.3789062D+00
     0.3632812D+00     0.1289062D+00
     0.8632812D+00     0.6289062D+00
     0.6640625D-01     0.3320312D+00
     0.5664062D+00     0.8320312D+00
     0.3164062D+00     0.5820312D+00
     0.8164062D+00     0.8203125D-01
     0.4414062D+00     0.9570312D+00
     0.9414062D+00     0.4570312D+00
     0.1914062D+00     0.2070312D+00
     0.6914062D+00     0.7070312D+00
     0.2539062D+00     0.1953125D-01
     0.7539062D+00     0.5195312D+00
     0.3906250D-02     0.7695312D+00
     0.5039062D+00     0.2695312D+00
     0.1289062D+00     0.6445312D+00
     0.6289062D+00     0.1445312D+00
     0.3789062D+00     0.3945312D+00
     0.8789062D+00     0.8945312D+00
     0.4101562D+00     0.5507812D+00
     0.9101562D+00     0.5078125D-01
     0.1601562D+00     0.3007812D+00
     0.6601562D+00     0.8007812D+00
     0.3515625D-01     0.1757812D+00
     0.5351562D+00     0.6757812D+00
     0.2851562D+00     0.9257812D+00
     0.7851562D+00     0.4257812D+00
     0.2226562D+00     0.8632812D+00
     0.7226562D+00     0.3632812D+00
     0.4726562D+00     0.1132812D+00
     0.9726562D+00     0.6132812D+00
     0.3476562D+00     0.4882812D+00
     0.8476562D+00     0.9882812D+00
     0.9765625D-01     0.7382812D+00
     0.5976562D+00     0.2382812D+00
     0.1992188D+00     0.7304688D+00
     0.6992188D+00     0.2304688D+00
     0.4492188D+00     0.4804688D+00
     0.9492188D+00     0.9804688D+00
     0.3242188D+00     0.1054688D+00
     0.8242188D+00     0.6054688D+00
     0.7421875D-01     0.8554688D+00
     0.5742188D+00     0.3554688D+00
     0.3867188D+00     0.9179688D+00
     0.8867188D+00     0.4179688D+00
     0.1367188D+00     0.1679688D+00
     0.6367188D+00     0.6679688D+00
     0.1171875D-01     0.2929688D+00
     0.5117188D+00     0.7929688D+00
     0.2617188D+00     0.5429688D+00
     0.7617188D+00     0.4296875D-01
     0.2929688D+00     0.3867188D+00
     0.7929688D+00     0.8867188D+00
     0.4296875D-01     0.6367188D+00
     0.5429688D+00     0.1367188D+00
     0.1679688D+00     0.7617188D+00
     0.6679688D+00     0.2617188D+00
     0.4179688D+00     0.1171875D-01
     0.9179688D+00     0.5117188D+00
     0.1054688D+00     0.1992188D+00
     0.6054688D+00     0.6992188D+00
     0.3554688D+00     0.9492188D+00
     0.8554688D+00     0.4492188D+00
     0.4804688D+00     0.5742188D+00
     0.9804688D+00     0.7421875D-01
     0.2304688D+00     0.3242188D+00
     0.7304688D+00     0.8242188D+00
     0.4648438D+00     0.1523438D+00
     0.9648438D+00     0.6523438D+00
     0.2148438D+00     0.9023438D+00
     0.7148438D+00     0.4023438D+00
     0.8984375D-01     0.5273438D+00
     0.5898438D+00     0.2734375D-01
     0.3398438D+00     0.2773438D+00
     0.8398438D+00     0.7773438D+00
     0.1523438D+00     0.4648438D+00
     0.6523438D+00     0.9648438D+00
     0.4023438D+00     0.7148438D+00
     0.9023438D+00     0.2148438D+00
     0.2773438D+00     0.8398438D+00
     0.7773438D+00     0.3398438D+00
     0.2734375D-01     0.8984375D-01
     0.5273438D+00     0.5898438D+00
     0.5859375D-01     0.9960938D+00
     0.5585938D+00     0.4960938D+00
     0.3085938D+00     0.2460938D+00
     0.8085938D+00     0.7460938D+00
     0.4335938D+00     0.3710938D+00
     0.9335938D+00     0.8710938D+00
     0.1835938D+00     0.6210938D+00
     0.6835938D+00     0.1210938D+00
     0.3710938D+00     0.6835938D+00
     0.8710938D+00     0.1835938D+00
     0.1210938D+00     0.4335938D+00
     0.6210938D+00     0.9335938D+00
     0.2460938D+00     0.5859375D-01
     0.7460938D+00     0.5585938D+00
     0.4960938D+00     0.8085938D+00
     0.9960938D+00     0.3085938D+00
     0.4980469D+00     0.6542969D+00
     0.9980469D+00     0.1542969D+00
     0.2480469D+00     0.4042969D+00
     0.7480469D+00     0.9042969D+00
     0.1230469D+00     0.2929688D-01
     0.6230469D+00     0.5292969D+00
     0.3730469D+00     0.7792969D+00
     0.8730469D+00     0.2792969D+00
     0.1855469D+00     0.9667969D+00
     0.6855469D+00     0.4667969D+00
     0.4355469D+00     0.2167969D+00
     0.9355469D+00     0.7167969D+00
     0.3105469D+00     0.3417969D+00
     0.8105469D+00     0.8417969D+00
     0.6054688D-01     0.5917969D+00
     0.5605469D+00     0.9179688D-01
     0.2929688D-01     0.4980469D+00
     0.5292969D+00     0.9980469D+00
     0.2792969D+00     0.7480469D+00
     0.7792969D+00     0.2480469D+00
     0.4042969D+00     0.8730469D+00
     0.9042969D+00     0.3730469D+00
     0.1542969D+00     0.1230469D+00
     0.6542969D+00     0.6230469D+00
     0.3417969D+00     0.1855469D+00
     0.8417969D+00     0.6855469D+00
     0.9179688D-01     0.9355469D+00
     0.5917969D+00     0.4355469D+00
     0.2167969D+00     0.5605469D+00
     0.7167969D+00     0.6054688D-01
     0.4667969D+00     0.3105469D+00
     0.9667969D+00     0.8105469D+00
     0.2324219D+00     0.2324219D+00
     0.7324219D+00     0.7324219D+00
     0.4824219D+00     0.9824219D+00
     0.9824219D+00     0.4824219D+00
     0.3574219D+00     0.6074219D+00
     0.8574219D+00     0.1074219D+00
     0.1074219D+00     0.3574219D+00
     0.6074219D+00     0.8574219D+00
     0.4199219D+00     0.4199219D+00
     0.9199219D+00     0.9199219D+00
     0.1699219D+00     0.6699219D+00
     0.6699219D+00     0.1699219D+00
     0.4492188D-01     0.7949219D+00
     0.5449219D+00     0.2949219D+00
     0.2949219D+00     0.4492188D-01
     0.7949219D+00     0.5449219D+00
     0.2636719D+00     0.8886719D+00
     0.7636719D+00     0.3886719D+00
     0.1367188D-01     0.1386719D+00
     0.5136719D+00     0.6386719D+00
     0.1386719D+00     0.2636719D+00
     0.6386719D+00     0.7636719D+00
     0.3886719D+00     0.5136719D+00
     0.8886719D+00     0.1367188D-01
     0.7617188D-01     0.7011719D+00
     0.5761719D+00     0.2011719D+00
     0.3261719D+00     0.4511719D+00
     0.8261719D+00     0.9511719D+00
     0.4511719D+00     0.7617188D-01
     0.9511719D+00     0.5761719D+00
     0.2011719D+00     0.8261719D+00
     0.7011719D+00     0.3261719D+00
     0.9960938D-01     0.8339844D+00
     0.5996094D+00     0.3339844D+00
     0.3496094D+00     0.8398438D-01
     0.8496094D+00     0.5839844D+00
     0.4746094D+00     0.4589844D+00
     0.9746094D+00     0.9589844D+00
     0.2246094D+00     0.7089844D+00
     0.7246094D+00     0.2089844D+00
     0.2871094D+00     0.5214844D+00
     0.7871094D+00     0.2148438D-01
     0.3710938D-01     0.2714844D+00
     0.5371094D+00     0.7714844D+00
     0.1621094D+00     0.1464844D+00
     0.6621094D+00     0.6464844D+00
     0.4121094D+00     0.8964844D+00
     0.9121094D+00     0.3964844D+00
     0.3808594D+00     0.5273438D-01
     0.8808594D+00     0.5527344D+00
     0.1308594D+00     0.8027344D+00
     0.6308594D+00     0.3027344D+00
     0.5859375D-02     0.6777344D+00
     0.5058594D+00     0.1777344D+00
     0.2558594D+00     0.4277344D+00
     0.7558594D+00     0.9277344D+00
     0.1933594D+00     0.3652344D+00
     0.6933594D+00     0.8652344D+00
     0.4433594D+00     0.6152344D+00
     0.9433594D+00     0.1152344D+00
     0.3183594D+00     0.9902344D+00
     0.8183594D+00     0.4902344D+00
     0.6835938D-01     0.2402344D+00
     0.5683594D+00     0.7402344D+00
     0.3652344D+00     0.2871094D+00
     0.8652344D+00     0.7871094D+00
     0.1152344D+00     0.5371094D+00
     0.6152344D+00     0.3710938D-01
     0.2402344D+00     0.9121094D+00
     0.7402344D+00     0.4121094D+00
     0.4902344D+00     0.1621094D+00
     0.9902344D+00     0.6621094D+00
     0.5273438D-01     0.9960938D-01
     0.5527344D+00     0.5996094D+00
     0.3027344D+00     0.8496094D+00
     0.8027344D+00     0.3496094D+00
     0.4277344D+00     0.7246094D+00
     0.9277344D+00     0.2246094D+00
     0.1777344D+00     0.4746094D+00
     0.6777344D+00     0.9746094D+00
     0.1464844D+00     0.5683594D+00
     0.6464844D+00     0.6835938D-01
     0.3964844D+00     0.3183594D+00
     0.8964844D+00     0.8183594D+00
     0.2714844D+00     0.1933594D+00
     0.7714844D+00     0.6933594D+00
     0.2148438D-01     0.9433594D+00
     0.5214844D+00     0.4433594D+00
     0.4589844D+00     0.7558594D+00
     0.9589844D+00     0.2558594D+00
     0.2089844D+00     0.5859375D-02
     0.7089844D+00     0.5058594D+00
     0.8398438D-01     0.3808594D+00
     0.5839844D+00     0.8808594D+00
     0.3339844D+00     0.6308594D+00
     0.8339844D+00     0.1308594D+00
     0.1660156D+00     0.4316406D+00
     0.6660156D+00     0.9316406D+00
     0.4160156D+00     0.6816406D+00
     0.9160156D+00     0.1816406D+00
     0.2910156D+00     0.8066406D+00
     0.7910156D+00     0.3066406D+00
     0.4101562D-01     0.5664062D-01
     0.5410156D+00     0.5566406D+00
     0.4785156D+00     0.2441406D+00
     0.9785156D+00     0.7441406D+00
     0.2285156D+00     0.9941406D+00
     0.7285156D+00     0.4941406D+00
     0.1035156D+00     0.6191406D+00
     0.6035156D+00     0.1191406D+00
     0.3535156D+00     0.3691406D+00
     0.8535156D+00     0.8691406D+00
     0.3222656D+00     0.7128906D+00
