   2     -4.00       62.0000000000
   2     -3.99       61.6804000000
   2     -3.98       61.3616000000
   2     -3.97       61.0436000000
   2     -3.96       60.7264000000
   2     -3.95       60.4100000000
   2     -3.94       60.0944000000
   2     -3.93       59.7796000000
   2     -3.92       59.4656000000
   2     -3.91       59.1524000000
   2     -3.90       58.8400000000
   2     -3.89       58.5284000000
   2     -3.88       58.2176000000
   2     -3.87       57.9076000000
   2     -3.86       57.5984000000
   2     -3.85       57.2900000000
   2     -3.84       56.9824000000
   2     -3.83       56.6756000000
   2     -3.82       56.3696000000
   2     -3.81       56.0644000000
   2     -3.80       55.7600000000
   2     -3.79       55.4564000000
   2     -3.78       55.1536000000
   2     -3.77       54.8516000000
   2     -3.76       54.5504000000
   2     -3.75       54.2500000000
   2     -3.74       53.9504000000
   2     -3.73       53.6516000000
   2     -3.72       53.3536000000
   2     -3.71       53.0564000000
   2     -3.70       52.7600000000
   2     -3.69       52.4644000000
   2     -3.68       52.1696000000
   2     -3.67       51.8756000000
   2     -3.66       51.5824000000
   2     -3.65       51.2900000000
   2     -3.64       50.9984000000
   2     -3.63       50.7076000000
   2     -3.62       50.4176000000
   2     -3.61       50.1284000000
   2     -3.60       49.8400000000
   2     -3.59       49.5524000000
   2     -3.58       49.2656000000
   2     -3.57       48.9796000000
   2     -3.56       48.6944000000
   2     -3.55       48.4100000000
   2     -3.54       48.1264000000
   2     -3.53       47.8436000000
   2     -3.52       47.5616000000
   2     -3.51       47.2804000000
   2     -3.50       47.0000000000
   2     -3.49       46.7204000000
   2     -3.48       46.4416000000
   2     -3.47       46.1636000000
   2     -3.46       45.8864000000
   2     -3.45       45.6100000000
   2     -3.44       45.3344000000
   2     -3.43       45.0596000000
   2     -3.42       44.7856000000
   2     -3.41       44.5124000000
   2     -3.40       44.2400000000
   2     -3.39       43.9684000000
   2     -3.38       43.6976000000
   2     -3.37       43.4276000000
   2     -3.36       43.1584000000
   2     -3.35       42.8900000000
   2     -3.34       42.6224000000
   2     -3.33       42.3556000000
   2     -3.32       42.0896000000
   2     -3.31       41.8244000000
   2     -3.30       41.5600000000
   2     -3.29       41.2964000000
   2     -3.28       41.0336000000
   2     -3.27       40.7716000000
   2     -3.26       40.5104000000
   2     -3.25       40.2500000000
   2     -3.24       39.9904000000
   2     -3.23       39.7316000000
   2     -3.22       39.4736000000
   2     -3.21       39.2164000000
   2     -3.20       38.9600000000
   2     -3.19       38.7044000000
   2     -3.18       38.4496000000
   2     -3.17       38.1956000000
   2     -3.16       37.9424000000
   2     -3.15       37.6900000000
   2     -3.14       37.4384000000
   2     -3.13       37.1876000000
   2     -3.12       36.9376000000
   2     -3.11       36.6884000000
   2     -3.10       36.4400000000
   2     -3.09       36.1924000000
   2     -3.08       35.9456000000
   2     -3.07       35.6996000000
   2     -3.06       35.4544000000
   2     -3.05       35.2100000000
   2     -3.04       34.9664000000
   2     -3.03       34.7236000000
   2     -3.02       34.4816000000
   2     -3.01       34.2404000000
   2     -3.00       34.0000000000
   2     -2.99       33.7604000000
   2     -2.98       33.5216000000
   2     -2.97       33.2836000000
   2     -2.96       33.0464000000
   2     -2.95       32.8100000000
   2     -2.94       32.5744000000
   2     -2.93       32.3396000000
   2     -2.92       32.1056000000
   2     -2.91       31.8724000000
   2     -2.90       31.6400000000
   2     -2.89       31.4084000000
   2     -2.88       31.1776000000
   2     -2.87       30.9476000000
   2     -2.86       30.7184000000
   2     -2.85       30.4900000000
   2     -2.84       30.2624000000
   2     -2.83       30.0356000000
   2     -2.82       29.8096000000
   2     -2.81       29.5844000000
   2     -2.80       29.3600000000
   2     -2.79       29.1364000000
   2     -2.78       28.9136000000
   2     -2.77       28.6916000000
   2     -2.76       28.4704000000
   2     -2.75       28.2500000000
   2     -2.74       28.0304000000
   2     -2.73       27.8116000000
   2     -2.72       27.5936000000
   2     -2.71       27.3764000000
   2     -2.70       27.1600000000
   2     -2.69       26.9444000000
   2     -2.68       26.7296000000
   2     -2.67       26.5156000000
   2     -2.66       26.3024000000
   2     -2.65       26.0900000000
   2     -2.64       25.8784000000
   2     -2.63       25.6676000000
   2     -2.62       25.4576000000
   2     -2.61       25.2484000000
   2     -2.60       25.0400000000
   2     -2.59       24.8324000000
   2     -2.58       24.6256000000
   2     -2.57       24.4196000000
   2     -2.56       24.2144000000
   2     -2.55       24.0100000000
   2     -2.54       23.8064000000
   2     -2.53       23.6036000000
   2     -2.52       23.4016000000
   2     -2.51       23.2004000000
   2     -2.50       23.0000000000
   2     -2.49       22.8004000000
   2     -2.48       22.6016000000
   2     -2.47       22.4036000000
   2     -2.46       22.2064000000
   2     -2.45       22.0100000000
   2     -2.44       21.8144000000
   2     -2.43       21.6196000000
   2     -2.42       21.4256000000
   2     -2.41       21.2324000000
   2     -2.40       21.0400000000
   2     -2.39       20.8484000000
   2     -2.38       20.6576000000
   2     -2.37       20.4676000000
   2     -2.36       20.2784000000
   2     -2.35       20.0900000000
   2     -2.34       19.9024000000
   2     -2.33       19.7156000000
   2     -2.32       19.5296000000
   2     -2.31       19.3444000000
   2     -2.30       19.1600000000
   2     -2.29       18.9764000000
   2     -2.28       18.7936000000
   2     -2.27       18.6116000000
   2     -2.26       18.4304000000
   2     -2.25       18.2500000000
   2     -2.24       18.0704000000
   2     -2.23       17.8916000000
   2     -2.22       17.7136000000
   2     -2.21       17.5364000000
   2     -2.20       17.3600000000
   2     -2.19       17.1844000000
   2     -2.18       17.0096000000
   2     -2.17       16.8356000000
   2     -2.16       16.6624000000
   2     -2.15       16.4900000000
   2     -2.14       16.3184000000
   2     -2.13       16.1476000000
   2     -2.12       15.9776000000
   2     -2.11       15.8084000000
   2     -2.10       15.6400000000
   2     -2.09       15.4724000000
   2     -2.08       15.3056000000
   2     -2.07       15.1396000000
   2     -2.06       14.9744000000
   2     -2.05       14.8100000000
   2     -2.04       14.6464000000
   2     -2.03       14.4836000000
   2     -2.02       14.3216000000
   2     -2.01       14.1604000000
   2     -2.00       14.0000000000
   2     -1.99       13.8404000000
   2     -1.98       13.6816000000
   2     -1.97       13.5236000000
   2     -1.96       13.3664000000
   2     -1.95       13.2100000000
   2     -1.94       13.0544000000
   2     -1.93       12.8996000000
   2     -1.92       12.7456000000
   2     -1.91       12.5924000000
   2     -1.90       12.4400000000
   2     -1.89       12.2884000000
   2     -1.88       12.1376000000
   2     -1.87       11.9876000000
   2     -1.86       11.8384000000
   2     -1.85       11.6900000000
   2     -1.84       11.5424000000
   2     -1.83       11.3956000000
   2     -1.82       11.2496000000
   2     -1.81       11.1044000000
   2     -1.80       10.9600000000
   2     -1.79       10.8164000000
   2     -1.78       10.6736000000
   2     -1.77       10.5316000000
   2     -1.76       10.3904000000
   2     -1.75       10.2500000000
   2     -1.74       10.1104000000
   2     -1.73        9.9716000000
   2     -1.72        9.8336000000
   2     -1.71        9.6964000000
   2     -1.70        9.5600000000
   2     -1.69        9.4244000000
   2     -1.68        9.2896000000
   2     -1.67        9.1556000000
   2     -1.66        9.0224000000
   2     -1.65        8.8900000000
   2     -1.64        8.7584000000
   2     -1.63        8.6276000000
   2     -1.62        8.4976000000
   2     -1.61        8.3684000000
   2     -1.60        8.2400000000
   2     -1.59        8.1124000000
   2     -1.58        7.9856000000
   2     -1.57        7.8596000000
   2     -1.56        7.7344000000
   2     -1.55        7.6100000000
   2     -1.54        7.4864000000
   2     -1.53        7.3636000000
   2     -1.52        7.2416000000
   2     -1.51        7.1204000000
   2     -1.50        7.0000000000
   2     -1.49        6.8804000000
   2     -1.48        6.7616000000
   2     -1.47        6.6436000000
   2     -1.46        6.5264000000
   2     -1.45        6.4100000000
   2     -1.44        6.2944000000
   2     -1.43        6.1796000000
   2     -1.42        6.0656000000
   2     -1.41        5.9524000000
   2     -1.40        5.8400000000
   2     -1.39        5.7284000000
   2     -1.38        5.6176000000
   2     -1.37        5.5076000000
   2     -1.36        5.3984000000
   2     -1.35        5.2900000000
   2     -1.34        5.1824000000
   2     -1.33        5.0756000000
   2     -1.32        4.9696000000
   2     -1.31        4.8644000000
   2     -1.30        4.7600000000
   2     -1.29        4.6564000000
   2     -1.28        4.5536000000
   2     -1.27        4.4516000000
   2     -1.26        4.3504000000
   2     -1.25        4.2500000000
   2     -1.24        4.1504000000
   2     -1.23        4.0516000000
   2     -1.22        3.9536000000
   2     -1.21        3.8564000000
   2     -1.20        3.7600000000
   2     -1.19        3.6644000000
   2     -1.18        3.5696000000
   2     -1.17        3.4756000000
   2     -1.16        3.3824000000
   2     -1.15        3.2900000000
   2     -1.14        3.1984000000
   2     -1.13        3.1076000000
   2     -1.12        3.0176000000
   2     -1.11        2.9284000000
   2     -1.10        2.8400000000
   2     -1.09        2.7524000000
   2     -1.08        2.6656000000
   2     -1.07        2.5796000000
   2     -1.06        2.4944000000
   2     -1.05        2.4100000000
   2     -1.04        2.3264000000
   2     -1.03        2.2436000000
   2     -1.02        2.1616000000
   2     -1.01        2.0804000000
   2     -1.00        2.0000000000
   2     -0.99        1.9204000000
   2     -0.98        1.8416000000
   2     -0.97        1.7636000000
   2     -0.96        1.6864000000
   2     -0.95        1.6100000000
   2     -0.94        1.5344000000
   2     -0.93        1.4596000000
   2     -0.92        1.3856000000
   2     -0.91        1.3124000000
   2     -0.90        1.2400000000
   2     -0.89        1.1684000000
   2     -0.88        1.0976000000
   2     -0.87        1.0276000000
   2     -0.86        0.9584000000
   2     -0.85        0.8900000000
   2     -0.84        0.8224000000
   2     -0.83        0.7556000000
   2     -0.82        0.6896000000
   2     -0.81        0.6244000000
   2     -0.80        0.5600000000
   2     -0.79        0.4964000000
   2     -0.78        0.4336000000
   2     -0.77        0.3716000000
   2     -0.76        0.3104000000
   2     -0.75        0.2500000000
   2     -0.74        0.1904000000
   2     -0.73        0.1316000000
   2     -0.72        0.0736000000
   2     -0.71        0.0164000000
   2     -0.70       -0.0400000000
   2     -0.69       -0.0956000000
   2     -0.68       -0.1504000000
   2     -0.67       -0.2044000000
   2     -0.66       -0.2576000000
   2     -0.65       -0.3100000000
   2     -0.64       -0.3616000000
   2     -0.63       -0.4124000000
   2     -0.62       -0.4624000000
   2     -0.61       -0.5116000000
   2     -0.60       -0.5600000000
   2     -0.59       -0.6076000000
   2     -0.58       -0.6544000000
   2     -0.57       -0.7004000000
   2     -0.56       -0.7456000000
   2     -0.55       -0.7900000000
   2     -0.54       -0.8336000000
   2     -0.53       -0.8764000000
   2     -0.52       -0.9184000000
   2     -0.51       -0.9596000000
   2     -0.50       -1.0000000000
   2     -0.49       -1.0396000000
   2     -0.48       -1.0784000000
   2     -0.47       -1.1164000000
   2     -0.46       -1.1536000000
   2     -0.45       -1.1900000000
   2     -0.44       -1.2256000000
   2     -0.43       -1.2604000000
   2     -0.42       -1.2944000000
   2     -0.41       -1.3276000000
   2     -0.40       -1.3600000000
   2     -0.39       -1.3916000000
   2     -0.38       -1.4224000000
   2     -0.37       -1.4524000000
   2     -0.36       -1.4816000000
   2     -0.35       -1.5100000000
   2     -0.34       -1.5376000000
   2     -0.33       -1.5644000000
   2     -0.32       -1.5904000000
   2     -0.31       -1.6156000000
   2     -0.30       -1.6400000000
   2     -0.29       -1.6636000000
   2     -0.28       -1.6864000000
   2     -0.27       -1.7084000000
   2     -0.26       -1.7296000000
   2     -0.25       -1.7500000000
   2     -0.24       -1.7696000000
   2     -0.23       -1.7884000000
   2     -0.22       -1.8064000000
   2     -0.21       -1.8236000000
   2     -0.20       -1.8400000000
   2     -0.19       -1.8556000000
   2     -0.18       -1.8704000000
   2     -0.17       -1.8844000000
   2     -0.16       -1.8976000000
   2     -0.15       -1.9100000000
   2     -0.14       -1.9216000000
   2     -0.13       -1.9324000000
   2     -0.12       -1.9424000000
   2     -0.11       -1.9516000000
   2     -0.10       -1.9600000000
   2     -0.09       -1.9676000000
   2     -0.08       -1.9744000000
   2     -0.07       -1.9804000000
   2     -0.06       -1.9856000000
   2     -0.05       -1.9900000000
   2     -0.04       -1.9936000000
   2     -0.03       -1.9964000000
   2     -0.02       -1.9984000000
   2     -0.01       -1.9996000000
   2      0.00       -2.0000000000
   2      0.01       -1.9996000000
   2      0.02       -1.9984000000
   2      0.03       -1.9964000000
   2      0.04       -1.9936000000
   2      0.05       -1.9900000000
   2      0.06       -1.9856000000
   2      0.07       -1.9804000000
   2      0.08       -1.9744000000
   2      0.09       -1.9676000000
   2      0.10       -1.9600000000
   2      0.11       -1.9516000000
   2      0.12       -1.9424000000
   2      0.13       -1.9324000000
   2      0.14       -1.9216000000
   2      0.15       -1.9100000000
   2      0.16       -1.8976000000
   2      0.17       -1.8844000000
   2      0.18       -1.8704000000
   2      0.19       -1.8556000000
   2      0.20       -1.8400000000
   2      0.21       -1.8236000000
   2      0.22       -1.8064000000
   2      0.23       -1.7884000000
   2      0.24       -1.7696000000
   2      0.25       -1.7500000000
   2      0.26       -1.7296000000
   2      0.27       -1.7084000000
   2      0.28       -1.6864000000
   2      0.29       -1.6636000000
   2      0.30       -1.6400000000
   2      0.31       -1.6156000000
   2      0.32       -1.5904000000
   2      0.33       -1.5644000000
   2      0.34       -1.5376000000
   2      0.35       -1.5100000000
   2      0.36       -1.4816000000
   2      0.37       -1.4524000000
   2      0.38       -1.4224000000
   2      0.39       -1.3916000000
   2      0.40       -1.3600000000
   2      0.41       -1.3276000000
   2      0.42       -1.2944000000
   2      0.43       -1.2604000000
   2      0.44       -1.2256000000
   2      0.45       -1.1900000000
   2      0.46       -1.1536000000
   2      0.47       -1.1164000000
   2      0.48       -1.0784000000
   2      0.49       -1.0396000000
   2      0.50       -1.0000000000
   2      0.51       -0.9596000000
   2      0.52       -0.9184000000
   2      0.53       -0.8764000000
   2      0.54       -0.8336000000
   2      0.55       -0.7900000000
   2      0.56       -0.7456000000
   2      0.57       -0.7004000000
   2      0.58       -0.6544000000
   2      0.59       -0.6076000000
   2      0.60       -0.5600000000
   2      0.61       -0.5116000000
   2      0.62       -0.4624000000
   2      0.63       -0.4124000000
   2      0.64       -0.3616000000
   2      0.65       -0.3100000000
   2      0.66       -0.2576000000
   2      0.67       -0.2044000000
   2      0.68       -0.1504000000
   2      0.69       -0.0956000000
   2      0.70       -0.0400000000
   2      0.71        0.0164000000
   2      0.72        0.0736000000
   2      0.73        0.1316000000
   2      0.74        0.1904000000
   2      0.75        0.2500000000
   2      0.76        0.3104000000
   2      0.77        0.3716000000
   2      0.78        0.4336000000
   2      0.79        0.4964000000
   2      0.80        0.5600000000
   2      0.81        0.6244000000
   2      0.82        0.6896000000
   2      0.83        0.7556000000
   2      0.84        0.8224000000
   2      0.85        0.8900000000
   2      0.86        0.9584000000
   2      0.87        1.0276000000
   2      0.88        1.0976000000
   2      0.89        1.1684000000
   2      0.90        1.2400000000
   2      0.91        1.3124000000
   2      0.92        1.3856000000
   2      0.93        1.4596000000
   2      0.94        1.5344000000
   2      0.95        1.6100000000
   2      0.96        1.6864000000
   2      0.97        1.7636000000
   2      0.98        1.8416000000
   2      0.99        1.9204000000
   2      1.00        2.0000000000
   2      1.01        2.0804000000
   2      1.02        2.1616000000
   2      1.03        2.2436000000
   2      1.04        2.3264000000
   2      1.05        2.4100000000
   2      1.06        2.4944000000
   2      1.07        2.5796000000
   2      1.08        2.6656000000
   2      1.09        2.7524000000
   2      1.10        2.8400000000
   2      1.11        2.9284000000
   2      1.12        3.0176000000
   2      1.13        3.1076000000
   2      1.14        3.1984000000
   2      1.15        3.2900000000
   2      1.16        3.3824000000
   2      1.17        3.4756000000
   2      1.18        3.5696000000
   2      1.19        3.6644000000
   2      1.20        3.7600000000
   2      1.21        3.8564000000
   2      1.22        3.9536000000
   2      1.23        4.0516000000
   2      1.24        4.1504000000
   2      1.25        4.2500000000
   2      1.26        4.3504000000
   2      1.27        4.4516000000
   2      1.28        4.5536000000
   2      1.29        4.6564000000
   2      1.30        4.7600000000
   2      1.31        4.8644000000
   2      1.32        4.9696000000
   2      1.33        5.0756000000
   2      1.34        5.1824000000
   2      1.35        5.2900000000
   2      1.36        5.3984000000
   2      1.37        5.5076000000
   2      1.38        5.6176000000
   2      1.39        5.7284000000
   2      1.40        5.8400000000
   2      1.41        5.9524000000
   2      1.42        6.0656000000
   2      1.43        6.1796000000
   2      1.44        6.2944000000
   2      1.45        6.4100000000
   2      1.46        6.5264000000
   2      1.47        6.6436000000
   2      1.48        6.7616000000
   2      1.49        6.8804000000
   2      1.50        7.0000000000
   2      1.51        7.1204000000
   2      1.52        7.2416000000
   2      1.53        7.3636000000
   2      1.54        7.4864000000
   2      1.55        7.6100000000
   2      1.56        7.7344000000
   2      1.57        7.8596000000
   2      1.58        7.9856000000
   2      1.59        8.1124000000
   2      1.60        8.2400000000
   2      1.61        8.3684000000
   2      1.62        8.4976000000
   2      1.63        8.6276000000
   2      1.64        8.7584000000
   2      1.65        8.8900000000
   2      1.66        9.0224000000
   2      1.67        9.1556000000
   2      1.68        9.2896000000
   2      1.69        9.4244000000
   2      1.70        9.5600000000
   2      1.71        9.6964000000
   2      1.72        9.8336000000
   2      1.73        9.9716000000
   2      1.74       10.1104000000
   2      1.75       10.2500000000
   2      1.76       10.3904000000
   2      1.77       10.5316000000
   2      1.78       10.6736000000
   2      1.79       10.8164000000
   2      1.80       10.9600000000
   2      1.81       11.1044000000
   2      1.82       11.2496000000
   2      1.83       11.3956000000
   2      1.84       11.5424000000
   2      1.85       11.6900000000
   2      1.86       11.8384000000
   2      1.87       11.9876000000
   2      1.88       12.1376000000
   2      1.89       12.2884000000
   2      1.90       12.4400000000
   2      1.91       12.5924000000
   2      1.92       12.7456000000
   2      1.93       12.8996000000
   2      1.94       13.0544000000
   2      1.95       13.2100000000
   2      1.96       13.3664000000
   2      1.97       13.5236000000
   2      1.98       13.6816000000
   2      1.99       13.8404000000
   2      2.00       14.0000000000
   2      2.01       14.1604000000
   2      2.02       14.3216000000
   2      2.03       14.4836000000
   2      2.04       14.6464000000
   2      2.05       14.8100000000
   2      2.06       14.9744000000
   2      2.07       15.1396000000
   2      2.08       15.3056000000
   2      2.09       15.4724000000
   2      2.10       15.6400000000
   2      2.11       15.8084000000
   2      2.12       15.9776000000
   2      2.13       16.1476000000
   2      2.14       16.3184000000
   2      2.15       16.4900000000
   2      2.16       16.6624000000
   2      2.17       16.8356000000
   2      2.18       17.0096000000
   2      2.19       17.1844000000
   2      2.20       17.3600000000
   2      2.21       17.5364000000
   2      2.22       17.7136000000
   2      2.23       17.8916000000
   2      2.24       18.0704000000
   2      2.25       18.2500000000
   2      2.26       18.4304000000
   2      2.27       18.6116000000
   2      2.28       18.7936000000
   2      2.29       18.9764000000
   2      2.30       19.1600000000
   2      2.31       19.3444000000
   2      2.32       19.5296000000
   2      2.33       19.7156000000
   2      2.34       19.9024000000
   2      2.35       20.0900000000
   2      2.36       20.2784000000
   2      2.37       20.4676000000
   2      2.38       20.6576000000
   2      2.39       20.8484000000
   2      2.40       21.0400000000
   2      2.41       21.2324000000
   2      2.42       21.4256000000
   2      2.43       21.6196000000
   2      2.44       21.8144000000
   2      2.45       22.0100000000
   2      2.46       22.2064000000
   2      2.47       22.4036000000
   2      2.48       22.6016000000
   2      2.49       22.8004000000
   2      2.50       23.0000000000
   2      2.51       23.2004000000
   2      2.52       23.4016000000
   2      2.53       23.6036000000
   2      2.54       23.8064000000
   2      2.55       24.0100000000
   2      2.56       24.2144000000
   2      2.57       24.4196000000
   2      2.58       24.6256000000
   2      2.59       24.8324000000
   2      2.60       25.0400000000
   2      2.61       25.2484000000
   2      2.62       25.4576000000
   2      2.63       25.6676000000
   2      2.64       25.8784000000
   2      2.65       26.0900000000
   2      2.66       26.3024000000
   2      2.67       26.5156000000
   2      2.68       26.7296000000
   2      2.69       26.9444000000
   2      2.70       27.1600000000
   2      2.71       27.3764000000
   2      2.72       27.5936000000
   2      2.73       27.8116000000
   2      2.74       28.0304000000
   2      2.75       28.2500000000
   2      2.76       28.4704000000
   2      2.77       28.6916000000
   2      2.78       28.9136000000
   2      2.79       29.1364000000
   2      2.80       29.3600000000
   2      2.81       29.5844000000
   2      2.82       29.8096000000
   2      2.83       30.0356000000
   2      2.84       30.2624000000
   2      2.85       30.4900000000
   2      2.86       30.7184000000
   2      2.87       30.9476000000
   2      2.88       31.1776000000
   2      2.89       31.4084000000
   2      2.90       31.6400000000
   2      2.91       31.8724000000
   2      2.92       32.1056000000
   2      2.93       32.3396000000
   2      2.94       32.5744000000
   2      2.95       32.8100000000
   2      2.96       33.0464000000
   2      2.97       33.2836000000
   2      2.98       33.5216000000
   2      2.99       33.7604000000
   2      3.00       34.0000000000
   2      3.01       34.2404000000
   2      3.02       34.4816000000
   2      3.03       34.7236000000
   2      3.04       34.9664000000
   2      3.05       35.2100000000
   2      3.06       35.4544000000
   2      3.07       35.6996000000
   2      3.08       35.9456000000
   2      3.09       36.1924000000
   2      3.10       36.4400000000
   2      3.11       36.6884000000
   2      3.12       36.9376000000
   2      3.13       37.1876000000
   2      3.14       37.4384000000
   2      3.15       37.6900000000
   2      3.16       37.9424000000
   2      3.17       38.1956000000
   2      3.18       38.4496000000
   2      3.19       38.7044000000
   2      3.20       38.9600000000
   2      3.21       39.2164000000
   2      3.22       39.4736000000
   2      3.23       39.7316000000
   2      3.24       39.9904000000
   2      3.25       40.2500000000
   2      3.26       40.5104000000
   2      3.27       40.7716000000
   2      3.28       41.0336000000
   2      3.29       41.2964000000
   2      3.30       41.5600000000
   2      3.31       41.8244000000
   2      3.32       42.0896000000
   2      3.33       42.3556000000
   2      3.34       42.6224000000
   2      3.35       42.8900000000
   2      3.36       43.1584000000
   2      3.37       43.4276000000
   2      3.38       43.6976000000
   2      3.39       43.9684000000
   2      3.40       44.2400000000
   2      3.41       44.5124000000
   2      3.42       44.7856000000
   2      3.43       45.0596000000
   2      3.44       45.3344000000
   2      3.45       45.6100000000
   2      3.46       45.8864000000
   2      3.47       46.1636000000
   2      3.48       46.4416000000
   2      3.49       46.7204000000
   2      3.50       47.0000000000
   2      3.51       47.2804000000
   2      3.52       47.5616000000
   2      3.53       47.8436000000
   2      3.54       48.1264000000
   2      3.55       48.4100000000
   2      3.56       48.6944000000
   2      3.57       48.9796000000
   2      3.58       49.2656000000
   2      3.59       49.5524000000
   2      3.60       49.8400000000
   2      3.61       50.1284000000
   2      3.62       50.4176000000
   2      3.63       50.7076000000
   2      3.64       50.9984000000
   2      3.65       51.2900000000
   2      3.66       51.5824000000
   2      3.67       51.8756000000
   2      3.68       52.1696000000
   2      3.69       52.4644000000
   2      3.70       52.7600000000
   2      3.71       53.0564000000
   2      3.72       53.3536000000
   2      3.73       53.6516000000
   2      3.74       53.9504000000
   2      3.75       54.2500000000
   2      3.76       54.5504000000
   2      3.77       54.8516000000
   2      3.78       55.1536000000
   2      3.79       55.4564000000
   2      3.80       55.7600000000
   2      3.81       56.0644000000
   2      3.82       56.3696000000
   2      3.83       56.6756000000
   2      3.84       56.9824000000
   2      3.85       57.2900000000
   2      3.86       57.5984000000
   2      3.87       57.9076000000
   2      3.88       58.2176000000
   2      3.89       58.5284000000
   2      3.90       58.8400000000
   2      3.91       59.1524000000
   2      3.92       59.4656000000
   2      3.93       59.7796000000
   2      3.94       60.0944000000
   2      3.95       60.4100000000
   2      3.96       60.7264000000
   2      3.97       61.0436000000
   2      3.98       61.3616000000
   2      3.99       61.6804000000
   2      4.00       62.0000000000
