 # potential for l= 0 and q'= 2.5 fm^-1
 
              #q        vl(q,q')
    1.000000E-02   -1.764556E-06
    2.000000E-02   -1.764599E-06
    3.000000E-02   -1.764671E-06
    4.000000E-02   -1.764772E-06
    5.000000E-02   -1.764901E-06
    6.000000E-02   -1.765058E-06
    7.000000E-02   -1.765245E-06
    8.000000E-02   -1.765459E-06
    9.000000E-02   -1.765703E-06
    1.000000E-01   -1.765975E-06
    1.100000E-01   -1.766275E-06
    1.200000E-01   -1.766603E-06
    1.300000E-01   -1.766960E-06
    1.400000E-01   -1.767345E-06
    1.500000E-01   -1.767758E-06
    1.600000E-01   -1.768199E-06
    1.700000E-01   -1.768669E-06
    1.800000E-01   -1.769165E-06
    1.900000E-01   -1.769690E-06
    2.000000E-01   -1.770242E-06
    2.100000E-01   -1.770822E-06
    2.200000E-01   -1.771429E-06
    2.300000E-01   -1.772063E-06
    2.400000E-01   -1.772725E-06
    2.500000E-01   -1.773413E-06
    2.600000E-01   -1.774129E-06
    2.700000E-01   -1.774870E-06
    2.800000E-01   -1.775639E-06
    2.900000E-01   -1.776433E-06
    3.000000E-01   -1.777254E-06
    3.100000E-01   -1.778101E-06
    3.200000E-01   -1.778974E-06
    3.300000E-01   -1.779872E-06
    3.400000E-01   -1.780795E-06
    3.500000E-01   -1.781744E-06
    3.600000E-01   -1.782718E-06
    3.700000E-01   -1.783716E-06
    3.800000E-01   -1.784739E-06
    3.900000E-01   -1.785786E-06
    4.000000E-01   -1.786858E-06
    4.100000E-01   -1.787953E-06
    4.200000E-01   -1.789071E-06
    4.300000E-01   -1.790213E-06
    4.400000E-01   -1.791378E-06
    4.500000E-01   -1.792566E-06
    4.600000E-01   -1.793776E-06
    4.700000E-01   -1.795008E-06
    4.800000E-01   -1.796262E-06
    4.900000E-01   -1.797538E-06
    5.000000E-01   -1.798835E-06
    5.100000E-01   -1.800152E-06
    5.200000E-01   -1.801491E-06
    5.300000E-01   -1.802850E-06
    5.400000E-01   -1.804228E-06
    5.500000E-01   -1.805627E-06
    5.600000E-01   -1.807044E-06
    5.700000E-01   -1.808481E-06
    5.800000E-01   -1.809936E-06
    5.900000E-01   -1.811409E-06
    6.000000E-01   -1.812900E-06
    6.100000E-01   -1.814408E-06
    6.200000E-01   -1.815933E-06
    6.300000E-01   -1.817475E-06
    6.400000E-01   -1.819033E-06
    6.500000E-01   -1.820607E-06
    6.600000E-01   -1.822196E-06
    6.700000E-01   -1.823800E-06
    6.800000E-01   -1.825418E-06
    6.900000E-01   -1.827051E-06
    7.000000E-01   -1.828697E-06
    7.100000E-01   -1.830355E-06
    7.200000E-01   -1.832027E-06
    7.300000E-01   -1.833711E-06
    7.400000E-01   -1.835406E-06
    7.500000E-01   -1.837112E-06
    7.600000E-01   -1.838829E-06
    7.700000E-01   -1.840556E-06
    7.800000E-01   -1.842293E-06
    7.900000E-01   -1.844038E-06
    8.000000E-01   -1.845792E-06
    8.100000E-01   -1.847554E-06
    8.200000E-01   -1.849324E-06
    8.300000E-01   -1.851100E-06
    8.400000E-01   -1.852883E-06
    8.500000E-01   -1.854671E-06
    8.600000E-01   -1.856464E-06
    8.700000E-01   -1.858262E-06
    8.800000E-01   -1.860063E-06
    8.900000E-01   -1.861868E-06
    9.000000E-01   -1.863676E-06
    9.100000E-01   -1.865485E-06
    9.200000E-01   -1.867296E-06
    9.300000E-01   -1.869108E-06
    9.400000E-01   -1.870920E-06
    9.500000E-01   -1.872731E-06
    9.600000E-01   -1.874541E-06
    9.700000E-01   -1.876348E-06
    9.800000E-01   -1.878154E-06
    9.900000E-01   -1.879956E-06
    1.000000E+00   -1.881753E-06
    1.010000E+00   -1.883546E-06
    1.020000E+00   -1.885334E-06
    1.030000E+00   -1.887115E-06
    1.040000E+00   -1.888890E-06
    1.050000E+00   -1.890656E-06
    1.060000E+00   -1.892415E-06
    1.070000E+00   -1.894164E-06
    1.080000E+00   -1.895903E-06
    1.090000E+00   -1.897631E-06
    1.100000E+00   -1.899348E-06
    1.110000E+00   -1.901052E-06
    1.120000E+00   -1.902743E-06
    1.130000E+00   -1.904420E-06
    1.140000E+00   -1.906082E-06
    1.150000E+00   -1.907729E-06
    1.160000E+00   -1.909359E-06
    1.170000E+00   -1.910972E-06
    1.180000E+00   -1.912567E-06
    1.190000E+00   -1.914143E-06
    1.200000E+00   -1.915699E-06
    1.210000E+00   -1.917234E-06
    1.220000E+00   -1.918747E-06
    1.230000E+00   -1.920238E-06
    1.240000E+00   -1.921706E-06
    1.250000E+00   -1.923149E-06
    1.260000E+00   -1.924567E-06
    1.270000E+00   -1.925959E-06
    1.280000E+00   -1.927324E-06
    1.290000E+00   -1.928661E-06
    1.300000E+00   -1.929969E-06
    1.310000E+00   -1.931247E-06
    1.320000E+00   -1.932495E-06
    1.330000E+00   -1.933710E-06
    1.340000E+00   -1.934894E-06
    1.350000E+00   -1.936043E-06
    1.360000E+00   -1.937158E-06
    1.370000E+00   -1.938237E-06
    1.380000E+00   -1.939280E-06
    1.390000E+00   -1.940286E-06
    1.400000E+00   -1.941253E-06
    1.410000E+00   -1.942180E-06
    1.420000E+00   -1.943067E-06
    1.430000E+00   -1.943913E-06
    1.440000E+00   -1.944716E-06
    1.450000E+00   -1.945476E-06
    1.460000E+00   -1.946192E-06
    1.470000E+00   -1.946862E-06
    1.480000E+00   -1.947486E-06
    1.490000E+00   -1.948063E-06
    1.500000E+00   -1.948591E-06
    1.510000E+00   -1.949070E-06
    1.520000E+00   -1.949499E-06
    1.530000E+00   -1.949876E-06
    1.540000E+00   -1.950201E-06
    1.550000E+00   -1.950473E-06
    1.560000E+00   -1.950690E-06
    1.570000E+00   -1.950852E-06
    1.580000E+00   -1.950958E-06
    1.590000E+00   -1.951007E-06
    1.600000E+00   -1.950997E-06
    1.610000E+00   -1.950928E-06
    1.620000E+00   -1.950799E-06
    1.630000E+00   -1.950609E-06
    1.640000E+00   -1.950357E-06
    1.650000E+00   -1.950042E-06
    1.660000E+00   -1.949662E-06
    1.670000E+00   -1.949218E-06
    1.680000E+00   -1.948708E-06
    1.690000E+00   -1.948131E-06
    1.700000E+00   -1.947486E-06
    1.710000E+00   -1.946773E-06
    1.720000E+00   -1.945990E-06
    1.730000E+00   -1.945136E-06
    1.740000E+00   -1.944211E-06
    1.750000E+00   -1.943214E-06
    1.760000E+00   -1.942144E-06
    1.770000E+00   -1.941000E-06
    1.780000E+00   -1.939781E-06
    1.790000E+00   -1.938487E-06
    1.800000E+00   -1.937116E-06
    1.810000E+00   -1.935668E-06
    1.820000E+00   -1.934142E-06
    1.830000E+00   -1.932537E-06
    1.840000E+00   -1.930853E-06
    1.850000E+00   -1.929088E-06
    1.860000E+00   -1.927243E-06
    1.870000E+00   -1.925315E-06
    1.880000E+00   -1.923306E-06
    1.890000E+00   -1.921213E-06
    1.900000E+00   -1.919036E-06
    1.910000E+00   -1.916776E-06
    1.920000E+00   -1.914430E-06
    1.930000E+00   -1.911999E-06
    1.940000E+00   -1.909481E-06
    1.950000E+00   -1.906878E-06
    1.960000E+00   -1.904186E-06
    1.970000E+00   -1.901408E-06
    1.980000E+00   -1.898541E-06
    1.990000E+00   -1.895585E-06
    2.000000E+00   -1.892541E-06
    2.010000E+00   -1.889407E-06
    2.020000E+00   -1.886183E-06
    2.030000E+00   -1.882869E-06
    2.040000E+00   -1.879464E-06
    2.050000E+00   -1.875969E-06
    2.060000E+00   -1.872383E-06
    2.070000E+00   -1.868705E-06
    2.080000E+00   -1.864936E-06
    2.090000E+00   -1.861075E-06
    2.100000E+00   -1.857122E-06
    2.110000E+00   -1.853077E-06
    2.120000E+00   -1.848940E-06
    2.130000E+00   -1.844711E-06
    2.140000E+00   -1.840389E-06
    2.150000E+00   -1.835975E-06
    2.160000E+00   -1.831469E-06
    2.170000E+00   -1.826871E-06
    2.180000E+00   -1.822180E-06
    2.190000E+00   -1.817398E-06
    2.200000E+00   -1.812523E-06
    2.210000E+00   -1.807557E-06
    2.220000E+00   -1.802499E-06
    2.230000E+00   -1.797351E-06
    2.240000E+00   -1.792111E-06
    2.250000E+00   -1.786780E-06
    2.260000E+00   -1.781359E-06
    2.270000E+00   -1.775848E-06
    2.280000E+00   -1.770247E-06
    2.290000E+00   -1.764557E-06
    2.300000E+00   -1.758778E-06
    2.310000E+00   -1.752911E-06
    2.320000E+00   -1.746956E-06
    2.330000E+00   -1.740914E-06
    2.340000E+00   -1.734786E-06
    2.350000E+00   -1.728571E-06
    2.360000E+00   -1.722271E-06
    2.370000E+00   -1.715887E-06
    2.380000E+00   -1.709418E-06
    2.390000E+00   -1.702867E-06
    2.400000E+00   -1.696233E-06
    2.410000E+00   -1.689517E-06
    2.420000E+00   -1.682721E-06
    2.430000E+00   -1.675844E-06
    2.440000E+00   -1.668889E-06
    2.450000E+00   -1.661855E-06
    2.460000E+00   -1.654744E-06
    2.470000E+00   -1.647557E-06
    2.480000E+00   -1.640295E-06
    2.490000E+00   -1.632959E-06
    2.500000E+00   -1.625549E-06
    2.510000E+00   -1.618067E-06
    2.520000E+00   -1.610515E-06
    2.530000E+00   -1.602892E-06
    2.540000E+00   -1.595201E-06
    2.550000E+00   -1.587442E-06
    2.560000E+00   -1.579617E-06
    2.570000E+00   -1.571727E-06
    2.580000E+00   -1.563773E-06
    2.590000E+00   -1.555757E-06
    2.600000E+00   -1.547679E-06
    2.610000E+00   -1.539541E-06
    2.620000E+00   -1.531344E-06
    2.630000E+00   -1.523090E-06
    2.640000E+00   -1.514779E-06
    2.650000E+00   -1.506414E-06
    2.660000E+00   -1.497996E-06
    2.670000E+00   -1.489526E-06
    2.680000E+00   -1.481005E-06
    2.690000E+00   -1.472435E-06
    2.700000E+00   -1.463817E-06
    2.710000E+00   -1.455153E-06
    2.720000E+00   -1.446444E-06
    2.730000E+00   -1.437692E-06
    2.740000E+00   -1.428898E-06
    2.750000E+00   -1.420063E-06
    2.760000E+00   -1.411190E-06
    2.770000E+00   -1.402279E-06
    2.780000E+00   -1.393332E-06
    2.790000E+00   -1.384350E-06
    2.800000E+00   -1.375336E-06
    2.810000E+00   -1.366290E-06
    2.820000E+00   -1.357214E-06
    2.830000E+00   -1.348109E-06
    2.840000E+00   -1.338978E-06
    2.850000E+00   -1.329821E-06
    2.860000E+00   -1.320640E-06
    2.870000E+00   -1.311436E-06
    2.880000E+00   -1.302212E-06
    2.890000E+00   -1.292968E-06
    2.900000E+00   -1.283706E-06
    2.910000E+00   -1.274427E-06
    2.920000E+00   -1.265133E-06
    2.930000E+00   -1.255826E-06
    2.940000E+00   -1.246507E-06
    2.950000E+00   -1.237177E-06
    2.960000E+00   -1.227837E-06
    2.970000E+00   -1.218490E-06
    2.980000E+00   -1.209137E-06
    2.990000E+00   -1.199778E-06
    3.000000E+00   -1.190416E-06
    3.010000E+00   -1.181052E-06
    3.020000E+00   -1.171687E-06
    3.030000E+00   -1.162323E-06
    3.040000E+00   -1.152961E-06
    3.050000E+00   -1.143602E-06
    3.060000E+00   -1.134247E-06
    3.070000E+00   -1.124899E-06
    3.080000E+00   -1.115558E-06
    3.090000E+00   -1.106225E-06
    3.100000E+00   -1.096902E-06
    3.110000E+00   -1.087590E-06
    3.120000E+00   -1.078291E-06
    3.130000E+00   -1.069005E-06
    3.140000E+00   -1.059733E-06
    3.150000E+00   -1.050478E-06
    3.160000E+00   -1.041239E-06
    3.170000E+00   -1.032019E-06
    3.180000E+00   -1.022818E-06
    3.190000E+00   -1.013638E-06
    3.200000E+00   -1.004479E-06
    3.210000E+00   -9.953431E-07
    3.220000E+00   -9.862306E-07
    3.230000E+00   -9.771428E-07
    3.240000E+00   -9.680807E-07
    3.250000E+00   -9.590454E-07
    3.260000E+00   -9.500377E-07
    3.270000E+00   -9.410587E-07
    3.280000E+00   -9.321094E-07
    3.290000E+00   -9.231905E-07
    3.300000E+00   -9.143031E-07
    3.310000E+00   -9.054479E-07
    3.320000E+00   -8.966259E-07
    3.330000E+00   -8.878378E-07
    3.340000E+00   -8.790846E-07
    3.350000E+00   -8.703669E-07
    3.360000E+00   -8.616857E-07
    3.370000E+00   -8.530415E-07
    3.380000E+00   -8.444352E-07
    3.390000E+00   -8.358675E-07
    3.400000E+00   -8.273390E-07
    3.410000E+00   -8.188505E-07
    3.420000E+00   -8.104026E-07
    3.430000E+00   -8.019959E-07
    3.440000E+00   -7.936310E-07
    3.450000E+00   -7.853087E-07
    3.460000E+00   -7.770293E-07
    3.470000E+00   -7.687935E-07
    3.480000E+00   -7.606019E-07
    3.490000E+00   -7.524548E-07
    3.500000E+00   -7.443529E-07
    3.510000E+00   -7.362967E-07
    3.520000E+00   -7.282865E-07
    3.530000E+00   -7.203229E-07
    3.540000E+00   -7.124062E-07
    3.550000E+00   -7.045369E-07
    3.560000E+00   -6.967153E-07
    3.570000E+00   -6.889419E-07
    3.580000E+00   -6.812170E-07
    3.590000E+00   -6.735409E-07
    3.600000E+00   -6.659140E-07
    3.610000E+00   -6.583366E-07
    3.620000E+00   -6.508089E-07
    3.630000E+00   -6.433312E-07
    3.640000E+00   -6.359038E-07
    3.650000E+00   -6.285270E-07
    3.660000E+00   -6.212009E-07
    3.670000E+00   -6.139257E-07
    3.680000E+00   -6.067018E-07
    3.690000E+00   -5.995292E-07
    3.700000E+00   -5.924081E-07
    3.710000E+00   -5.853387E-07
    3.720000E+00   -5.783211E-07
    3.730000E+00   -5.713554E-07
    3.740000E+00   -5.644418E-07
    3.750000E+00   -5.575803E-07
    3.760000E+00   -5.507711E-07
    3.770000E+00   -5.440142E-07
    3.780000E+00   -5.373097E-07
    3.790000E+00   -5.306575E-07
    3.800000E+00   -5.240579E-07
    3.810000E+00   -5.175107E-07
    3.820000E+00   -5.110160E-07
    3.830000E+00   -5.045738E-07
    3.840000E+00   -4.981841E-07
    3.850000E+00   -4.918469E-07
    3.860000E+00   -4.855622E-07
    3.870000E+00   -4.793298E-07
    3.880000E+00   -4.731498E-07
    3.890000E+00   -4.670221E-07
    3.900000E+00   -4.609466E-07
    3.910000E+00   -4.549232E-07
    3.920000E+00   -4.489519E-07
    3.930000E+00   -4.430326E-07
    3.940000E+00   -4.371652E-07
    3.950000E+00   -4.313495E-07
    3.960000E+00   -4.255854E-07
    3.970000E+00   -4.198728E-07
    3.980000E+00   -4.142116E-07
    3.990000E+00   -4.086015E-07
    4.000000E+00   -4.030426E-07
    4.010000E+00   -3.975345E-07
    4.020000E+00   -3.920772E-07
    4.030000E+00   -3.866705E-07
    4.040000E+00   -3.813142E-07
    4.050000E+00   -3.760080E-07
    4.060000E+00   -3.707519E-07
    4.070000E+00   -3.655456E-07
    4.080000E+00   -3.603889E-07
    4.090000E+00   -3.552816E-07
    4.100000E+00   -3.502235E-07
    4.110000E+00   -3.452144E-07
    4.120000E+00   -3.402540E-07
    4.130000E+00   -3.353422E-07
    4.140000E+00   -3.304786E-07
    4.150000E+00   -3.256631E-07
    4.160000E+00   -3.208954E-07
    4.170000E+00   -3.161753E-07
    4.180000E+00   -3.115025E-07
    4.190000E+00   -3.068768E-07
    4.200000E+00   -3.022979E-07
    4.210000E+00   -2.977655E-07
    4.220000E+00   -2.932795E-07
    4.230000E+00   -2.888394E-07
    4.240000E+00   -2.844451E-07
    4.250000E+00   -2.800963E-07
    4.260000E+00   -2.757927E-07
    4.270000E+00   -2.715340E-07
    4.280000E+00   -2.673200E-07
    4.290000E+00   -2.631504E-07
    4.300000E+00   -2.590248E-07
    4.310000E+00   -2.549430E-07
    4.320000E+00   -2.509048E-07
    4.330000E+00   -2.469097E-07
    4.340000E+00   -2.429576E-07
    4.350000E+00   -2.390482E-07
    4.360000E+00   -2.351810E-07
    4.370000E+00   -2.313560E-07
    4.380000E+00   -2.275726E-07
    4.390000E+00   -2.238308E-07
    4.400000E+00   -2.201300E-07
    4.410000E+00   -2.164702E-07
    4.420000E+00   -2.128508E-07
    4.430000E+00   -2.092718E-07
    4.440000E+00   -2.057326E-07
    4.450000E+00   -2.022332E-07
    4.460000E+00   -1.987730E-07
    4.470000E+00   -1.953519E-07
    4.480000E+00   -1.919696E-07
    4.490000E+00   -1.886256E-07
    4.500000E+00   -1.853198E-07
    4.510000E+00   -1.820518E-07
    4.520000E+00   -1.788213E-07
    4.530000E+00   -1.756280E-07
    4.540000E+00   -1.724717E-07
    4.550000E+00   -1.693519E-07
    4.560000E+00   -1.662685E-07
    4.570000E+00   -1.632210E-07
    4.580000E+00   -1.602092E-07
    4.590000E+00   -1.572328E-07
    4.600000E+00   -1.542915E-07
    4.610000E+00   -1.513850E-07
    4.620000E+00   -1.485130E-07
    4.630000E+00   -1.456751E-07
    4.640000E+00   -1.428711E-07
    4.650000E+00   -1.401008E-07
    4.660000E+00   -1.373637E-07
    4.670000E+00   -1.346596E-07
    4.680000E+00   -1.319882E-07
    4.690000E+00   -1.293492E-07
    4.700000E+00   -1.267423E-07
    4.710000E+00   -1.241672E-07
    4.720000E+00   -1.216236E-07
    4.730000E+00   -1.191113E-07
    4.740000E+00   -1.166299E-07
    4.750000E+00   -1.141792E-07
    4.760000E+00   -1.117588E-07
    4.770000E+00   -1.093685E-07
    4.780000E+00   -1.070080E-07
    4.790000E+00   -1.046770E-07
    4.800000E+00   -1.023753E-07
    4.810000E+00   -1.001025E-07
    4.820000E+00   -9.785837E-08
    4.830000E+00   -9.564263E-08
    4.840000E+00   -9.345501E-08
    4.850000E+00   -9.129524E-08
    4.860000E+00   -8.916303E-08
    4.870000E+00   -8.705813E-08
    4.880000E+00   -8.498025E-08
    4.890000E+00   -8.292913E-08
    4.900000E+00   -8.090451E-08
    4.910000E+00   -7.890611E-08
    4.920000E+00   -7.693367E-08
    4.930000E+00   -7.498694E-08
    4.940000E+00   -7.306565E-08
    4.950000E+00   -7.116955E-08
    4.960000E+00   -6.929837E-08
    4.970000E+00   -6.745186E-08
    4.980000E+00   -6.562976E-08
    4.990000E+00   -6.383183E-08
    5.000000E+00   -6.205782E-08
    5.010000E+00   -6.030748E-08
    5.020000E+00   -5.858055E-08
    5.030000E+00   -5.687680E-08
    5.040000E+00   -5.519598E-08
    5.050000E+00   -5.353785E-08
    5.060000E+00   -5.190217E-08
    5.070000E+00   -5.028870E-08
    5.080000E+00   -4.869721E-08
    5.090000E+00   -4.712746E-08
    5.100000E+00   -4.557922E-08
    5.110000E+00   -4.405226E-08
    5.120000E+00   -4.254635E-08
    5.130000E+00   -4.106126E-08
    5.140000E+00   -3.959676E-08
    5.150000E+00   -3.815264E-08
    5.160000E+00   -3.672867E-08
    5.170000E+00   -3.532463E-08
    5.180000E+00   -3.394030E-08
    5.190000E+00   -3.257547E-08
    5.200000E+00   -3.122992E-08
    5.210000E+00   -2.990344E-08
    5.220000E+00   -2.859581E-08
    5.230000E+00   -2.730683E-08
    5.240000E+00   -2.603629E-08
    5.250000E+00   -2.478399E-08
    5.260000E+00   -2.354971E-08
    5.270000E+00   -2.233326E-08
    5.280000E+00   -2.113444E-08
    5.290000E+00   -1.995304E-08
    5.300000E+00   -1.878888E-08
    5.310000E+00   -1.764175E-08
    5.320000E+00   -1.651146E-08
    5.330000E+00   -1.539782E-08
    5.340000E+00   -1.430064E-08
    5.350000E+00   -1.321972E-08
    5.360000E+00   -1.215490E-08
    5.370000E+00   -1.110597E-08
    5.380000E+00   -1.007276E-08
    5.390000E+00   -9.055079E-09
    5.400000E+00   -8.052753E-09
    5.410000E+00   -7.065602E-09
    5.420000E+00   -6.093450E-09
    5.430000E+00   -5.136121E-09
    5.440000E+00   -4.193442E-09
    5.450000E+00   -3.265242E-09
    5.460000E+00   -2.351349E-09
    5.470000E+00   -1.451596E-09
    5.480000E+00   -5.658158E-10
    5.490000E+00    3.061570E-10
    5.500000E+00    1.164486E-09
    5.510000E+00    2.009333E-09
    5.520000E+00    2.840859E-09
    5.530000E+00    3.659223E-09
    5.540000E+00    4.464582E-09
    5.550000E+00    5.257093E-09
    5.560000E+00    6.036908E-09
    5.570000E+00    6.804181E-09
    5.580000E+00    7.559064E-09
    5.590000E+00    8.301706E-09
    5.600000E+00    9.032255E-09
    5.610000E+00    9.750858E-09
    5.620000E+00    1.045766E-08
    5.630000E+00    1.115281E-08
    5.640000E+00    1.183644E-08
    5.650000E+00    1.250869E-08
    5.660000E+00    1.316972E-08
    5.670000E+00    1.381964E-08
    5.680000E+00    1.445861E-08
    5.690000E+00    1.508675E-08
    5.700000E+00    1.570420E-08
    5.710000E+00    1.631110E-08
    5.720000E+00    1.690756E-08
    5.730000E+00    1.749373E-08
    5.740000E+00    1.806973E-08
    5.750000E+00    1.863569E-08
    5.760000E+00    1.919173E-08
    5.770000E+00    1.973797E-08
    5.780000E+00    2.027455E-08
    5.790000E+00    2.080158E-08
    5.800000E+00    2.131918E-08
    5.810000E+00    2.182748E-08
    5.820000E+00    2.232658E-08
    5.830000E+00    2.281661E-08
    5.840000E+00    2.329768E-08
    5.850000E+00    2.376991E-08
    5.860000E+00    2.423340E-08
    5.870000E+00    2.468827E-08
    5.880000E+00    2.513464E-08
    5.890000E+00    2.557260E-08
    5.900000E+00    2.600227E-08
    5.910000E+00    2.642376E-08
    5.920000E+00    2.683716E-08
    5.930000E+00    2.724259E-08
    5.940000E+00    2.764015E-08
    5.950000E+00    2.802994E-08
    5.960000E+00    2.841206E-08
    5.970000E+00    2.878661E-08
    5.980000E+00    2.915369E-08
    5.990000E+00    2.951339E-08
    6.000000E+00    2.986583E-08
    6.010000E+00    3.021108E-08
    6.020000E+00    3.054924E-08
    6.030000E+00    3.088042E-08
    6.040000E+00    3.120469E-08
    6.050000E+00    3.152216E-08
    6.060000E+00    3.183291E-08
    6.070000E+00    3.213703E-08
    6.080000E+00    3.243461E-08
    6.090000E+00    3.272574E-08
    6.100000E+00    3.301051E-08
    6.110000E+00    3.328899E-08
    6.120000E+00    3.356127E-08
    6.130000E+00    3.382744E-08
    6.140000E+00    3.408758E-08
    6.150000E+00    3.434178E-08
    6.160000E+00    3.459010E-08
    6.170000E+00    3.483263E-08
    6.180000E+00    3.506946E-08
    6.190000E+00    3.530065E-08
    6.200000E+00    3.552629E-08
    6.210000E+00    3.574645E-08
    6.220000E+00    3.596120E-08
    6.230000E+00    3.617062E-08
    6.240000E+00    3.637479E-08
    6.250000E+00    3.657378E-08
    6.260000E+00    3.676765E-08
    6.270000E+00    3.695648E-08
    6.280000E+00    3.714034E-08
    6.290000E+00    3.731930E-08
    6.300000E+00    3.749342E-08
    6.310000E+00    3.766278E-08
    6.320000E+00    3.782744E-08
    6.330000E+00    3.798747E-08
    6.340000E+00    3.814293E-08
    6.350000E+00    3.829389E-08
    6.360000E+00    3.844041E-08
    6.370000E+00    3.858255E-08
    6.380000E+00    3.872038E-08
    6.390000E+00    3.885396E-08
    6.400000E+00    3.898334E-08
    6.410000E+00    3.910859E-08
    6.420000E+00    3.922978E-08
    6.430000E+00    3.934694E-08
    6.440000E+00    3.946015E-08
    6.450000E+00    3.956947E-08
    6.460000E+00    3.967494E-08
    6.470000E+00    3.977662E-08
    6.480000E+00    3.987457E-08
    6.490000E+00    3.996885E-08
    6.500000E+00    4.005951E-08
    6.510000E+00    4.014659E-08
    6.520000E+00    4.023016E-08
    6.530000E+00    4.031026E-08
    6.540000E+00    4.038695E-08
    6.550000E+00    4.046028E-08
    6.560000E+00    4.053029E-08
    6.570000E+00    4.059704E-08
    6.580000E+00    4.066058E-08
    6.590000E+00    4.072094E-08
    6.600000E+00    4.077819E-08
    6.610000E+00    4.083237E-08
    6.620000E+00    4.088352E-08
    6.630000E+00    4.093170E-08
    6.640000E+00    4.097694E-08
    6.650000E+00    4.101929E-08
    6.660000E+00    4.105879E-08
    6.670000E+00    4.109549E-08
    6.680000E+00    4.112944E-08
    6.690000E+00    4.116067E-08
    6.700000E+00    4.118922E-08
    6.710000E+00    4.121515E-08
    6.720000E+00    4.123848E-08
    6.730000E+00    4.125926E-08
    6.740000E+00    4.127753E-08
    6.750000E+00    4.129334E-08
    6.760000E+00    4.130670E-08
    6.770000E+00    4.131768E-08
    6.780000E+00    4.132630E-08
    6.790000E+00    4.133260E-08
    6.800000E+00    4.133662E-08
    6.810000E+00    4.133840E-08
    6.820000E+00    4.133797E-08
    6.830000E+00    4.133537E-08
    6.840000E+00    4.133063E-08
    6.850000E+00    4.132379E-08
    6.860000E+00    4.131488E-08
    6.870000E+00    4.130394E-08
    6.880000E+00    4.129099E-08
    6.890000E+00    4.127608E-08
    6.900000E+00    4.125924E-08
    6.910000E+00    4.124049E-08
    6.920000E+00    4.121987E-08
    6.930000E+00    4.119741E-08
    6.940000E+00    4.117315E-08
    6.950000E+00    4.114710E-08
    6.960000E+00    4.111931E-08
    6.970000E+00    4.108980E-08
    6.980000E+00    4.105861E-08
    6.990000E+00    4.102575E-08
    7.000000E+00    4.099127E-08
    7.010000E+00    4.095518E-08
    7.020000E+00    4.091752E-08
    7.030000E+00    4.087831E-08
    7.040000E+00    4.083758E-08
    7.050000E+00    4.079536E-08
    7.060000E+00    4.075167E-08
    7.070000E+00    4.070655E-08
    7.080000E+00    4.066001E-08
    7.090000E+00    4.061208E-08
    7.100000E+00    4.056279E-08
    7.110000E+00    4.051216E-08
    7.120000E+00    4.046021E-08
    7.130000E+00    4.040698E-08
    7.140000E+00    4.035248E-08
    7.150000E+00    4.029674E-08
    7.160000E+00    4.023978E-08
    7.170000E+00    4.018162E-08
    7.180000E+00    4.012229E-08
    7.190000E+00    4.006181E-08
    7.200000E+00    4.000020E-08
    7.210000E+00    3.993748E-08
    7.220000E+00    3.987367E-08
    7.230000E+00    3.980880E-08
    7.240000E+00    3.974289E-08
    7.250000E+00    3.967595E-08
    7.260000E+00    3.960801E-08
    7.270000E+00    3.953908E-08
    7.280000E+00    3.946919E-08
    7.290000E+00    3.939836E-08
    7.300000E+00    3.932661E-08
    7.310000E+00    3.925394E-08
    7.320000E+00    3.918039E-08
    7.330000E+00    3.910597E-08
    7.340000E+00    3.903071E-08
    7.350000E+00    3.895460E-08
    7.360000E+00    3.887769E-08
    7.370000E+00    3.879998E-08
    7.380000E+00    3.872148E-08
    7.390000E+00    3.864223E-08
    7.400000E+00    3.856222E-08
    7.410000E+00    3.848149E-08
    7.420000E+00    3.840004E-08
    7.430000E+00    3.831790E-08
    7.440000E+00    3.823508E-08
    7.450000E+00    3.815159E-08
    7.460000E+00    3.806744E-08
    7.470000E+00    3.798267E-08
    7.480000E+00    3.789727E-08
    7.490000E+00    3.781127E-08
    7.500000E+00    3.772468E-08
    7.510000E+00    3.763751E-08
    7.520000E+00    3.754977E-08
    7.530000E+00    3.746149E-08
    7.540000E+00    3.737268E-08
    7.550000E+00    3.728334E-08
    7.560000E+00    3.719350E-08
    7.570000E+00    3.710316E-08
    7.580000E+00    3.701234E-08
    7.590000E+00    3.692105E-08
    7.600000E+00    3.682930E-08
    7.610000E+00    3.673712E-08
    7.620000E+00    3.664450E-08
    7.630000E+00    3.655146E-08
    7.640000E+00    3.645801E-08
    7.650000E+00    3.636417E-08
    7.660000E+00    3.626994E-08
    7.670000E+00    3.617534E-08
    7.680000E+00    3.608038E-08
    7.690000E+00    3.598507E-08
    7.700000E+00    3.588942E-08
    7.710000E+00    3.579345E-08
    7.720000E+00    3.569715E-08
    7.730000E+00    3.560055E-08
    7.740000E+00    3.550365E-08
    7.750000E+00    3.540646E-08
    7.760000E+00    3.530900E-08
    7.770000E+00    3.521126E-08
    7.780000E+00    3.511328E-08
    7.790000E+00    3.501504E-08
    7.800000E+00    3.491656E-08
    7.810000E+00    3.481786E-08
    7.820000E+00    3.471893E-08
    7.830000E+00    3.461980E-08
    7.840000E+00    3.452046E-08
    7.850000E+00    3.442093E-08
    7.860000E+00    3.432121E-08
    7.870000E+00    3.422132E-08
    7.880000E+00    3.412126E-08
    7.890000E+00    3.402104E-08
    7.900000E+00    3.392067E-08
    7.910000E+00    3.382015E-08
    7.920000E+00    3.371950E-08
    7.930000E+00    3.361872E-08
    7.940000E+00    3.351782E-08
    7.950000E+00    3.341681E-08
    7.960000E+00    3.331569E-08
    7.970000E+00    3.321447E-08
    7.980000E+00    3.311316E-08
    7.990000E+00    3.301176E-08
    8.000000E+00    3.291029E-08
    8.010000E+00    3.280875E-08
    8.020000E+00    3.270715E-08
    8.030000E+00    3.260548E-08
    8.040000E+00    3.250377E-08
    8.050000E+00    3.240201E-08
    8.060000E+00    3.230021E-08
    8.070000E+00    3.219839E-08
    8.080000E+00    3.209653E-08
    8.090000E+00    3.199466E-08
    8.100000E+00    3.189277E-08
    8.110000E+00    3.179087E-08
    8.120000E+00    3.168897E-08
    8.130000E+00    3.158708E-08
    8.140000E+00    3.148519E-08
    8.150000E+00    3.138332E-08
    8.160000E+00    3.128146E-08
    8.170000E+00    3.117963E-08
    8.180000E+00    3.107783E-08
    8.190000E+00    3.097607E-08
    8.200000E+00    3.087434E-08
    8.210000E+00    3.077266E-08
    8.220000E+00    3.067103E-08
    8.230000E+00    3.056945E-08
    8.240000E+00    3.046794E-08
    8.250000E+00    3.036648E-08
    8.260000E+00    3.026509E-08
    8.270000E+00    3.016378E-08
    8.280000E+00    3.006254E-08
    8.290000E+00    2.996139E-08
    8.300000E+00    2.986031E-08
    8.310000E+00    2.975933E-08
    8.320000E+00    2.965844E-08
    8.330000E+00    2.955765E-08
    8.340000E+00    2.945696E-08
    8.350000E+00    2.935638E-08
    8.360000E+00    2.925590E-08
    8.370000E+00    2.915554E-08
    8.380000E+00    2.905529E-08
    8.390000E+00    2.895516E-08
    8.400000E+00    2.885516E-08
    8.410000E+00    2.875528E-08
    8.420000E+00    2.865553E-08
    8.430000E+00    2.855592E-08
    8.440000E+00    2.845644E-08
    8.450000E+00    2.835710E-08
    8.460000E+00    2.825790E-08
    8.470000E+00    2.815885E-08
    8.480000E+00    2.805995E-08
    8.490000E+00    2.796120E-08
    8.500000E+00    2.786261E-08
    8.510000E+00    2.776417E-08
    8.520000E+00    2.766590E-08
    8.530000E+00    2.756778E-08
    8.540000E+00    2.746983E-08
    8.550000E+00    2.737206E-08
    8.560000E+00    2.727445E-08
    8.570000E+00    2.717701E-08
    8.580000E+00    2.707975E-08
    8.590000E+00    2.698267E-08
    8.600000E+00    2.688577E-08
    8.610000E+00    2.678906E-08
    8.620000E+00    2.669253E-08
    8.630000E+00    2.659618E-08
    8.640000E+00    2.650003E-08
    8.650000E+00    2.640407E-08
    8.660000E+00    2.630830E-08
    8.670000E+00    2.621272E-08
    8.680000E+00    2.611735E-08
    8.690000E+00    2.602218E-08
    8.700000E+00    2.592720E-08
    8.710000E+00    2.583243E-08
    8.720000E+00    2.573787E-08
    8.730000E+00    2.564351E-08
    8.740000E+00    2.554936E-08
    8.750000E+00    2.545543E-08
    8.760000E+00    2.536170E-08
    8.770000E+00    2.526819E-08
    8.780000E+00    2.517489E-08
    8.790000E+00    2.508182E-08
    8.800000E+00    2.498896E-08
    8.810000E+00    2.489632E-08
    8.820000E+00    2.480390E-08
    8.830000E+00    2.471170E-08
    8.840000E+00    2.461973E-08
    8.850000E+00    2.452798E-08
    8.860000E+00    2.443646E-08
    8.870000E+00    2.434517E-08
    8.880000E+00    2.425411E-08
    8.890000E+00    2.416328E-08
    8.900000E+00    2.407268E-08
    8.910000E+00    2.398231E-08
    8.920000E+00    2.389218E-08
    8.930000E+00    2.380228E-08
    8.940000E+00    2.371261E-08
    8.950000E+00    2.362319E-08
    8.960000E+00    2.353400E-08
    8.970000E+00    2.344505E-08
    8.980000E+00    2.335634E-08
    8.990000E+00    2.326787E-08
    9.000000E+00    2.317964E-08
    9.010000E+00    2.309166E-08
    9.020000E+00    2.300391E-08
    9.030000E+00    2.291642E-08
    9.040000E+00    2.282916E-08
    9.050000E+00    2.274215E-08
    9.060000E+00    2.265539E-08
    9.070000E+00    2.256887E-08
    9.080000E+00    2.248261E-08
    9.090000E+00    2.239658E-08
    9.100000E+00    2.231081E-08
    9.110000E+00    2.222529E-08
    9.120000E+00    2.214002E-08
    9.130000E+00    2.205499E-08
    9.140000E+00    2.197022E-08
    9.150000E+00    2.188570E-08
    9.160000E+00    2.180143E-08
    9.170000E+00    2.171741E-08
    9.180000E+00    2.163365E-08
    9.190000E+00    2.155013E-08
    9.200000E+00    2.146687E-08
    9.210000E+00    2.138387E-08
    9.220000E+00    2.130112E-08
    9.230000E+00    2.121862E-08
    9.240000E+00    2.113638E-08
    9.250000E+00    2.105439E-08
    9.260000E+00    2.097266E-08
    9.270000E+00    2.089118E-08
    9.280000E+00    2.080996E-08
    9.290000E+00    2.072899E-08
    9.300000E+00    2.064828E-08
    9.310000E+00    2.056783E-08
    9.320000E+00    2.048763E-08
    9.330000E+00    2.040769E-08
    9.340000E+00    2.032800E-08
    9.350000E+00    2.024857E-08
    9.360000E+00    2.016940E-08
    9.370000E+00    2.009049E-08
    9.380000E+00    2.001183E-08
    9.390000E+00    1.993343E-08
    9.400000E+00    1.985528E-08
    9.410000E+00    1.977739E-08
    9.420000E+00    1.969976E-08
    9.430000E+00    1.962239E-08
    9.440000E+00    1.954527E-08
    9.450000E+00    1.946841E-08
    9.460000E+00    1.939181E-08
    9.470000E+00    1.931546E-08
    9.480000E+00    1.923937E-08
    9.490000E+00    1.916354E-08
    9.500000E+00    1.908796E-08
    9.510000E+00    1.901264E-08
    9.520000E+00    1.893757E-08
    9.530000E+00    1.886276E-08
    9.540000E+00    1.878821E-08
    9.550000E+00    1.871391E-08
    9.560000E+00    1.863987E-08
    9.570000E+00    1.856608E-08
    9.580000E+00    1.849255E-08
    9.590000E+00    1.841927E-08
    9.600000E+00    1.834624E-08
    9.610000E+00    1.827348E-08
    9.620000E+00    1.820096E-08
    9.630000E+00    1.812870E-08
    9.640000E+00    1.805669E-08
    9.650000E+00    1.798494E-08
    9.660000E+00    1.791344E-08
    9.670000E+00    1.784219E-08
    9.680000E+00    1.777119E-08
    9.690000E+00    1.770045E-08
    9.700000E+00    1.762995E-08
    9.710000E+00    1.755971E-08
    9.720000E+00    1.748972E-08
    9.730000E+00    1.741998E-08
    9.740000E+00    1.735049E-08
    9.750000E+00    1.728125E-08
    9.760000E+00    1.721226E-08
    9.770000E+00    1.714352E-08
    9.780000E+00    1.707503E-08
    9.790000E+00    1.700679E-08
    9.800000E+00    1.693879E-08
    9.810000E+00    1.687104E-08
    9.820000E+00    1.680354E-08
    9.830000E+00    1.673629E-08
    9.840000E+00    1.666928E-08
    9.850000E+00    1.660252E-08
    9.860000E+00    1.653600E-08
    9.870000E+00    1.646973E-08
    9.880000E+00    1.640370E-08
    9.890000E+00    1.633792E-08
    9.900000E+00    1.627238E-08
    9.910000E+00    1.620708E-08
    9.920000E+00    1.614203E-08
    9.930000E+00    1.607722E-08
    9.940000E+00    1.601265E-08
    9.950000E+00    1.594832E-08
    9.960000E+00    1.588423E-08
    9.970000E+00    1.582038E-08
    9.980000E+00    1.575677E-08
    9.990000E+00    1.569340E-08
    1.000000E+01    1.563027E-08
    1.001000E+01    1.556738E-08
    1.002000E+01    1.550472E-08
    1.003000E+01    1.544230E-08
    1.004000E+01    1.538012E-08
    1.005000E+01    1.531818E-08
    1.006000E+01    1.525646E-08
    1.007000E+01    1.519499E-08
    1.008000E+01    1.513375E-08
    1.009000E+01    1.507274E-08
    1.010000E+01    1.501196E-08
    1.011000E+01    1.495142E-08
    1.012000E+01    1.489111E-08
    1.013000E+01    1.483103E-08
    1.014000E+01    1.477118E-08
    1.015000E+01    1.471156E-08
    1.016000E+01    1.465217E-08
    1.017000E+01    1.459301E-08
    1.018000E+01    1.453408E-08
    1.019000E+01    1.447538E-08
    1.020000E+01    1.441690E-08
    1.021000E+01    1.435865E-08
    1.022000E+01    1.430063E-08
    1.023000E+01    1.424283E-08
    1.024000E+01    1.418526E-08
    1.025000E+01    1.412791E-08
    1.026000E+01    1.407078E-08
    1.027000E+01    1.401388E-08
    1.028000E+01    1.395720E-08
    1.029000E+01    1.390074E-08
    1.030000E+01    1.384450E-08
    1.031000E+01    1.378848E-08
    1.032000E+01    1.373269E-08
    1.033000E+01    1.367711E-08
    1.034000E+01    1.362175E-08
    1.035000E+01    1.356661E-08
    1.036000E+01    1.351168E-08
    1.037000E+01    1.345697E-08
    1.038000E+01    1.340248E-08
    1.039000E+01    1.334821E-08
    1.040000E+01    1.329415E-08
    1.041000E+01    1.324030E-08
    1.042000E+01    1.318666E-08
    1.043000E+01    1.313324E-08
    1.044000E+01    1.308004E-08
    1.045000E+01    1.302704E-08
    1.046000E+01    1.297425E-08
    1.047000E+01    1.292168E-08
    1.048000E+01    1.286931E-08
    1.049000E+01    1.281715E-08
    1.050000E+01    1.276520E-08
    1.051000E+01    1.271346E-08
    1.052000E+01    1.266193E-08
    1.053000E+01    1.261060E-08
    1.054000E+01    1.255948E-08
    1.055000E+01    1.250856E-08
    1.056000E+01    1.245785E-08
    1.057000E+01    1.240734E-08
    1.058000E+01    1.235703E-08
    1.059000E+01    1.230693E-08
    1.060000E+01    1.225703E-08
    1.061000E+01    1.220732E-08
    1.062000E+01    1.215782E-08
    1.063000E+01    1.210852E-08
    1.064000E+01    1.205942E-08
    1.065000E+01    1.201052E-08
    1.066000E+01    1.196181E-08
    1.067000E+01    1.191331E-08
    1.068000E+01    1.186499E-08
    1.069000E+01    1.181688E-08
    1.070000E+01    1.176896E-08
    1.071000E+01    1.172123E-08
    1.072000E+01    1.167370E-08
    1.073000E+01    1.162636E-08
    1.074000E+01    1.157921E-08
    1.075000E+01    1.153226E-08
    1.076000E+01    1.148550E-08
    1.077000E+01    1.143892E-08
    1.078000E+01    1.139254E-08
    1.079000E+01    1.134635E-08
    1.080000E+01    1.130034E-08
    1.081000E+01    1.125452E-08
    1.082000E+01    1.120889E-08
    1.083000E+01    1.116345E-08
    1.084000E+01    1.111819E-08
    1.085000E+01    1.107312E-08
    1.086000E+01    1.102823E-08
    1.087000E+01    1.098353E-08
    1.088000E+01    1.093901E-08
    1.089000E+01    1.089467E-08
    1.090000E+01    1.085052E-08
    1.091000E+01    1.080654E-08
    1.092000E+01    1.076275E-08
    1.093000E+01    1.071914E-08
    1.094000E+01    1.067570E-08
    1.095000E+01    1.063245E-08
    1.096000E+01    1.058937E-08
    1.097000E+01    1.054647E-08
    1.098000E+01    1.050375E-08
    1.099000E+01    1.046121E-08
    1.100000E+01    1.041883E-08
    1.101000E+01    1.037664E-08
    1.102000E+01    1.033462E-08
    1.103000E+01    1.029277E-08
    1.104000E+01    1.025110E-08
    1.105000E+01    1.020959E-08
    1.106000E+01    1.016826E-08
    1.107000E+01    1.012710E-08
    1.108000E+01    1.008611E-08
    1.109000E+01    1.004529E-08
    1.110000E+01    1.000464E-08
    1.111000E+01    9.964163E-09
    1.112000E+01    9.923849E-09
    1.113000E+01    9.883703E-09
    1.114000E+01    9.843724E-09
    1.115000E+01    9.803910E-09
    1.116000E+01    9.764262E-09
    1.117000E+01    9.724778E-09
    1.118000E+01    9.685459E-09
    1.119000E+01    9.646303E-09
    1.120000E+01    9.607310E-09
    1.121000E+01    9.568480E-09
    1.122000E+01    9.529811E-09
    1.123000E+01    9.491303E-09
    1.124000E+01    9.452956E-09
    1.125000E+01    9.414768E-09
    1.126000E+01    9.376740E-09
    1.127000E+01    9.338870E-09
    1.128000E+01    9.301158E-09
    1.129000E+01    9.263604E-09
    1.130000E+01    9.226206E-09
    1.131000E+01    9.188965E-09
    1.132000E+01    9.151879E-09
    1.133000E+01    9.114948E-09
    1.134000E+01    9.078171E-09
    1.135000E+01    9.041548E-09
    1.136000E+01    9.005079E-09
    1.137000E+01    8.968761E-09
    1.138000E+01    8.932596E-09
    1.139000E+01    8.896582E-09
    1.140000E+01    8.860719E-09
    1.141000E+01    8.825006E-09
    1.142000E+01    8.789442E-09
    1.143000E+01    8.754028E-09
    1.144000E+01    8.718762E-09
    1.145000E+01    8.683644E-09
    1.146000E+01    8.648673E-09
    1.147000E+01    8.613848E-09
    1.148000E+01    8.579170E-09
    1.149000E+01    8.544637E-09
    1.150000E+01    8.510249E-09
    1.151000E+01    8.476005E-09
    1.152000E+01    8.441905E-09
    1.153000E+01    8.407949E-09
    1.154000E+01    8.374135E-09
    1.155000E+01    8.340462E-09
    1.156000E+01    8.306932E-09
    1.157000E+01    8.273542E-09
    1.158000E+01    8.240293E-09
    1.159000E+01    8.207183E-09
    1.160000E+01    8.174213E-09
    1.161000E+01    8.141381E-09
    1.162000E+01    8.108687E-09
    1.163000E+01    8.076131E-09
    1.164000E+01    8.043711E-09
    1.165000E+01    8.011429E-09
    1.166000E+01    7.979282E-09
    1.167000E+01    7.947270E-09
    1.168000E+01    7.915393E-09
    1.169000E+01    7.883650E-09
    1.170000E+01    7.852041E-09
    1.171000E+01    7.820565E-09
    1.172000E+01    7.789222E-09
    1.173000E+01    7.758011E-09
    1.174000E+01    7.726931E-09
    1.175000E+01    7.695982E-09
    1.176000E+01    7.665164E-09
    1.177000E+01    7.634475E-09
    1.178000E+01    7.603916E-09
    1.179000E+01    7.573486E-09
    1.180000E+01    7.543184E-09
    1.181000E+01    7.513009E-09
    1.182000E+01    7.482962E-09
    1.183000E+01    7.453042E-09
    1.184000E+01    7.423248E-09
    1.185000E+01    7.393579E-09
    1.186000E+01    7.364036E-09
    1.187000E+01    7.334617E-09
    1.188000E+01    7.305323E-09
    1.189000E+01    7.276152E-09
    1.190000E+01    7.247104E-09
    1.191000E+01    7.218179E-09
    1.192000E+01    7.189376E-09
    1.193000E+01    7.160694E-09
    1.194000E+01    7.132134E-09
    1.195000E+01    7.103694E-09
    1.196000E+01    7.075374E-09
    1.197000E+01    7.047174E-09
    1.198000E+01    7.019093E-09
    1.199000E+01    6.991130E-09
    1.200000E+01    6.963285E-09
    1.201000E+01    6.935558E-09
    1.202000E+01    6.907948E-09
    1.203000E+01    6.880455E-09
    1.204000E+01    6.853078E-09
    1.205000E+01    6.825816E-09
    1.206000E+01    6.798670E-09
    1.207000E+01    6.771638E-09
    1.208000E+01    6.744720E-09
    1.209000E+01    6.717917E-09
    1.210000E+01    6.691226E-09
    1.211000E+01    6.664648E-09
    1.212000E+01    6.638182E-09
    1.213000E+01    6.611828E-09
    1.214000E+01    6.585586E-09
    1.215000E+01    6.559454E-09
    1.216000E+01    6.533433E-09
    1.217000E+01    6.507521E-09
    1.218000E+01    6.481720E-09
    1.219000E+01    6.456027E-09
    1.220000E+01    6.430442E-09
    1.221000E+01    6.404966E-09
    1.222000E+01    6.379597E-09
    1.223000E+01    6.354336E-09
    1.224000E+01    6.329181E-09
    1.225000E+01    6.304132E-09
    1.226000E+01    6.279190E-09
    1.227000E+01    6.254352E-09
    1.228000E+01    6.229620E-09
    1.229000E+01    6.204992E-09
    1.230000E+01    6.180468E-09
    1.231000E+01    6.156047E-09
    1.232000E+01    6.131730E-09
    1.233000E+01    6.107515E-09
    1.234000E+01    6.083403E-09
    1.235000E+01    6.059392E-09
    1.236000E+01    6.035483E-09
    1.237000E+01    6.011675E-09
    1.238000E+01    5.987968E-09
    1.239000E+01    5.964360E-09
    1.240000E+01    5.940852E-09
    1.241000E+01    5.917444E-09
    1.242000E+01    5.894134E-09
    1.243000E+01    5.870922E-09
    1.244000E+01    5.847809E-09
    1.245000E+01    5.824793E-09
    1.246000E+01    5.801874E-09
    1.247000E+01    5.779052E-09
    1.248000E+01    5.756327E-09
    1.249000E+01    5.733697E-09
    1.250000E+01    5.711163E-09
    1.251000E+01    5.688723E-09
    1.252000E+01    5.666379E-09
    1.253000E+01    5.644129E-09
    1.254000E+01    5.621972E-09
    1.255000E+01    5.599909E-09
    1.256000E+01    5.577939E-09
    1.257000E+01    5.556062E-09
    1.258000E+01    5.534277E-09
    1.259000E+01    5.512584E-09
    1.260000E+01    5.490982E-09
    1.261000E+01    5.469472E-09
    1.262000E+01    5.448052E-09
    1.263000E+01    5.426722E-09
    1.264000E+01    5.405482E-09
    1.265000E+01    5.384332E-09
    1.266000E+01    5.363271E-09
    1.267000E+01    5.342298E-09
    1.268000E+01    5.321414E-09
    1.269000E+01    5.300618E-09
    1.270000E+01    5.279910E-09
    1.271000E+01    5.259289E-09
    1.272000E+01    5.238754E-09
    1.273000E+01    5.218306E-09
    1.274000E+01    5.197944E-09
    1.275000E+01    5.177668E-09
    1.276000E+01    5.157477E-09
    1.277000E+01    5.137372E-09
    1.278000E+01    5.117350E-09
    1.279000E+01    5.097413E-09
    1.280000E+01    5.077560E-09
    1.281000E+01    5.057791E-09
    1.282000E+01    5.038104E-09
    1.283000E+01    5.018501E-09
    1.284000E+01    4.998980E-09
    1.285000E+01    4.979541E-09
    1.286000E+01    4.960183E-09
    1.287000E+01    4.940907E-09
    1.288000E+01    4.921712E-09
    1.289000E+01    4.902598E-09
    1.290000E+01    4.883564E-09
    1.291000E+01    4.864610E-09
    1.292000E+01    4.845735E-09
    1.293000E+01    4.826940E-09
    1.294000E+01    4.808224E-09
    1.295000E+01    4.789586E-09
    1.296000E+01    4.771027E-09
    1.297000E+01    4.752546E-09
    1.298000E+01    4.734142E-09
    1.299000E+01    4.715815E-09
    1.300000E+01    4.697565E-09
    1.301000E+01    4.679392E-09
    1.302000E+01    4.661295E-09
    1.303000E+01    4.643274E-09
    1.304000E+01    4.625328E-09
    1.305000E+01    4.607458E-09
    1.306000E+01    4.589662E-09
    1.307000E+01    4.571942E-09
    1.308000E+01    4.554295E-09
    1.309000E+01    4.536722E-09
    1.310000E+01    4.519223E-09
    1.311000E+01    4.501798E-09
    1.312000E+01    4.484445E-09
    1.313000E+01    4.467165E-09
    1.314000E+01    4.449957E-09
    1.315000E+01    4.432821E-09
    1.316000E+01    4.415757E-09
    1.317000E+01    4.398764E-09
    1.318000E+01    4.381843E-09
    1.319000E+01    4.364992E-09
    1.320000E+01    4.348212E-09
    1.321000E+01    4.331501E-09
    1.322000E+01    4.314861E-09
    1.323000E+01    4.298290E-09
    1.324000E+01    4.281789E-09
    1.325000E+01    4.265356E-09
    1.326000E+01    4.248992E-09
    1.327000E+01    4.232697E-09
    1.328000E+01    4.216469E-09
    1.329000E+01    4.200309E-09
    1.330000E+01    4.184217E-09
    1.331000E+01    4.168192E-09
    1.332000E+01    4.152233E-09
    1.333000E+01    4.136342E-09
    1.334000E+01    4.120516E-09
    1.335000E+01    4.104757E-09
    1.336000E+01    4.089063E-09
    1.337000E+01    4.073434E-09
    1.338000E+01    4.057871E-09
    1.339000E+01    4.042373E-09
    1.340000E+01    4.026939E-09
    1.341000E+01    4.011569E-09
    1.342000E+01    3.996264E-09
    1.343000E+01    3.981022E-09
    1.344000E+01    3.965843E-09
    1.345000E+01    3.950728E-09
    1.346000E+01    3.935676E-09
    1.347000E+01    3.920686E-09
    1.348000E+01    3.905759E-09
    1.349000E+01    3.890893E-09
    1.350000E+01    3.876090E-09
    1.351000E+01    3.861348E-09
    1.352000E+01    3.846667E-09
    1.353000E+01    3.832047E-09
    1.354000E+01    3.817488E-09
    1.355000E+01    3.802990E-09
    1.356000E+01    3.788551E-09
    1.357000E+01    3.774173E-09
    1.358000E+01    3.759854E-09
    1.359000E+01    3.745595E-09
    1.360000E+01    3.731394E-09
    1.361000E+01    3.717253E-09
    1.362000E+01    3.703170E-09
    1.363000E+01    3.689146E-09
    1.364000E+01    3.675180E-09
    1.365000E+01    3.661271E-09
    1.366000E+01    3.647421E-09
    1.367000E+01    3.633627E-09
    1.368000E+01    3.619891E-09
    1.369000E+01    3.606212E-09
    1.370000E+01    3.592589E-09
    1.371000E+01    3.579022E-09
    1.372000E+01    3.565512E-09
    1.373000E+01    3.552058E-09
    1.374000E+01    3.538659E-09
    1.375000E+01    3.525316E-09
    1.376000E+01    3.512027E-09
    1.377000E+01    3.498794E-09
    1.378000E+01    3.485615E-09
    1.379000E+01    3.472491E-09
    1.380000E+01    3.459421E-09
    1.381000E+01    3.446405E-09
    1.382000E+01    3.433442E-09
    1.383000E+01    3.420533E-09
    1.384000E+01    3.407678E-09
    1.385000E+01    3.394875E-09
    1.386000E+01    3.382125E-09
    1.387000E+01    3.369428E-09
    1.388000E+01    3.356783E-09
    1.389000E+01    3.344190E-09
    1.390000E+01    3.331649E-09
    1.391000E+01    3.319159E-09
    1.392000E+01    3.306721E-09
    1.393000E+01    3.294334E-09
    1.394000E+01    3.281999E-09
    1.395000E+01    3.269713E-09
    1.396000E+01    3.257479E-09
    1.397000E+01    3.245295E-09
    1.398000E+01    3.233160E-09
    1.399000E+01    3.221076E-09
    1.400000E+01    3.209041E-09
    1.401000E+01    3.197056E-09
    1.402000E+01    3.185120E-09
    1.403000E+01    3.173233E-09
    1.404000E+01    3.161395E-09
    1.405000E+01    3.149605E-09
    1.406000E+01    3.137863E-09
    1.407000E+01    3.126170E-09
    1.408000E+01    3.114525E-09
    1.409000E+01    3.102927E-09
    1.410000E+01    3.091377E-09
    1.411000E+01    3.079875E-09
    1.412000E+01    3.068419E-09
    1.413000E+01    3.057010E-09
    1.414000E+01    3.045648E-09
    1.415000E+01    3.034333E-09
    1.416000E+01    3.023064E-09
    1.417000E+01    3.011840E-09
    1.418000E+01    3.000663E-09
    1.419000E+01    2.989532E-09
    1.420000E+01    2.978445E-09
    1.421000E+01    2.967405E-09
    1.422000E+01    2.956409E-09
    1.423000E+01    2.945458E-09
    1.424000E+01    2.934552E-09
    1.425000E+01    2.923690E-09
    1.426000E+01    2.912873E-09
    1.427000E+01    2.902100E-09
    1.428000E+01    2.891371E-09
    1.429000E+01    2.880685E-09
    1.430000E+01    2.870043E-09
    1.431000E+01    2.859445E-09
    1.432000E+01    2.848889E-09
    1.433000E+01    2.838377E-09
    1.434000E+01    2.827907E-09
    1.435000E+01    2.817480E-09
    1.436000E+01    2.807095E-09
    1.437000E+01    2.796753E-09
    1.438000E+01    2.786453E-09
    1.439000E+01    2.776194E-09
    1.440000E+01    2.765977E-09
    1.441000E+01    2.755802E-09
    1.442000E+01    2.745668E-09
    1.443000E+01    2.735575E-09
    1.444000E+01    2.725523E-09
    1.445000E+01    2.715512E-09
    1.446000E+01    2.705542E-09
    1.447000E+01    2.695612E-09
    1.448000E+01    2.685722E-09
    1.449000E+01    2.675872E-09
    1.450000E+01    2.666063E-09
    1.451000E+01    2.656293E-09
    1.452000E+01    2.646562E-09
    1.453000E+01    2.636871E-09
    1.454000E+01    2.627219E-09
    1.455000E+01    2.617606E-09
    1.456000E+01    2.608032E-09
    1.457000E+01    2.598497E-09
    1.458000E+01    2.589001E-09
    1.459000E+01    2.579542E-09
    1.460000E+01    2.570122E-09
    1.461000E+01    2.560740E-09
    1.462000E+01    2.551396E-09
    1.463000E+01    2.542090E-09
    1.464000E+01    2.532821E-09
    1.465000E+01    2.523589E-09
    1.466000E+01    2.514395E-09
    1.467000E+01    2.505238E-09
    1.468000E+01    2.496118E-09
    1.469000E+01    2.487034E-09
    1.470000E+01    2.477987E-09
    1.471000E+01    2.468977E-09
    1.472000E+01    2.460002E-09
    1.473000E+01    2.451064E-09
    1.474000E+01    2.442162E-09
    1.475000E+01    2.433296E-09
    1.476000E+01    2.424465E-09
    1.477000E+01    2.415670E-09
    1.478000E+01    2.406910E-09
    1.479000E+01    2.398185E-09
    1.480000E+01    2.389496E-09
    1.481000E+01    2.380841E-09
    1.482000E+01    2.372221E-09
    1.483000E+01    2.363635E-09
    1.484000E+01    2.355084E-09
    1.485000E+01    2.346568E-09
    1.486000E+01    2.338085E-09
    1.487000E+01    2.329636E-09
    1.488000E+01    2.321222E-09
    1.489000E+01    2.312840E-09
    1.490000E+01    2.304493E-09
    1.491000E+01    2.296179E-09
    1.492000E+01    2.287898E-09
    1.493000E+01    2.279650E-09
    1.494000E+01    2.271436E-09
    1.495000E+01    2.263254E-09
    1.496000E+01    2.255104E-09
    1.497000E+01    2.246988E-09
    1.498000E+01    2.238903E-09
    1.499000E+01    2.230851E-09
    1.500000E+01    2.222832E-09
    1.501000E+01    2.214844E-09
    1.502000E+01    2.206888E-09
    1.503000E+01    2.198963E-09
    1.504000E+01    2.191071E-09
    1.505000E+01    2.183210E-09
    1.506000E+01    2.175380E-09
    1.507000E+01    2.167581E-09
    1.508000E+01    2.159813E-09
    1.509000E+01    2.152076E-09
    1.510000E+01    2.144370E-09
    1.511000E+01    2.136695E-09
    1.512000E+01    2.129050E-09
    1.513000E+01    2.121436E-09
    1.514000E+01    2.113851E-09
    1.515000E+01    2.106297E-09
    1.516000E+01    2.098773E-09
    1.517000E+01    2.091279E-09
    1.518000E+01    2.083814E-09
    1.519000E+01    2.076379E-09
    1.520000E+01    2.068974E-09
    1.521000E+01    2.061598E-09
    1.522000E+01    2.054251E-09
    1.523000E+01    2.046933E-09
    1.524000E+01    2.039645E-09
    1.525000E+01    2.032385E-09
    1.526000E+01    2.025154E-09
    1.527000E+01    2.017951E-09
    1.528000E+01    2.010777E-09
    1.529000E+01    2.003631E-09
    1.530000E+01    1.996514E-09
    1.531000E+01    1.989424E-09
    1.532000E+01    1.982363E-09
    1.533000E+01    1.975330E-09
    1.534000E+01    1.968324E-09
    1.535000E+01    1.961346E-09
    1.536000E+01    1.954395E-09
    1.537000E+01    1.947472E-09
    1.538000E+01    1.940576E-09
    1.539000E+01    1.933708E-09
    1.540000E+01    1.926866E-09
    1.541000E+01    1.920051E-09
    1.542000E+01    1.913264E-09
    1.543000E+01    1.906502E-09
    1.544000E+01    1.899768E-09
    1.545000E+01    1.893060E-09
    1.546000E+01    1.886378E-09
    1.547000E+01    1.879723E-09
    1.548000E+01    1.873094E-09
    1.549000E+01    1.866490E-09
    1.550000E+01    1.859913E-09
    1.551000E+01    1.853362E-09
    1.552000E+01    1.846836E-09
    1.553000E+01    1.840336E-09
    1.554000E+01    1.833861E-09
    1.555000E+01    1.827412E-09
    1.556000E+01    1.820988E-09
    1.557000E+01    1.814589E-09
    1.558000E+01    1.808215E-09
    1.559000E+01    1.801866E-09
    1.560000E+01    1.795542E-09
    1.561000E+01    1.789243E-09
    1.562000E+01    1.782968E-09
    1.563000E+01    1.776718E-09
    1.564000E+01    1.770492E-09
    1.565000E+01    1.764291E-09
    1.566000E+01    1.758114E-09
    1.567000E+01    1.751961E-09
    1.568000E+01    1.745832E-09
    1.569000E+01    1.739726E-09
    1.570000E+01    1.733645E-09
    1.571000E+01    1.727588E-09
    1.572000E+01    1.721554E-09
    1.573000E+01    1.715543E-09
    1.574000E+01    1.709556E-09
    1.575000E+01    1.703592E-09
    1.576000E+01    1.697652E-09
    1.577000E+01    1.691734E-09
    1.578000E+01    1.685840E-09
    1.579000E+01    1.679968E-09
    1.580000E+01    1.674120E-09
    1.581000E+01    1.668294E-09
    1.582000E+01    1.662490E-09
    1.583000E+01    1.656709E-09
    1.584000E+01    1.650951E-09
    1.585000E+01    1.645215E-09
    1.586000E+01    1.639501E-09
    1.587000E+01    1.633810E-09
    1.588000E+01    1.628140E-09
    1.589000E+01    1.622492E-09
    1.590000E+01    1.616867E-09
    1.591000E+01    1.611263E-09
    1.592000E+01    1.605680E-09
    1.593000E+01    1.600120E-09
    1.594000E+01    1.594581E-09
    1.595000E+01    1.589063E-09
    1.596000E+01    1.583566E-09
    1.597000E+01    1.578091E-09
    1.598000E+01    1.572637E-09
    1.599000E+01    1.567204E-09
    1.600000E+01    1.561792E-09
    1.601000E+01    1.556401E-09
    1.602000E+01    1.551031E-09
    1.603000E+01    1.545681E-09
    1.604000E+01    1.540352E-09
    1.605000E+01    1.535044E-09
    1.606000E+01    1.529756E-09
    1.607000E+01    1.524488E-09
    1.608000E+01    1.519241E-09
    1.609000E+01    1.514013E-09
    1.610000E+01    1.508806E-09
    1.611000E+01    1.503619E-09
    1.612000E+01    1.498452E-09
    1.613000E+01    1.493305E-09
    1.614000E+01    1.488177E-09
    1.615000E+01    1.483069E-09
    1.616000E+01    1.477981E-09
    1.617000E+01    1.472913E-09
    1.618000E+01    1.467863E-09
    1.619000E+01    1.462833E-09
    1.620000E+01    1.457823E-09
    1.621000E+01    1.452831E-09
    1.622000E+01    1.447859E-09
    1.623000E+01    1.442906E-09
    1.624000E+01    1.437972E-09
    1.625000E+01    1.433056E-09
    1.626000E+01    1.428160E-09
    1.627000E+01    1.423282E-09
    1.628000E+01    1.418422E-09
    1.629000E+01    1.413582E-09
    1.630000E+01    1.408759E-09
    1.631000E+01    1.403956E-09
    1.632000E+01    1.399170E-09
    1.633000E+01    1.394403E-09
    1.634000E+01    1.389654E-09
    1.635000E+01    1.384923E-09
    1.636000E+01    1.380210E-09
    1.637000E+01    1.375515E-09
    1.638000E+01    1.370838E-09
    1.639000E+01    1.366179E-09
    1.640000E+01    1.361537E-09
    1.641000E+01    1.356914E-09
    1.642000E+01    1.352307E-09
    1.643000E+01    1.347719E-09
    1.644000E+01    1.343147E-09
    1.645000E+01    1.338593E-09
    1.646000E+01    1.334057E-09
    1.647000E+01    1.329537E-09
    1.648000E+01    1.325035E-09
    1.649000E+01    1.320550E-09
    1.650000E+01    1.316082E-09
    1.651000E+01    1.311630E-09
    1.652000E+01    1.307196E-09
    1.653000E+01    1.302778E-09
    1.654000E+01    1.298377E-09
    1.655000E+01    1.293993E-09
    1.656000E+01    1.289626E-09
    1.657000E+01    1.285275E-09
    1.658000E+01    1.280940E-09
    1.659000E+01    1.276622E-09
    1.660000E+01    1.272320E-09
    1.661000E+01    1.268034E-09
    1.662000E+01    1.263764E-09
    1.663000E+01    1.259511E-09
    1.664000E+01    1.255274E-09
    1.665000E+01    1.251052E-09
    1.666000E+01    1.246847E-09
    1.667000E+01    1.242657E-09
    1.668000E+01    1.238484E-09
    1.669000E+01    1.234325E-09
    1.670000E+01    1.230183E-09
    1.671000E+01    1.226056E-09
    1.672000E+01    1.221945E-09
    1.673000E+01    1.217849E-09
    1.674000E+01    1.213769E-09
    1.675000E+01    1.209703E-09
    1.676000E+01    1.205654E-09
    1.677000E+01    1.201619E-09
    1.678000E+01    1.197599E-09
    1.679000E+01    1.193595E-09
    1.680000E+01    1.189606E-09
    1.681000E+01    1.185631E-09
    1.682000E+01    1.181672E-09
    1.683000E+01    1.177727E-09
    1.684000E+01    1.173797E-09
    1.685000E+01    1.169882E-09
    1.686000E+01    1.165981E-09
    1.687000E+01    1.162095E-09
    1.688000E+01    1.158224E-09
    1.689000E+01    1.154367E-09
    1.690000E+01    1.150525E-09
    1.691000E+01    1.146696E-09
    1.692000E+01    1.142883E-09
    1.693000E+01    1.139083E-09
    1.694000E+01    1.135298E-09
    1.695000E+01    1.131526E-09
    1.696000E+01    1.127769E-09
    1.697000E+01    1.124026E-09
    1.698000E+01    1.120296E-09
    1.699000E+01    1.116581E-09
    1.700000E+01    1.112879E-09
    1.701000E+01    1.109192E-09
    1.702000E+01    1.105518E-09
    1.703000E+01    1.101857E-09
    1.704000E+01    1.098210E-09
    1.705000E+01    1.094577E-09
    1.706000E+01    1.090958E-09
    1.707000E+01    1.087351E-09
    1.708000E+01    1.083758E-09
    1.709000E+01    1.080179E-09
    1.710000E+01    1.076613E-09
    1.711000E+01    1.073060E-09
    1.712000E+01    1.069520E-09
    1.713000E+01    1.065993E-09
    1.714000E+01    1.062479E-09
    1.715000E+01    1.058979E-09
    1.716000E+01    1.055491E-09
    1.717000E+01    1.052016E-09
    1.718000E+01    1.048554E-09
    1.719000E+01    1.045105E-09
    1.720000E+01    1.041669E-09
    1.721000E+01    1.038245E-09
    1.722000E+01    1.034834E-09
    1.723000E+01    1.031436E-09
    1.724000E+01    1.028050E-09
    1.725000E+01    1.024676E-09
    1.726000E+01    1.021315E-09
    1.727000E+01    1.017967E-09
    1.728000E+01    1.014631E-09
    1.729000E+01    1.011307E-09
    1.730000E+01    1.007995E-09
    1.731000E+01    1.004696E-09
    1.732000E+01    1.001408E-09
    1.733000E+01    9.981330E-10
    1.734000E+01    9.948698E-10
    1.735000E+01    9.916186E-10
    1.736000E+01    9.883794E-10
    1.737000E+01    9.851521E-10
    1.738000E+01    9.819366E-10
    1.739000E+01    9.787329E-10
    1.740000E+01    9.755410E-10
    1.741000E+01    9.723608E-10
    1.742000E+01    9.691922E-10
    1.743000E+01    9.660353E-10
    1.744000E+01    9.628899E-10
    1.745000E+01    9.597561E-10
    1.746000E+01    9.566337E-10
    1.747000E+01    9.535227E-10
    1.748000E+01    9.504232E-10
    1.749000E+01    9.473350E-10
    1.750000E+01    9.442580E-10
    1.751000E+01    9.411924E-10
    1.752000E+01    9.381379E-10
    1.753000E+01    9.350946E-10
    1.754000E+01    9.320623E-10
    1.755000E+01    9.290412E-10
    1.756000E+01    9.260311E-10
    1.757000E+01    9.230319E-10
    1.758000E+01    9.200437E-10
    1.759000E+01    9.170664E-10
    1.760000E+01    9.140999E-10
    1.761000E+01    9.111442E-10
    1.762000E+01    9.081993E-10
    1.763000E+01    9.052651E-10
    1.764000E+01    9.023416E-10
    1.765000E+01    8.994287E-10
    1.766000E+01    8.965264E-10
    1.767000E+01    8.936346E-10
    1.768000E+01    8.907534E-10
    1.769000E+01    8.878826E-10
    1.770000E+01    8.850222E-10
    1.771000E+01    8.821722E-10
    1.772000E+01    8.793326E-10
    1.773000E+01    8.765032E-10
    1.774000E+01    8.736841E-10
    1.775000E+01    8.708752E-10
    1.776000E+01    8.680765E-10
    1.777000E+01    8.652879E-10
    1.778000E+01    8.625094E-10
    1.779000E+01    8.597409E-10
    1.780000E+01    8.569825E-10
    1.781000E+01    8.542340E-10
    1.782000E+01    8.514954E-10
    1.783000E+01    8.487668E-10
    1.784000E+01    8.460480E-10
    1.785000E+01    8.433390E-10
    1.786000E+01    8.406398E-10
    1.787000E+01    8.379503E-10
    1.788000E+01    8.352705E-10
    1.789000E+01    8.326004E-10
    1.790000E+01    8.299399E-10
    1.791000E+01    8.272890E-10
    1.792000E+01    8.246476E-10
    1.793000E+01    8.220158E-10
    1.794000E+01    8.193934E-10
    1.795000E+01    8.167804E-10
    1.796000E+01    8.141768E-10
    1.797000E+01    8.115826E-10
    1.798000E+01    8.089977E-10
    1.799000E+01    8.064220E-10
    1.800000E+01    8.038557E-10
    1.801000E+01    8.012985E-10
    1.802000E+01    7.987505E-10
    1.803000E+01    7.962116E-10
    1.804000E+01    7.936818E-10
    1.805000E+01    7.911611E-10
    1.806000E+01    7.886495E-10
    1.807000E+01    7.861468E-10
    1.808000E+01    7.836530E-10
    1.809000E+01    7.811682E-10
    1.810000E+01    7.786923E-10
    1.811000E+01    7.762252E-10
    1.812000E+01    7.737670E-10
    1.813000E+01    7.713175E-10
    1.814000E+01    7.688768E-10
    1.815000E+01    7.664447E-10
    1.816000E+01    7.640214E-10
    1.817000E+01    7.616067E-10
    1.818000E+01    7.592006E-10
    1.819000E+01    7.568031E-10
    1.820000E+01    7.544141E-10
    1.821000E+01    7.520336E-10
    1.822000E+01    7.496616E-10
    1.823000E+01    7.472981E-10
    1.824000E+01    7.449429E-10
    1.825000E+01    7.425962E-10
    1.826000E+01    7.402578E-10
    1.827000E+01    7.379276E-10
    1.828000E+01    7.356058E-10
    1.829000E+01    7.332922E-10
    1.830000E+01    7.309868E-10
    1.831000E+01    7.286896E-10
    1.832000E+01    7.264005E-10
    1.833000E+01    7.241196E-10
    1.834000E+01    7.218467E-10
    1.835000E+01    7.195819E-10
    1.836000E+01    7.173251E-10
    1.837000E+01    7.150763E-10
    1.838000E+01    7.128355E-10
    1.839000E+01    7.106026E-10
    1.840000E+01    7.083776E-10
    1.841000E+01    7.061604E-10
    1.842000E+01    7.039511E-10
    1.843000E+01    7.017496E-10
    1.844000E+01    6.995558E-10
    1.845000E+01    6.973698E-10
    1.846000E+01    6.951916E-10
    1.847000E+01    6.930209E-10
    1.848000E+01    6.908580E-10
    1.849000E+01    6.887027E-10
    1.850000E+01    6.865549E-10
    1.851000E+01    6.844148E-10
    1.852000E+01    6.822821E-10
    1.853000E+01    6.801570E-10
    1.854000E+01    6.780393E-10
    1.855000E+01    6.759291E-10
    1.856000E+01    6.738263E-10
    1.857000E+01    6.717309E-10
    1.858000E+01    6.696429E-10
    1.859000E+01    6.675622E-10
    1.860000E+01    6.654887E-10
    1.861000E+01    6.634226E-10
    1.862000E+01    6.613637E-10
    1.863000E+01    6.593120E-10
    1.864000E+01    6.572676E-10
    1.865000E+01    6.552302E-10
    1.866000E+01    6.532000E-10
    1.867000E+01    6.511770E-10
    1.868000E+01    6.491610E-10
    1.869000E+01    6.471520E-10
    1.870000E+01    6.451501E-10
    1.871000E+01    6.431552E-10
    1.872000E+01    6.411672E-10
    1.873000E+01    6.391862E-10
    1.874000E+01    6.372121E-10
    1.875000E+01    6.352449E-10
    1.876000E+01    6.332846E-10
    1.877000E+01    6.313310E-10
    1.878000E+01    6.293844E-10
    1.879000E+01    6.274444E-10
    1.880000E+01    6.255113E-10
    1.881000E+01    6.235849E-10
    1.882000E+01    6.216651E-10
    1.883000E+01    6.197521E-10
    1.884000E+01    6.178457E-10
    1.885000E+01    6.159460E-10
    1.886000E+01    6.140528E-10
    1.887000E+01    6.121663E-10
    1.888000E+01    6.102862E-10
    1.889000E+01    6.084127E-10
    1.890000E+01    6.065458E-10
    1.891000E+01    6.046852E-10
    1.892000E+01    6.028312E-10
    1.893000E+01    6.009835E-10
    1.894000E+01    5.991423E-10
    1.895000E+01    5.973075E-10
    1.896000E+01    5.954790E-10
    1.897000E+01    5.936568E-10
    1.898000E+01    5.918409E-10
    1.899000E+01    5.900314E-10
    1.900000E+01    5.882280E-10
    1.901000E+01    5.864309E-10
    1.902000E+01    5.846400E-10
    1.903000E+01    5.828553E-10
    1.904000E+01    5.810768E-10
    1.905000E+01    5.793044E-10
    1.906000E+01    5.775381E-10
    1.907000E+01    5.757779E-10
    1.908000E+01    5.740238E-10
    1.909000E+01    5.722757E-10
    1.910000E+01    5.705337E-10
    1.911000E+01    5.687976E-10
    1.912000E+01    5.670675E-10
    1.913000E+01    5.653434E-10
    1.914000E+01    5.636252E-10
    1.915000E+01    5.619129E-10
    1.916000E+01    5.602065E-10
    1.917000E+01    5.585060E-10
    1.918000E+01    5.568113E-10
    1.919000E+01    5.551224E-10
    1.920000E+01    5.534393E-10
    1.921000E+01    5.517620E-10
    1.922000E+01    5.500904E-10
    1.923000E+01    5.484246E-10
    1.924000E+01    5.467644E-10
    1.925000E+01    5.451100E-10
    1.926000E+01    5.434612E-10
    1.927000E+01    5.418181E-10
    1.928000E+01    5.401806E-10
    1.929000E+01    5.385487E-10
    1.930000E+01    5.369224E-10
    1.931000E+01    5.353016E-10
    1.932000E+01    5.336864E-10
    1.933000E+01    5.320766E-10
    1.934000E+01    5.304724E-10
    1.935000E+01    5.288737E-10
    1.936000E+01    5.272804E-10
    1.937000E+01    5.256925E-10
    1.938000E+01    5.241101E-10
    1.939000E+01    5.225330E-10
    1.940000E+01    5.209614E-10
    1.941000E+01    5.193950E-10
    1.942000E+01    5.178340E-10
    1.943000E+01    5.162784E-10
    1.944000E+01    5.147280E-10
    1.945000E+01    5.131828E-10
    1.946000E+01    5.116430E-10
    1.947000E+01    5.101083E-10
    1.948000E+01    5.085789E-10
    1.949000E+01    5.070547E-10
    1.950000E+01    5.055356E-10
    1.951000E+01    5.040217E-10
    1.952000E+01    5.025129E-10
    1.953000E+01    5.010093E-10
    1.954000E+01    4.995107E-10
    1.955000E+01    4.980172E-10
    1.956000E+01    4.965288E-10
    1.957000E+01    4.950454E-10
    1.958000E+01    4.935670E-10
    1.959000E+01    4.920936E-10
    1.960000E+01    4.906253E-10
    1.961000E+01    4.891618E-10
    1.962000E+01    4.877033E-10
    1.963000E+01    4.862498E-10
    1.964000E+01    4.848011E-10
    1.965000E+01    4.833574E-10
    1.966000E+01    4.819185E-10
    1.967000E+01    4.804844E-10
    1.968000E+01    4.790552E-10
    1.969000E+01    4.776308E-10
    1.970000E+01    4.762112E-10
    1.971000E+01    4.747964E-10
    1.972000E+01    4.733864E-10
    1.973000E+01    4.719811E-10
    1.974000E+01    4.705805E-10
    1.975000E+01    4.691846E-10
    1.976000E+01    4.677935E-10
    1.977000E+01    4.664069E-10
    1.978000E+01    4.650251E-10
    1.979000E+01    4.636479E-10
    1.980000E+01    4.622753E-10
    1.981000E+01    4.609073E-10
    1.982000E+01    4.595439E-10
    1.983000E+01    4.581851E-10
    1.984000E+01    4.568308E-10
    1.985000E+01    4.554811E-10
    1.986000E+01    4.541359E-10
    1.987000E+01    4.527952E-10
    1.988000E+01    4.514589E-10
    1.989000E+01    4.501272E-10
    1.990000E+01    4.487999E-10
    1.991000E+01    4.474770E-10
    1.992000E+01    4.461586E-10
    1.993000E+01    4.448445E-10
    1.994000E+01    4.435349E-10
    1.995000E+01    4.422296E-10
    1.996000E+01    4.409286E-10
    1.997000E+01    4.396320E-10
    1.998000E+01    4.383398E-10
    1.999000E+01    4.370518E-10
