 # potential for l= 4 and q'= 2.5 fm^-1
 
              #q        vl(q,q')
    1.000000E-02   -3.529263E-07
    2.000000E-02   -3.529799E-07
    3.000000E-02   -3.530693E-07
    4.000000E-02   -3.531944E-07
    5.000000E-02   -3.533553E-07
    6.000000E-02   -3.535518E-07
    7.000000E-02   -3.537841E-07
    8.000000E-02   -3.540521E-07
    9.000000E-02   -3.543557E-07
    1.000000E-01   -3.546951E-07
    1.100000E-01   -3.550700E-07
    1.200000E-01   -3.554805E-07
    1.300000E-01   -3.559267E-07
    1.400000E-01   -3.564083E-07
    1.500000E-01   -3.569255E-07
    1.600000E-01   -3.574781E-07
    1.700000E-01   -3.580662E-07
    1.800000E-01   -3.586897E-07
    1.900000E-01   -3.593485E-07
    2.000000E-01   -3.600426E-07
    2.100000E-01   -3.607720E-07
    2.200000E-01   -3.615366E-07
    2.300000E-01   -3.623363E-07
    2.400000E-01   -3.631711E-07
    2.500000E-01   -3.640409E-07
    2.600000E-01   -3.649457E-07
    2.700000E-01   -3.658854E-07
    2.800000E-01   -3.668599E-07
    2.900000E-01   -3.678692E-07
    3.000000E-01   -3.689131E-07
    3.100000E-01   -3.699917E-07
    3.200000E-01   -3.711047E-07
    3.300000E-01   -3.722522E-07
    3.400000E-01   -3.734341E-07
    3.500000E-01   -3.746501E-07
    3.600000E-01   -3.759004E-07
    3.700000E-01   -3.771847E-07
    3.800000E-01   -3.785029E-07
    3.900000E-01   -3.798550E-07
    4.000000E-01   -3.812408E-07
    4.100000E-01   -3.826603E-07
    4.200000E-01   -3.841133E-07
    4.300000E-01   -3.855996E-07
    4.400000E-01   -3.871193E-07
    4.500000E-01   -3.886721E-07
    4.600000E-01   -3.902579E-07
    4.700000E-01   -3.918765E-07
    4.800000E-01   -3.935279E-07
    4.900000E-01   -3.952119E-07
    5.000000E-01   -3.969284E-07
    5.100000E-01   -3.986771E-07
    5.200000E-01   -4.004580E-07
    5.300000E-01   -4.022709E-07
    5.400000E-01   -4.041156E-07
    5.500000E-01   -4.059919E-07
    5.600000E-01   -4.078997E-07
    5.700000E-01   -4.098388E-07
    5.800000E-01   -4.118090E-07
    5.900000E-01   -4.138101E-07
    6.000000E-01   -4.158420E-07
    6.100000E-01   -4.179044E-07
    6.200000E-01   -4.199971E-07
    6.300000E-01   -4.221199E-07
    6.400000E-01   -4.242727E-07
    6.500000E-01   -4.264551E-07
    6.600000E-01   -4.286671E-07
    6.700000E-01   -4.309082E-07
    6.800000E-01   -4.331784E-07
    6.900000E-01   -4.354773E-07
    7.000000E-01   -4.378048E-07
    7.100000E-01   -4.401605E-07
    7.200000E-01   -4.425443E-07
    7.300000E-01   -4.449558E-07
    7.400000E-01   -4.473948E-07
    7.500000E-01   -4.498610E-07
    7.600000E-01   -4.523541E-07
    7.700000E-01   -4.548739E-07
    7.800000E-01   -4.574200E-07
    7.900000E-01   -4.599921E-07
    8.000000E-01   -4.625900E-07
    8.100000E-01   -4.652134E-07
    8.200000E-01   -4.678618E-07
    8.300000E-01   -4.705350E-07
    8.400000E-01   -4.732327E-07
    8.500000E-01   -4.759544E-07
    8.600000E-01   -4.787000E-07
    8.700000E-01   -4.814689E-07
    8.800000E-01   -4.842609E-07
    8.900000E-01   -4.870756E-07
    9.000000E-01   -4.899125E-07
    9.100000E-01   -4.927714E-07
    9.200000E-01   -4.956519E-07
    9.300000E-01   -4.985534E-07
    9.400000E-01   -5.014757E-07
    9.500000E-01   -5.044183E-07
    9.600000E-01   -5.073808E-07
    9.700000E-01   -5.103627E-07
    9.800000E-01   -5.133637E-07
    9.900000E-01   -5.163832E-07
    1.000000E+00   -5.194209E-07
    1.010000E+00   -5.224763E-07
    1.020000E+00   -5.255489E-07
    1.030000E+00   -5.286381E-07
    1.040000E+00   -5.317437E-07
    1.050000E+00   -5.348649E-07
    1.060000E+00   -5.380015E-07
    1.070000E+00   -5.411527E-07
    1.080000E+00   -5.443182E-07
    1.090000E+00   -5.474973E-07
    1.100000E+00   -5.506897E-07
    1.110000E+00   -5.538946E-07
    1.120000E+00   -5.571116E-07
    1.130000E+00   -5.603401E-07
    1.140000E+00   -5.635795E-07
    1.150000E+00   -5.668293E-07
    1.160000E+00   -5.700888E-07
    1.170000E+00   -5.733575E-07
    1.180000E+00   -5.766348E-07
    1.190000E+00   -5.799200E-07
    1.200000E+00   -5.832126E-07
    1.210000E+00   -5.865119E-07
    1.220000E+00   -5.898172E-07
    1.230000E+00   -5.931280E-07
    1.240000E+00   -5.964435E-07
    1.250000E+00   -5.997631E-07
    1.260000E+00   -6.030862E-07
    1.270000E+00   -6.064120E-07
    1.280000E+00   -6.097399E-07
    1.290000E+00   -6.130691E-07
    1.300000E+00   -6.163990E-07
    1.310000E+00   -6.197289E-07
    1.320000E+00   -6.230579E-07
    1.330000E+00   -6.263855E-07
    1.340000E+00   -6.297108E-07
    1.350000E+00   -6.330331E-07
    1.360000E+00   -6.363517E-07
    1.370000E+00   -6.396657E-07
    1.380000E+00   -6.429745E-07
    1.390000E+00   -6.462773E-07
    1.400000E+00   -6.495732E-07
    1.410000E+00   -6.528615E-07
    1.420000E+00   -6.561413E-07
    1.430000E+00   -6.594120E-07
    1.440000E+00   -6.626726E-07
    1.450000E+00   -6.659223E-07
    1.460000E+00   -6.691604E-07
    1.470000E+00   -6.723859E-07
    1.480000E+00   -6.755981E-07
    1.490000E+00   -6.787962E-07
    1.500000E+00   -6.819792E-07
    1.510000E+00   -6.851463E-07
    1.520000E+00   -6.882966E-07
    1.530000E+00   -6.914294E-07
    1.540000E+00   -6.945437E-07
    1.550000E+00   -6.976386E-07
    1.560000E+00   -7.007134E-07
    1.570000E+00   -7.037670E-07
    1.580000E+00   -7.067986E-07
    1.590000E+00   -7.098074E-07
    1.600000E+00   -7.127924E-07
    1.610000E+00   -7.157528E-07
    1.620000E+00   -7.186877E-07
    1.630000E+00   -7.215961E-07
    1.640000E+00   -7.244772E-07
    1.650000E+00   -7.273300E-07
    1.660000E+00   -7.301537E-07
    1.670000E+00   -7.329474E-07
    1.680000E+00   -7.357102E-07
    1.690000E+00   -7.384412E-07
    1.700000E+00   -7.411394E-07
    1.710000E+00   -7.438040E-07
    1.720000E+00   -7.464341E-07
    1.730000E+00   -7.490288E-07
    1.740000E+00   -7.515872E-07
    1.750000E+00   -7.541084E-07
    1.760000E+00   -7.565916E-07
    1.770000E+00   -7.590358E-07
    1.780000E+00   -7.614401E-07
    1.790000E+00   -7.638038E-07
    1.800000E+00   -7.661259E-07
    1.810000E+00   -7.684055E-07
    1.820000E+00   -7.706419E-07
    1.830000E+00   -7.728341E-07
    1.840000E+00   -7.749814E-07
    1.850000E+00   -7.770828E-07
    1.860000E+00   -7.791376E-07
    1.870000E+00   -7.811449E-07
    1.880000E+00   -7.831040E-07
    1.890000E+00   -7.850140E-07
    1.900000E+00   -7.868742E-07
    1.910000E+00   -7.886837E-07
    1.920000E+00   -7.904418E-07
    1.930000E+00   -7.921478E-07
    1.940000E+00   -7.938009E-07
    1.950000E+00   -7.954003E-07
    1.960000E+00   -7.969454E-07
    1.970000E+00   -7.984354E-07
    1.980000E+00   -7.998697E-07
    1.990000E+00   -8.012475E-07
    2.000000E+00   -8.025683E-07
    2.010000E+00   -8.038314E-07
    2.020000E+00   -8.050361E-07
    2.030000E+00   -8.061818E-07
    2.040000E+00   -8.072680E-07
    2.050000E+00   -8.082940E-07
    2.060000E+00   -8.092593E-07
    2.070000E+00   -8.101634E-07
    2.080000E+00   -8.110057E-07
    2.090000E+00   -8.117858E-07
    2.100000E+00   -8.125031E-07
    2.110000E+00   -8.131572E-07
    2.120000E+00   -8.137477E-07
    2.130000E+00   -8.142741E-07
    2.140000E+00   -8.147360E-07
    2.150000E+00   -8.151331E-07
    2.160000E+00   -8.154649E-07
    2.170000E+00   -8.157313E-07
    2.180000E+00   -8.159317E-07
    2.190000E+00   -8.160661E-07
    2.200000E+00   -8.161340E-07
    2.210000E+00   -8.161354E-07
    2.220000E+00   -8.160698E-07
    2.230000E+00   -8.159373E-07
    2.240000E+00   -8.157375E-07
    2.250000E+00   -8.154703E-07
    2.260000E+00   -8.151357E-07
    2.270000E+00   -8.147336E-07
    2.280000E+00   -8.142638E-07
    2.290000E+00   -8.137263E-07
    2.300000E+00   -8.131212E-07
    2.310000E+00   -8.124484E-07
    2.320000E+00   -8.117079E-07
    2.330000E+00   -8.108998E-07
    2.340000E+00   -8.100243E-07
    2.350000E+00   -8.090814E-07
    2.360000E+00   -8.080712E-07
    2.370000E+00   -8.069939E-07
    2.380000E+00   -8.058498E-07
    2.390000E+00   -8.046390E-07
    2.400000E+00   -8.033617E-07
    2.410000E+00   -8.020182E-07
    2.420000E+00   -8.006089E-07
    2.430000E+00   -7.991340E-07
    2.440000E+00   -7.975938E-07
    2.450000E+00   -7.959888E-07
    2.460000E+00   -7.943193E-07
    2.470000E+00   -7.925857E-07
    2.480000E+00   -7.907885E-07
    2.490000E+00   -7.889281E-07
    2.500000E+00   -7.870050E-07
    2.510000E+00   -7.850197E-07
    2.520000E+00   -7.829727E-07
    2.530000E+00   -7.808647E-07
    2.540000E+00   -7.786961E-07
    2.550000E+00   -7.764675E-07
    2.560000E+00   -7.741796E-07
    2.570000E+00   -7.718330E-07
    2.580000E+00   -7.694284E-07
    2.590000E+00   -7.669664E-07
    2.600000E+00   -7.644476E-07
    2.610000E+00   -7.618729E-07
    2.620000E+00   -7.592430E-07
    2.630000E+00   -7.565586E-07
    2.640000E+00   -7.538204E-07
    2.650000E+00   -7.510292E-07
    2.660000E+00   -7.481859E-07
    2.670000E+00   -7.452913E-07
    2.680000E+00   -7.423461E-07
    2.690000E+00   -7.393512E-07
    2.700000E+00   -7.363075E-07
    2.710000E+00   -7.332157E-07
    2.720000E+00   -7.300769E-07
    2.730000E+00   -7.268919E-07
    2.740000E+00   -7.236616E-07
    2.750000E+00   -7.203869E-07
    2.760000E+00   -7.170687E-07
    2.770000E+00   -7.137079E-07
    2.780000E+00   -7.103055E-07
    2.790000E+00   -7.068625E-07
    2.800000E+00   -7.033797E-07
    2.810000E+00   -6.998582E-07
    2.820000E+00   -6.962989E-07
    2.830000E+00   -6.927028E-07
    2.840000E+00   -6.890708E-07
    2.850000E+00   -6.854040E-07
    2.860000E+00   -6.817033E-07
    2.870000E+00   -6.779697E-07
    2.880000E+00   -6.742042E-07
    2.890000E+00   -6.704078E-07
    2.900000E+00   -6.665814E-07
    2.910000E+00   -6.627262E-07
    2.920000E+00   -6.588429E-07
    2.930000E+00   -6.549328E-07
    2.940000E+00   -6.509967E-07
    2.950000E+00   -6.470356E-07
    2.960000E+00   -6.430506E-07
    2.970000E+00   -6.390425E-07
    2.980000E+00   -6.350125E-07
    2.990000E+00   -6.309614E-07
    3.000000E+00   -6.268902E-07
    3.010000E+00   -6.228000E-07
    3.020000E+00   -6.186916E-07
    3.030000E+00   -6.145661E-07
    3.040000E+00   -6.104244E-07
    3.050000E+00   -6.062673E-07
    3.060000E+00   -6.020960E-07
    3.070000E+00   -5.979113E-07
    3.080000E+00   -5.937141E-07
    3.090000E+00   -5.895053E-07
    3.100000E+00   -5.852859E-07
    3.110000E+00   -5.810567E-07
    3.120000E+00   -5.768187E-07
    3.130000E+00   -5.725727E-07
    3.140000E+00   -5.683196E-07
    3.150000E+00   -5.640603E-07
    3.160000E+00   -5.597955E-07
    3.170000E+00   -5.555262E-07
    3.180000E+00   -5.512532E-07
    3.190000E+00   -5.469773E-07
    3.200000E+00   -5.426994E-07
    3.210000E+00   -5.384201E-07
    3.220000E+00   -5.341403E-07
    3.230000E+00   -5.298608E-07
    3.240000E+00   -5.255823E-07
    3.250000E+00   -5.213056E-07
    3.260000E+00   -5.170314E-07
    3.270000E+00   -5.127604E-07
    3.280000E+00   -5.084934E-07
    3.290000E+00   -5.042310E-07
    3.300000E+00   -4.999740E-07
    3.310000E+00   -4.957230E-07
    3.320000E+00   -4.914787E-07
    3.330000E+00   -4.872417E-07
    3.340000E+00   -4.830127E-07
    3.350000E+00   -4.787923E-07
    3.360000E+00   -4.745810E-07
    3.370000E+00   -4.703795E-07
    3.380000E+00   -4.661885E-07
    3.390000E+00   -4.620083E-07
    3.400000E+00   -4.578397E-07
    3.410000E+00   -4.536831E-07
    3.420000E+00   -4.495391E-07
    3.430000E+00   -4.454082E-07
    3.440000E+00   -4.412909E-07
    3.450000E+00   -4.371877E-07
    3.460000E+00   -4.330991E-07
    3.470000E+00   -4.290255E-07
    3.480000E+00   -4.249675E-07
    3.490000E+00   -4.209253E-07
    3.500000E+00   -4.168996E-07
    3.510000E+00   -4.128906E-07
    3.520000E+00   -4.088988E-07
    3.530000E+00   -4.049246E-07
    3.540000E+00   -4.009684E-07
    3.550000E+00   -3.970305E-07
    3.560000E+00   -3.931112E-07
    3.570000E+00   -3.892110E-07
    3.580000E+00   -3.853302E-07
    3.590000E+00   -3.814691E-07
    3.600000E+00   -3.776279E-07
    3.610000E+00   -3.738070E-07
    3.620000E+00   -3.700068E-07
    3.630000E+00   -3.662273E-07
    3.640000E+00   -3.624690E-07
    3.650000E+00   -3.587321E-07
    3.660000E+00   -3.550167E-07
    3.670000E+00   -3.513232E-07
    3.680000E+00   -3.476518E-07
    3.690000E+00   -3.440027E-07
    3.700000E+00   -3.403760E-07
    3.710000E+00   -3.367720E-07
    3.720000E+00   -3.331909E-07
    3.730000E+00   -3.296328E-07
    3.740000E+00   -3.260979E-07
    3.750000E+00   -3.225864E-07
    3.760000E+00   -3.190983E-07
    3.770000E+00   -3.156339E-07
    3.780000E+00   -3.121933E-07
    3.790000E+00   -3.087765E-07
    3.800000E+00   -3.053837E-07
    3.810000E+00   -3.020151E-07
    3.820000E+00   -2.986706E-07
    3.830000E+00   -2.953503E-07
    3.840000E+00   -2.920545E-07
    3.850000E+00   -2.887830E-07
    3.860000E+00   -2.855361E-07
    3.870000E+00   -2.823137E-07
    3.880000E+00   -2.791159E-07
    3.890000E+00   -2.759427E-07
    3.900000E+00   -2.727943E-07
    3.910000E+00   -2.696705E-07
    3.920000E+00   -2.665715E-07
    3.930000E+00   -2.634972E-07
    3.940000E+00   -2.604476E-07
    3.950000E+00   -2.574228E-07
    3.960000E+00   -2.544228E-07
    3.970000E+00   -2.514475E-07
    3.980000E+00   -2.484970E-07
    3.990000E+00   -2.455712E-07
    4.000000E+00   -2.426701E-07
    4.010000E+00   -2.397936E-07
    4.020000E+00   -2.369418E-07
    4.030000E+00   -2.341146E-07
    4.040000E+00   -2.313119E-07
    4.050000E+00   -2.285338E-07
    4.060000E+00   -2.257801E-07
    4.070000E+00   -2.230508E-07
    4.080000E+00   -2.203458E-07
    4.090000E+00   -2.176651E-07
    4.100000E+00   -2.150086E-07
    4.110000E+00   -2.123763E-07
    4.120000E+00   -2.097680E-07
    4.130000E+00   -2.071836E-07
    4.140000E+00   -2.046232E-07
    4.150000E+00   -2.020866E-07
    4.160000E+00   -1.995736E-07
    4.170000E+00   -1.970843E-07
    4.180000E+00   -1.946185E-07
    4.190000E+00   -1.921762E-07
    4.200000E+00   -1.897572E-07
    4.210000E+00   -1.873613E-07
    4.220000E+00   -1.849886E-07
    4.230000E+00   -1.826389E-07
    4.240000E+00   -1.803121E-07
    4.250000E+00   -1.780081E-07
    4.260000E+00   -1.757267E-07
    4.270000E+00   -1.734679E-07
    4.280000E+00   -1.712315E-07
    4.290000E+00   -1.690174E-07
    4.300000E+00   -1.668255E-07
    4.310000E+00   -1.646556E-07
    4.320000E+00   -1.625076E-07
    4.330000E+00   -1.603814E-07
    4.340000E+00   -1.582769E-07
    4.350000E+00   -1.561939E-07
    4.360000E+00   -1.541323E-07
    4.370000E+00   -1.520920E-07
    4.380000E+00   -1.500727E-07
    4.390000E+00   -1.480745E-07
    4.400000E+00   -1.460971E-07
    4.410000E+00   -1.441404E-07
    4.420000E+00   -1.422043E-07
    4.430000E+00   -1.402886E-07
    4.440000E+00   -1.383932E-07
    4.450000E+00   -1.365179E-07
    4.460000E+00   -1.346627E-07
    4.470000E+00   -1.328272E-07
    4.480000E+00   -1.310115E-07
    4.490000E+00   -1.292154E-07
    4.500000E+00   -1.274386E-07
    4.510000E+00   -1.256811E-07
    4.520000E+00   -1.239428E-07
    4.530000E+00   -1.222234E-07
    4.540000E+00   -1.205229E-07
    4.550000E+00   -1.188410E-07
    4.560000E+00   -1.171777E-07
    4.570000E+00   -1.155327E-07
    4.580000E+00   -1.139060E-07
    4.590000E+00   -1.122974E-07
    4.600000E+00   -1.107067E-07
    4.610000E+00   -1.091338E-07
    4.620000E+00   -1.075786E-07
    4.630000E+00   -1.060408E-07
    4.640000E+00   -1.045204E-07
    4.650000E+00   -1.030172E-07
    4.660000E+00   -1.015311E-07
    4.670000E+00   -1.000618E-07
    4.680000E+00   -9.860938E-08
    4.690000E+00   -9.717352E-08
    4.700000E+00   -9.575413E-08
    4.710000E+00   -9.435107E-08
    4.720000E+00   -9.296418E-08
    4.730000E+00   -9.159333E-08
    4.740000E+00   -9.023836E-08
    4.750000E+00   -8.889913E-08
    4.760000E+00   -8.757551E-08
    4.770000E+00   -8.626734E-08
    4.780000E+00   -8.497448E-08
    4.790000E+00   -8.369680E-08
    4.800000E+00   -8.243415E-08
    4.810000E+00   -8.118638E-08
    4.820000E+00   -7.995337E-08
    4.830000E+00   -7.873496E-08
    4.840000E+00   -7.753102E-08
    4.850000E+00   -7.634141E-08
    4.860000E+00   -7.516600E-08
    4.870000E+00   -7.400465E-08
    4.880000E+00   -7.285721E-08
    4.890000E+00   -7.172356E-08
    4.900000E+00   -7.060356E-08
    4.910000E+00   -6.949707E-08
    4.920000E+00   -6.840396E-08
    4.930000E+00   -6.732411E-08
    4.940000E+00   -6.625737E-08
    4.950000E+00   -6.520361E-08
    4.960000E+00   -6.416271E-08
    4.970000E+00   -6.313454E-08
    4.980000E+00   -6.211897E-08
    4.990000E+00   -6.111586E-08
    5.000000E+00   -6.012510E-08
    5.010000E+00   -5.914655E-08
    5.020000E+00   -5.818009E-08
    5.030000E+00   -5.722560E-08
    5.040000E+00   -5.628295E-08
    5.050000E+00   -5.535202E-08
    5.060000E+00   -5.443269E-08
    5.070000E+00   -5.352483E-08
    5.080000E+00   -5.262833E-08
    5.090000E+00   -5.174307E-08
    5.100000E+00   -5.086892E-08
    5.110000E+00   -5.000578E-08
    5.120000E+00   -4.915352E-08
    5.130000E+00   -4.831202E-08
    5.140000E+00   -4.748118E-08
    5.150000E+00   -4.666088E-08
    5.160000E+00   -4.585100E-08
    5.170000E+00   -4.505144E-08
    5.180000E+00   -4.426208E-08
    5.190000E+00   -4.348281E-08
    5.200000E+00   -4.271352E-08
    5.210000E+00   -4.195411E-08
    5.220000E+00   -4.120446E-08
    5.230000E+00   -4.046447E-08
    5.240000E+00   -3.973403E-08
    5.250000E+00   -3.901304E-08
    5.260000E+00   -3.830139E-08
    5.270000E+00   -3.759899E-08
    5.280000E+00   -3.690572E-08
    5.290000E+00   -3.622148E-08
    5.300000E+00   -3.554619E-08
    5.310000E+00   -3.487972E-08
    5.320000E+00   -3.422200E-08
    5.330000E+00   -3.357291E-08
    5.340000E+00   -3.293236E-08
    5.350000E+00   -3.230026E-08
    5.360000E+00   -3.167651E-08
    5.370000E+00   -3.106102E-08
    5.380000E+00   -3.045369E-08
    5.390000E+00   -2.985442E-08
    5.400000E+00   -2.926314E-08
    5.410000E+00   -2.867974E-08
    5.420000E+00   -2.810413E-08
    5.430000E+00   -2.753624E-08
    5.440000E+00   -2.697596E-08
    5.450000E+00   -2.642321E-08
    5.460000E+00   -2.587790E-08
    5.470000E+00   -2.533996E-08
    5.480000E+00   -2.480928E-08
    5.490000E+00   -2.428579E-08
    5.500000E+00   -2.376941E-08
    5.510000E+00   -2.326005E-08
    5.520000E+00   -2.275763E-08
    5.530000E+00   -2.226207E-08
    5.540000E+00   -2.177329E-08
    5.550000E+00   -2.129121E-08
    5.560000E+00   -2.081574E-08
    5.570000E+00   -2.034682E-08
    5.580000E+00   -1.988437E-08
    5.590000E+00   -1.942830E-08
    5.600000E+00   -1.897855E-08
    5.610000E+00   -1.853504E-08
    5.620000E+00   -1.809769E-08
    5.630000E+00   -1.766643E-08
    5.640000E+00   -1.724120E-08
    5.650000E+00   -1.682191E-08
    5.660000E+00   -1.640849E-08
    5.670000E+00   -1.600088E-08
    5.680000E+00   -1.559901E-08
    5.690000E+00   -1.520281E-08
    5.700000E+00   -1.481220E-08
    5.710000E+00   -1.442713E-08
    5.720000E+00   -1.404752E-08
    5.730000E+00   -1.367331E-08
    5.740000E+00   -1.330443E-08
    5.750000E+00   -1.294083E-08
    5.760000E+00   -1.258242E-08
    5.770000E+00   -1.222916E-08
    5.780000E+00   -1.188098E-08
    5.790000E+00   -1.153782E-08
    5.800000E+00   -1.119961E-08
    5.810000E+00   -1.086630E-08
    5.820000E+00   -1.053783E-08
    5.830000E+00   -1.021413E-08
    5.840000E+00   -9.895147E-09
    5.850000E+00   -9.580825E-09
    5.860000E+00   -9.271106E-09
    5.870000E+00   -8.965933E-09
    5.880000E+00   -8.665249E-09
    5.890000E+00   -8.368999E-09
    5.900000E+00   -8.077128E-09
    5.910000E+00   -7.789582E-09
    5.920000E+00   -7.506307E-09
    5.930000E+00   -7.227250E-09
    5.940000E+00   -6.952358E-09
    5.950000E+00   -6.681581E-09
    5.960000E+00   -6.414865E-09
    5.970000E+00   -6.152161E-09
    5.980000E+00   -5.893418E-09
    5.990000E+00   -5.638587E-09
    6.000000E+00   -5.387618E-09
    6.010000E+00   -5.140463E-09
    6.020000E+00   -4.897075E-09
    6.030000E+00   -4.657404E-09
    6.040000E+00   -4.421406E-09
    6.050000E+00   -4.189033E-09
    6.060000E+00   -3.960239E-09
    6.070000E+00   -3.734979E-09
    6.080000E+00   -3.513208E-09
    6.090000E+00   -3.294882E-09
    6.100000E+00   -3.079958E-09
    6.110000E+00   -2.868391E-09
    6.120000E+00   -2.660139E-09
    6.130000E+00   -2.455160E-09
    6.140000E+00   -2.253411E-09
    6.150000E+00   -2.054853E-09
    6.160000E+00   -1.859443E-09
    6.170000E+00   -1.667141E-09
    6.180000E+00   -1.477907E-09
    6.190000E+00   -1.291702E-09
    6.200000E+00   -1.108488E-09
    6.210000E+00   -9.282241E-10
    6.220000E+00   -7.508737E-10
    6.230000E+00   -5.763988E-10
    6.240000E+00   -4.047622E-10
    6.250000E+00   -2.359271E-10
    6.260000E+00   -6.985715E-11
    6.270000E+00    9.348363E-11
    6.280000E+00    2.541307E-10
    6.290000E+00    4.121192E-10
    6.300000E+00    5.674838E-10
    6.310000E+00    7.202588E-10
    6.320000E+00    8.704780E-10
    6.330000E+00    1.018175E-09
    6.340000E+00    1.163383E-09
    6.350000E+00    1.306134E-09
    6.360000E+00    1.446461E-09
    6.370000E+00    1.584395E-09
    6.380000E+00    1.719969E-09
    6.390000E+00    1.853213E-09
    6.400000E+00    1.984159E-09
    6.410000E+00    2.112836E-09
    6.420000E+00    2.239274E-09
    6.430000E+00    2.363504E-09
    6.440000E+00    2.485555E-09
    6.450000E+00    2.605455E-09
    6.460000E+00    2.723234E-09
    6.470000E+00    2.838919E-09
    6.480000E+00    2.952538E-09
    6.490000E+00    3.064120E-09
    6.500000E+00    3.173692E-09
    6.510000E+00    3.281280E-09
    6.520000E+00    3.386911E-09
    6.530000E+00    3.490611E-09
    6.540000E+00    3.592407E-09
    6.550000E+00    3.692323E-09
    6.560000E+00    3.790387E-09
    6.570000E+00    3.886621E-09
    6.580000E+00    3.981052E-09
    6.590000E+00    4.073704E-09
    6.600000E+00    4.164601E-09
    6.610000E+00    4.253766E-09
    6.620000E+00    4.341224E-09
    6.630000E+00    4.426997E-09
    6.640000E+00    4.511108E-09
    6.650000E+00    4.593582E-09
    6.660000E+00    4.674438E-09
    6.670000E+00    4.753701E-09
    6.680000E+00    4.831392E-09
    6.690000E+00    4.907532E-09
    6.700000E+00    4.982142E-09
    6.710000E+00    5.055245E-09
    6.720000E+00    5.126861E-09
    6.730000E+00    5.197009E-09
    6.740000E+00    5.265712E-09
    6.750000E+00    5.332988E-09
    6.760000E+00    5.398857E-09
    6.770000E+00    5.463340E-09
    6.780000E+00    5.526455E-09
    6.790000E+00    5.588221E-09
    6.800000E+00    5.648658E-09
    6.810000E+00    5.707784E-09
    6.820000E+00    5.765618E-09
    6.830000E+00    5.822177E-09
    6.840000E+00    5.877480E-09
    6.850000E+00    5.931543E-09
    6.860000E+00    5.984386E-09
    6.870000E+00    6.036025E-09
    6.880000E+00    6.086476E-09
    6.890000E+00    6.135758E-09
    6.900000E+00    6.183886E-09
    6.910000E+00    6.230877E-09
    6.920000E+00    6.276747E-09
    6.930000E+00    6.321513E-09
    6.940000E+00    6.365190E-09
    6.950000E+00    6.407793E-09
    6.960000E+00    6.449338E-09
    6.970000E+00    6.489841E-09
    6.980000E+00    6.529316E-09
    6.990000E+00    6.567778E-09
    7.000000E+00    6.605242E-09
    7.010000E+00    6.641722E-09
    7.020000E+00    6.677233E-09
    7.030000E+00    6.711789E-09
    7.040000E+00    6.745403E-09
    7.050000E+00    6.778090E-09
    7.060000E+00    6.809863E-09
    7.070000E+00    6.840735E-09
    7.080000E+00    6.870720E-09
    7.090000E+00    6.899830E-09
    7.100000E+00    6.928079E-09
    7.110000E+00    6.955479E-09
    7.120000E+00    6.982043E-09
    7.130000E+00    7.007784E-09
    7.140000E+00    7.032713E-09
    7.150000E+00    7.056843E-09
    7.160000E+00    7.080185E-09
    7.170000E+00    7.102752E-09
    7.180000E+00    7.124554E-09
    7.190000E+00    7.145604E-09
    7.200000E+00    7.165913E-09
    7.210000E+00    7.185493E-09
    7.220000E+00    7.204353E-09
    7.230000E+00    7.222505E-09
    7.240000E+00    7.239960E-09
    7.250000E+00    7.256728E-09
    7.260000E+00    7.272820E-09
    7.270000E+00    7.288247E-09
    7.280000E+00    7.303018E-09
    7.290000E+00    7.317143E-09
    7.300000E+00    7.330633E-09
    7.310000E+00    7.343498E-09
    7.320000E+00    7.355746E-09
    7.330000E+00    7.367388E-09
    7.340000E+00    7.378433E-09
    7.350000E+00    7.388891E-09
    7.360000E+00    7.398770E-09
    7.370000E+00    7.408079E-09
    7.380000E+00    7.416829E-09
    7.390000E+00    7.425027E-09
    7.400000E+00    7.432682E-09
    7.410000E+00    7.439803E-09
    7.420000E+00    7.446398E-09
    7.430000E+00    7.452476E-09
    7.440000E+00    7.458045E-09
    7.450000E+00    7.463114E-09
    7.460000E+00    7.467689E-09
    7.470000E+00    7.471780E-09
    7.480000E+00    7.475394E-09
    7.490000E+00    7.478539E-09
    7.500000E+00    7.481222E-09
    7.510000E+00    7.483452E-09
    7.520000E+00    7.485234E-09
    7.530000E+00    7.486578E-09
    7.540000E+00    7.487490E-09
    7.550000E+00    7.487977E-09
    7.560000E+00    7.488047E-09
    7.570000E+00    7.487705E-09
    7.580000E+00    7.486960E-09
    7.590000E+00    7.485818E-09
    7.600000E+00    7.484286E-09
    7.610000E+00    7.482369E-09
    7.620000E+00    7.480076E-09
    7.630000E+00    7.477412E-09
    7.640000E+00    7.474383E-09
    7.650000E+00    7.470996E-09
    7.660000E+00    7.467257E-09
    7.670000E+00    7.463172E-09
    7.680000E+00    7.458747E-09
    7.690000E+00    7.453989E-09
    7.700000E+00    7.448902E-09
    7.710000E+00    7.443492E-09
    7.720000E+00    7.437766E-09
    7.730000E+00    7.431729E-09
    7.740000E+00    7.425386E-09
    7.750000E+00    7.418744E-09
    7.760000E+00    7.411806E-09
    7.770000E+00    7.404579E-09
    7.780000E+00    7.397069E-09
    7.790000E+00    7.389279E-09
    7.800000E+00    7.381215E-09
    7.810000E+00    7.372882E-09
    7.820000E+00    7.364286E-09
    7.830000E+00    7.355430E-09
    7.840000E+00    7.346321E-09
    7.850000E+00    7.336962E-09
    7.860000E+00    7.327358E-09
    7.870000E+00    7.317515E-09
    7.880000E+00    7.307436E-09
    7.890000E+00    7.297126E-09
    7.900000E+00    7.286589E-09
    7.910000E+00    7.275830E-09
    7.920000E+00    7.264854E-09
    7.930000E+00    7.253663E-09
    7.940000E+00    7.242264E-09
    7.950000E+00    7.230659E-09
    7.960000E+00    7.218853E-09
    7.970000E+00    7.206850E-09
    7.980000E+00    7.194654E-09
    7.990000E+00    7.182269E-09
    8.000000E+00    7.169698E-09
    8.010000E+00    7.156946E-09
    8.020000E+00    7.144016E-09
    8.030000E+00    7.130912E-09
    8.040000E+00    7.117637E-09
    8.050000E+00    7.104196E-09
    8.060000E+00    7.090592E-09
    8.070000E+00    7.076827E-09
    8.080000E+00    7.062906E-09
    8.090000E+00    7.048833E-09
    8.100000E+00    7.034610E-09
    8.110000E+00    7.020240E-09
    8.120000E+00    7.005728E-09
    8.130000E+00    6.991075E-09
    8.140000E+00    6.976286E-09
    8.150000E+00    6.961364E-09
    8.160000E+00    6.946311E-09
    8.170000E+00    6.931131E-09
    8.180000E+00    6.915826E-09
    8.190000E+00    6.900400E-09
    8.200000E+00    6.884855E-09
    8.210000E+00    6.869194E-09
    8.220000E+00    6.853421E-09
    8.230000E+00    6.837537E-09
    8.240000E+00    6.821546E-09
    8.250000E+00    6.805451E-09
    8.260000E+00    6.789253E-09
    8.270000E+00    6.772956E-09
    8.280000E+00    6.756562E-09
    8.290000E+00    6.740074E-09
    8.300000E+00    6.723494E-09
    8.310000E+00    6.706825E-09
    8.320000E+00    6.690069E-09
    8.330000E+00    6.673229E-09
    8.340000E+00    6.656306E-09
    8.350000E+00    6.639304E-09
    8.360000E+00    6.622224E-09
    8.370000E+00    6.605069E-09
    8.380000E+00    6.587841E-09
    8.390000E+00    6.570542E-09
    8.400000E+00    6.553175E-09
    8.410000E+00    6.535741E-09
    8.420000E+00    6.518243E-09
    8.430000E+00    6.500682E-09
    8.440000E+00    6.483061E-09
    8.450000E+00    6.465382E-09
    8.460000E+00    6.447646E-09
    8.470000E+00    6.429856E-09
    8.480000E+00    6.412014E-09
    8.490000E+00    6.394120E-09
    8.500000E+00    6.376179E-09
    8.510000E+00    6.358190E-09
    8.520000E+00    6.340156E-09
    8.530000E+00    6.322079E-09
    8.540000E+00    6.303960E-09
    8.550000E+00    6.285801E-09
    8.560000E+00    6.267605E-09
    8.570000E+00    6.249371E-09
    8.580000E+00    6.231103E-09
    8.590000E+00    6.212801E-09
    8.600000E+00    6.194468E-09
    8.610000E+00    6.176105E-09
    8.620000E+00    6.157713E-09
    8.630000E+00    6.139294E-09
    8.640000E+00    6.120849E-09
    8.650000E+00    6.102381E-09
    8.660000E+00    6.083890E-09
    8.670000E+00    6.065377E-09
    8.680000E+00    6.046845E-09
    8.690000E+00    6.028294E-09
    8.700000E+00    6.009726E-09
    8.710000E+00    5.991142E-09
    8.720000E+00    5.972544E-09
    8.730000E+00    5.953932E-09
    8.740000E+00    5.935309E-09
    8.750000E+00    5.916675E-09
    8.760000E+00    5.898032E-09
    8.770000E+00    5.879380E-09
    8.780000E+00    5.860721E-09
    8.790000E+00    5.842057E-09
    8.800000E+00    5.823388E-09
    8.810000E+00    5.804715E-09
    8.820000E+00    5.786039E-09
    8.830000E+00    5.767363E-09
    8.840000E+00    5.748686E-09
    8.850000E+00    5.730009E-09
    8.860000E+00    5.711335E-09
    8.870000E+00    5.692663E-09
    8.880000E+00    5.673995E-09
    8.890000E+00    5.655332E-09
    8.900000E+00    5.636675E-09
    8.910000E+00    5.618024E-09
    8.920000E+00    5.599381E-09
    8.930000E+00    5.580747E-09
    8.940000E+00    5.562122E-09
    8.950000E+00    5.543507E-09
    8.960000E+00    5.524904E-09
    8.970000E+00    5.506313E-09
    8.980000E+00    5.487734E-09
    8.990000E+00    5.469170E-09
    9.000000E+00    5.450620E-09
    9.010000E+00    5.432085E-09
    9.020000E+00    5.413567E-09
    9.030000E+00    5.395066E-09
    9.040000E+00    5.376582E-09
    9.050000E+00    5.358116E-09
    9.060000E+00    5.339670E-09
    9.070000E+00    5.321244E-09
    9.080000E+00    5.302838E-09
    9.090000E+00    5.284454E-09
    9.100000E+00    5.266091E-09
    9.110000E+00    5.247752E-09
    9.120000E+00    5.229435E-09
    9.130000E+00    5.211142E-09
    9.140000E+00    5.192874E-09
    9.150000E+00    5.174631E-09
    9.160000E+00    5.156414E-09
    9.170000E+00    5.138223E-09
    9.180000E+00    5.120059E-09
    9.190000E+00    5.101923E-09
    9.200000E+00    5.083814E-09
    9.210000E+00    5.065734E-09
    9.220000E+00    5.047684E-09
    9.230000E+00    5.029663E-09
    9.240000E+00    5.011672E-09
    9.250000E+00    4.993712E-09
    9.260000E+00    4.975783E-09
    9.270000E+00    4.957885E-09
    9.280000E+00    4.940020E-09
    9.290000E+00    4.922187E-09
    9.300000E+00    4.904388E-09
    9.310000E+00    4.886622E-09
    9.320000E+00    4.868890E-09
    9.330000E+00    4.851192E-09
    9.340000E+00    4.833529E-09
    9.350000E+00    4.815901E-09
    9.360000E+00    4.798309E-09
    9.370000E+00    4.780753E-09
    9.380000E+00    4.763233E-09
    9.390000E+00    4.745750E-09
    9.400000E+00    4.728304E-09
    9.410000E+00    4.710895E-09
    9.420000E+00    4.693524E-09
    9.430000E+00    4.676191E-09
    9.440000E+00    4.658897E-09
    9.450000E+00    4.641642E-09
    9.460000E+00    4.624426E-09
    9.470000E+00    4.607249E-09
    9.480000E+00    4.590112E-09
    9.490000E+00    4.573015E-09
    9.500000E+00    4.555958E-09
    9.510000E+00    4.538942E-09
    9.520000E+00    4.521966E-09
    9.530000E+00    4.505032E-09
    9.540000E+00    4.488139E-09
    9.550000E+00    4.471288E-09
    9.560000E+00    4.454479E-09
    9.570000E+00    4.437712E-09
    9.580000E+00    4.420987E-09
    9.590000E+00    4.404305E-09
    9.600000E+00    4.387666E-09
    9.610000E+00    4.371069E-09
    9.620000E+00    4.354516E-09
    9.630000E+00    4.338007E-09
    9.640000E+00    4.321541E-09
    9.650000E+00    4.305118E-09
    9.660000E+00    4.288740E-09
    9.670000E+00    4.272406E-09
    9.680000E+00    4.256117E-09
    9.690000E+00    4.239871E-09
    9.700000E+00    4.223671E-09
    9.710000E+00    4.207515E-09
    9.720000E+00    4.191405E-09
    9.730000E+00    4.175340E-09
    9.740000E+00    4.159319E-09
    9.750000E+00    4.143345E-09
    9.760000E+00    4.127416E-09
    9.770000E+00    4.111532E-09
    9.780000E+00    4.095695E-09
    9.790000E+00    4.079903E-09
    9.800000E+00    4.064157E-09
    9.810000E+00    4.048458E-09
    9.820000E+00    4.032804E-09
    9.830000E+00    4.017197E-09
    9.840000E+00    4.001637E-09
    9.850000E+00    3.986123E-09
    9.860000E+00    3.970656E-09
    9.870000E+00    3.955235E-09
    9.880000E+00    3.939861E-09
    9.890000E+00    3.924535E-09
    9.900000E+00    3.909255E-09
    9.910000E+00    3.894022E-09
    9.920000E+00    3.878836E-09
    9.930000E+00    3.863697E-09
    9.940000E+00    3.848605E-09
    9.950000E+00    3.833561E-09
    9.960000E+00    3.818564E-09
    9.970000E+00    3.803614E-09
    9.980000E+00    3.788712E-09
    9.990000E+00    3.773857E-09
    1.000000E+01    3.759049E-09
    1.001000E+01    3.744289E-09
    1.002000E+01    3.729576E-09
    1.003000E+01    3.714911E-09
    1.004000E+01    3.700294E-09
    1.005000E+01    3.685724E-09
    1.006000E+01    3.671201E-09
    1.007000E+01    3.656726E-09
    1.008000E+01    3.642299E-09
    1.009000E+01    3.627920E-09
    1.010000E+01    3.613588E-09
    1.011000E+01    3.599303E-09
    1.012000E+01    3.585066E-09
    1.013000E+01    3.570877E-09
    1.014000E+01    3.556736E-09
    1.015000E+01    3.542642E-09
    1.016000E+01    3.528595E-09
    1.017000E+01    3.514596E-09
    1.018000E+01    3.500645E-09
    1.019000E+01    3.486741E-09
    1.020000E+01    3.472885E-09
    1.021000E+01    3.459076E-09
    1.022000E+01    3.445315E-09
    1.023000E+01    3.431601E-09
    1.024000E+01    3.417934E-09
    1.025000E+01    3.404315E-09
    1.026000E+01    3.390743E-09
    1.027000E+01    3.377218E-09
    1.028000E+01    3.363741E-09
    1.029000E+01    3.350311E-09
    1.030000E+01    3.336928E-09
    1.031000E+01    3.323592E-09
    1.032000E+01    3.310303E-09
    1.033000E+01    3.297061E-09
    1.034000E+01    3.283866E-09
    1.035000E+01    3.270718E-09
    1.036000E+01    3.257617E-09
    1.037000E+01    3.244563E-09
    1.038000E+01    3.231555E-09
    1.039000E+01    3.218595E-09
    1.040000E+01    3.205680E-09
    1.041000E+01    3.192812E-09
    1.042000E+01    3.179991E-09
    1.043000E+01    3.167216E-09
    1.044000E+01    3.154488E-09
    1.045000E+01    3.141806E-09
    1.046000E+01    3.129170E-09
    1.047000E+01    3.116580E-09
    1.048000E+01    3.104036E-09
    1.049000E+01    3.091538E-09
    1.050000E+01    3.079086E-09
    1.051000E+01    3.066680E-09
    1.052000E+01    3.054320E-09
    1.053000E+01    3.042005E-09
    1.054000E+01    3.029736E-09
    1.055000E+01    3.017512E-09
    1.056000E+01    3.005334E-09
    1.057000E+01    2.993201E-09
    1.058000E+01    2.981114E-09
    1.059000E+01    2.969071E-09
    1.060000E+01    2.957074E-09
    1.061000E+01    2.945121E-09
    1.062000E+01    2.933214E-09
    1.063000E+01    2.921351E-09
    1.064000E+01    2.909533E-09
    1.065000E+01    2.897760E-09
    1.066000E+01    2.886031E-09
    1.067000E+01    2.874346E-09
    1.068000E+01    2.862706E-09
    1.069000E+01    2.851110E-09
    1.070000E+01    2.839558E-09
    1.071000E+01    2.828050E-09
    1.072000E+01    2.816587E-09
    1.073000E+01    2.805166E-09
    1.074000E+01    2.793790E-09
    1.075000E+01    2.782457E-09
    1.076000E+01    2.771168E-09
    1.077000E+01    2.759922E-09
    1.078000E+01    2.748720E-09
    1.079000E+01    2.737560E-09
    1.080000E+01    2.726444E-09
    1.081000E+01    2.715370E-09
    1.082000E+01    2.704340E-09
    1.083000E+01    2.693352E-09
    1.084000E+01    2.682407E-09
    1.085000E+01    2.671505E-09
    1.086000E+01    2.660645E-09
    1.087000E+01    2.649827E-09
    1.088000E+01    2.639051E-09
    1.089000E+01    2.628318E-09
    1.090000E+01    2.617626E-09
    1.091000E+01    2.606976E-09
    1.092000E+01    2.596369E-09
    1.093000E+01    2.585802E-09
    1.094000E+01    2.575278E-09
    1.095000E+01    2.564794E-09
    1.096000E+01    2.554352E-09
    1.097000E+01    2.543951E-09
    1.098000E+01    2.533592E-09
    1.099000E+01    2.523273E-09
    1.100000E+01    2.512995E-09
    1.101000E+01    2.502757E-09
    1.102000E+01    2.492561E-09
    1.103000E+01    2.482404E-09
    1.104000E+01    2.472288E-09
    1.105000E+01    2.462213E-09
    1.106000E+01    2.452177E-09
    1.107000E+01    2.442181E-09
    1.108000E+01    2.432226E-09
    1.109000E+01    2.422310E-09
    1.110000E+01    2.412434E-09
    1.111000E+01    2.402597E-09
    1.112000E+01    2.392799E-09
    1.113000E+01    2.383041E-09
    1.114000E+01    2.373322E-09
    1.115000E+01    2.363642E-09
    1.116000E+01    2.354001E-09
    1.117000E+01    2.344399E-09
    1.118000E+01    2.334835E-09
    1.119000E+01    2.325310E-09
    1.120000E+01    2.315824E-09
    1.121000E+01    2.306375E-09
    1.122000E+01    2.296965E-09
    1.123000E+01    2.287593E-09
    1.124000E+01    2.278259E-09
    1.125000E+01    2.268962E-09
    1.126000E+01    2.259704E-09
    1.127000E+01    2.250482E-09
    1.128000E+01    2.241299E-09
    1.129000E+01    2.232152E-09
    1.130000E+01    2.223043E-09
    1.131000E+01    2.213971E-09
    1.132000E+01    2.204936E-09
    1.133000E+01    2.195937E-09
    1.134000E+01    2.186976E-09
    1.135000E+01    2.178051E-09
    1.136000E+01    2.169162E-09
    1.137000E+01    2.160310E-09
    1.138000E+01    2.151494E-09
    1.139000E+01    2.142713E-09
    1.140000E+01    2.133969E-09
    1.141000E+01    2.125261E-09
    1.142000E+01    2.116589E-09
    1.143000E+01    2.107952E-09
    1.144000E+01    2.099350E-09
    1.145000E+01    2.090784E-09
    1.146000E+01    2.082253E-09
    1.147000E+01    2.073757E-09
    1.148000E+01    2.065296E-09
    1.149000E+01    2.056870E-09
    1.150000E+01    2.048479E-09
    1.151000E+01    2.040122E-09
    1.152000E+01    2.031800E-09
    1.153000E+01    2.023512E-09
    1.154000E+01    2.015258E-09
    1.155000E+01    2.007039E-09
    1.156000E+01    1.998853E-09
    1.157000E+01    1.990702E-09
    1.158000E+01    1.982584E-09
    1.159000E+01    1.974499E-09
    1.160000E+01    1.966448E-09
    1.161000E+01    1.958431E-09
    1.162000E+01    1.950447E-09
    1.163000E+01    1.942496E-09
    1.164000E+01    1.934578E-09
    1.165000E+01    1.926693E-09
    1.166000E+01    1.918840E-09
    1.167000E+01    1.911020E-09
    1.168000E+01    1.903233E-09
    1.169000E+01    1.895478E-09
    1.170000E+01    1.887756E-09
    1.171000E+01    1.880066E-09
    1.172000E+01    1.872407E-09
    1.173000E+01    1.864781E-09
    1.174000E+01    1.857186E-09
    1.175000E+01    1.849624E-09
    1.176000E+01    1.842092E-09
    1.177000E+01    1.834593E-09
    1.178000E+01    1.827124E-09
    1.179000E+01    1.819687E-09
    1.180000E+01    1.812281E-09
    1.181000E+01    1.804905E-09
    1.182000E+01    1.797561E-09
    1.183000E+01    1.790248E-09
    1.184000E+01    1.782965E-09
    1.185000E+01    1.775712E-09
    1.186000E+01    1.768490E-09
    1.187000E+01    1.761298E-09
    1.188000E+01    1.754137E-09
    1.189000E+01    1.747005E-09
    1.190000E+01    1.739904E-09
    1.191000E+01    1.732832E-09
    1.192000E+01    1.725790E-09
    1.193000E+01    1.718777E-09
    1.194000E+01    1.711794E-09
    1.195000E+01    1.704840E-09
    1.196000E+01    1.697916E-09
    1.197000E+01    1.691021E-09
    1.198000E+01    1.684154E-09
    1.199000E+01    1.677317E-09
    1.200000E+01    1.670508E-09
    1.201000E+01    1.663728E-09
    1.202000E+01    1.656977E-09
    1.203000E+01    1.650254E-09
    1.204000E+01    1.643559E-09
    1.205000E+01    1.636893E-09
    1.206000E+01    1.630255E-09
    1.207000E+01    1.623644E-09
    1.208000E+01    1.617062E-09
    1.209000E+01    1.610507E-09
    1.210000E+01    1.603980E-09
    1.211000E+01    1.597481E-09
    1.212000E+01    1.591009E-09
    1.213000E+01    1.584564E-09
    1.214000E+01    1.578147E-09
    1.215000E+01    1.571757E-09
    1.216000E+01    1.565393E-09
    1.217000E+01    1.559057E-09
    1.218000E+01    1.552747E-09
    1.219000E+01    1.546464E-09
    1.220000E+01    1.540208E-09
    1.221000E+01    1.533978E-09
    1.222000E+01    1.527775E-09
    1.223000E+01    1.521598E-09
    1.224000E+01    1.515447E-09
    1.225000E+01    1.509322E-09
    1.226000E+01    1.503223E-09
    1.227000E+01    1.497149E-09
    1.228000E+01    1.491102E-09
    1.229000E+01    1.485080E-09
    1.230000E+01    1.479084E-09
    1.231000E+01    1.473113E-09
    1.232000E+01    1.467167E-09
    1.233000E+01    1.461247E-09
    1.234000E+01    1.455351E-09
    1.235000E+01    1.449481E-09
    1.236000E+01    1.443635E-09
    1.237000E+01    1.437815E-09
    1.238000E+01    1.432019E-09
    1.239000E+01    1.426248E-09
    1.240000E+01    1.420501E-09
    1.241000E+01    1.414778E-09
    1.242000E+01    1.409080E-09
    1.243000E+01    1.403406E-09
    1.244000E+01    1.397756E-09
    1.245000E+01    1.392130E-09
    1.246000E+01    1.386529E-09
    1.247000E+01    1.380950E-09
    1.248000E+01    1.375396E-09
    1.249000E+01    1.369865E-09
    1.250000E+01    1.364358E-09
    1.251000E+01    1.358874E-09
    1.252000E+01    1.353413E-09
    1.253000E+01    1.347975E-09
    1.254000E+01    1.342561E-09
    1.255000E+01    1.337170E-09
    1.256000E+01    1.331801E-09
    1.257000E+01    1.326456E-09
    1.258000E+01    1.321133E-09
    1.259000E+01    1.315832E-09
    1.260000E+01    1.310555E-09
    1.261000E+01    1.305299E-09
    1.262000E+01    1.300066E-09
    1.263000E+01    1.294856E-09
    1.264000E+01    1.289667E-09
    1.265000E+01    1.284501E-09
    1.266000E+01    1.279356E-09
    1.267000E+01    1.274234E-09
    1.268000E+01    1.269133E-09
    1.269000E+01    1.264054E-09
    1.270000E+01    1.258996E-09
    1.271000E+01    1.253960E-09
    1.272000E+01    1.248945E-09
    1.273000E+01    1.243952E-09
    1.274000E+01    1.238980E-09
    1.275000E+01    1.234029E-09
    1.276000E+01    1.229099E-09
    1.277000E+01    1.224191E-09
    1.278000E+01    1.219303E-09
    1.279000E+01    1.214436E-09
    1.280000E+01    1.209589E-09
    1.281000E+01    1.204763E-09
    1.282000E+01    1.199958E-09
    1.283000E+01    1.195173E-09
    1.284000E+01    1.190409E-09
    1.285000E+01    1.185664E-09
    1.286000E+01    1.180940E-09
    1.287000E+01    1.176236E-09
    1.288000E+01    1.171553E-09
    1.289000E+01    1.166889E-09
    1.290000E+01    1.162244E-09
    1.291000E+01    1.157620E-09
    1.292000E+01    1.153015E-09
    1.293000E+01    1.148430E-09
    1.294000E+01    1.143864E-09
    1.295000E+01    1.139318E-09
    1.296000E+01    1.134791E-09
    1.297000E+01    1.130284E-09
    1.298000E+01    1.125795E-09
    1.299000E+01    1.121326E-09
    1.300000E+01    1.116876E-09
    1.301000E+01    1.112444E-09
    1.302000E+01    1.108032E-09
    1.303000E+01    1.103638E-09
    1.304000E+01    1.099263E-09
    1.305000E+01    1.094906E-09
    1.306000E+01    1.090568E-09
    1.307000E+01    1.086248E-09
    1.308000E+01    1.081947E-09
    1.309000E+01    1.077664E-09
    1.310000E+01    1.073400E-09
    1.311000E+01    1.069153E-09
    1.312000E+01    1.064924E-09
    1.313000E+01    1.060714E-09
    1.314000E+01    1.056521E-09
    1.315000E+01    1.052346E-09
    1.316000E+01    1.048189E-09
    1.317000E+01    1.044050E-09
    1.318000E+01    1.039928E-09
    1.319000E+01    1.035823E-09
    1.320000E+01    1.031737E-09
    1.321000E+01    1.027667E-09
    1.322000E+01    1.023615E-09
    1.323000E+01    1.019580E-09
    1.324000E+01    1.015562E-09
    1.325000E+01    1.011561E-09
    1.326000E+01    1.007577E-09
    1.327000E+01    1.003610E-09
    1.328000E+01    9.996596E-10
    1.329000E+01    9.957262E-10
    1.330000E+01    9.918094E-10
    1.331000E+01    9.879093E-10
    1.332000E+01    9.840258E-10
    1.333000E+01    9.801587E-10
    1.334000E+01    9.763080E-10
    1.335000E+01    9.724737E-10
    1.336000E+01    9.686556E-10
    1.337000E+01    9.648537E-10
    1.338000E+01    9.610679E-10
    1.339000E+01    9.572982E-10
    1.340000E+01    9.535445E-10
    1.341000E+01    9.498066E-10
    1.342000E+01    9.460846E-10
    1.343000E+01    9.423784E-10
    1.344000E+01    9.386879E-10
    1.345000E+01    9.350130E-10
    1.346000E+01    9.313536E-10
    1.347000E+01    9.277098E-10
    1.348000E+01    9.240814E-10
    1.349000E+01    9.204684E-10
    1.350000E+01    9.168706E-10
    1.351000E+01    9.132881E-10
    1.352000E+01    9.097208E-10
    1.353000E+01    9.061685E-10
    1.354000E+01    9.026313E-10
    1.355000E+01    8.991090E-10
    1.356000E+01    8.956016E-10
    1.357000E+01    8.921091E-10
    1.358000E+01    8.886313E-10
    1.359000E+01    8.851683E-10
    1.360000E+01    8.817198E-10
    1.361000E+01    8.782860E-10
    1.362000E+01    8.748666E-10
    1.363000E+01    8.714617E-10
    1.364000E+01    8.680712E-10
    1.365000E+01    8.646951E-10
    1.366000E+01    8.613331E-10
    1.367000E+01    8.579854E-10
    1.368000E+01    8.546518E-10
    1.369000E+01    8.513323E-10
    1.370000E+01    8.480267E-10
    1.371000E+01    8.447352E-10
    1.372000E+01    8.414575E-10
    1.373000E+01    8.381936E-10
    1.374000E+01    8.349435E-10
    1.375000E+01    8.317071E-10
    1.376000E+01    8.284844E-10
    1.377000E+01    8.252752E-10
    1.378000E+01    8.220796E-10
    1.379000E+01    8.188975E-10
    1.380000E+01    8.157287E-10
    1.381000E+01    8.125733E-10
    1.382000E+01    8.094312E-10
    1.383000E+01    8.063023E-10
    1.384000E+01    8.031866E-10
    1.385000E+01    8.000840E-10
    1.386000E+01    7.969944E-10
    1.387000E+01    7.939179E-10
    1.388000E+01    7.908543E-10
    1.389000E+01    7.878035E-10
    1.390000E+01    7.847657E-10
    1.391000E+01    7.817405E-10
    1.392000E+01    7.787281E-10
    1.393000E+01    7.757284E-10
    1.394000E+01    7.727413E-10
    1.395000E+01    7.697667E-10
    1.396000E+01    7.668046E-10
    1.397000E+01    7.638549E-10
    1.398000E+01    7.609177E-10
    1.399000E+01    7.579927E-10
    1.400000E+01    7.550801E-10
    1.401000E+01    7.521796E-10
    1.402000E+01    7.492914E-10
    1.403000E+01    7.464152E-10
    1.404000E+01    7.435511E-10
    1.405000E+01    7.406990E-10
    1.406000E+01    7.378589E-10
    1.407000E+01    7.350307E-10
    1.408000E+01    7.322143E-10
    1.409000E+01    7.294097E-10
    1.410000E+01    7.266169E-10
    1.411000E+01    7.238357E-10
    1.412000E+01    7.210662E-10
    1.413000E+01    7.183083E-10
    1.414000E+01    7.155620E-10
    1.415000E+01    7.128271E-10
    1.416000E+01    7.101037E-10
    1.417000E+01    7.073916E-10
    1.418000E+01    7.046909E-10
    1.419000E+01    7.020015E-10
    1.420000E+01    6.993233E-10
    1.421000E+01    6.966563E-10
    1.422000E+01    6.940004E-10
    1.423000E+01    6.913557E-10
    1.424000E+01    6.887220E-10
    1.425000E+01    6.860992E-10
    1.426000E+01    6.834874E-10
    1.427000E+01    6.808866E-10
    1.428000E+01    6.782965E-10
    1.429000E+01    6.757173E-10
    1.430000E+01    6.731488E-10
    1.431000E+01    6.705910E-10
    1.432000E+01    6.680439E-10
    1.433000E+01    6.655074E-10
    1.434000E+01    6.629815E-10
    1.435000E+01    6.604660E-10
    1.436000E+01    6.579611E-10
    1.437000E+01    6.554666E-10
    1.438000E+01    6.529824E-10
    1.439000E+01    6.505086E-10
    1.440000E+01    6.480451E-10
    1.441000E+01    6.455918E-10
    1.442000E+01    6.431488E-10
    1.443000E+01    6.407158E-10
    1.444000E+01    6.382930E-10
    1.445000E+01    6.358803E-10
    1.446000E+01    6.334775E-10
    1.447000E+01    6.310848E-10
    1.448000E+01    6.287020E-10
    1.449000E+01    6.263290E-10
    1.450000E+01    6.239660E-10
    1.451000E+01    6.216127E-10
    1.452000E+01    6.192691E-10
    1.453000E+01    6.169353E-10
    1.454000E+01    6.146112E-10
    1.455000E+01    6.122967E-10
    1.456000E+01    6.099918E-10
    1.457000E+01    6.076964E-10
    1.458000E+01    6.054105E-10
    1.459000E+01    6.031341E-10
    1.460000E+01    6.008671E-10
    1.461000E+01    5.986095E-10
    1.462000E+01    5.963612E-10
    1.463000E+01    5.941223E-10
    1.464000E+01    5.918925E-10
    1.465000E+01    5.896720E-10
    1.466000E+01    5.874607E-10
    1.467000E+01    5.852585E-10
    1.468000E+01    5.830654E-10
    1.469000E+01    5.808814E-10
    1.470000E+01    5.787063E-10
    1.471000E+01    5.765403E-10
    1.472000E+01    5.743831E-10
    1.473000E+01    5.722349E-10
    1.474000E+01    5.700955E-10
    1.475000E+01    5.679650E-10
    1.476000E+01    5.658432E-10
    1.477000E+01    5.637301E-10
    1.478000E+01    5.616258E-10
    1.479000E+01    5.595301E-10
    1.480000E+01    5.574431E-10
    1.481000E+01    5.553646E-10
    1.482000E+01    5.532947E-10
    1.483000E+01    5.512333E-10
    1.484000E+01    5.491804E-10
    1.485000E+01    5.471359E-10
    1.486000E+01    5.450998E-10
    1.487000E+01    5.430721E-10
    1.488000E+01    5.410527E-10
    1.489000E+01    5.390416E-10
    1.490000E+01    5.370388E-10
    1.491000E+01    5.350441E-10
    1.492000E+01    5.330577E-10
    1.493000E+01    5.310794E-10
    1.494000E+01    5.291092E-10
    1.495000E+01    5.271471E-10
    1.496000E+01    5.251930E-10
    1.497000E+01    5.232469E-10
    1.498000E+01    5.213088E-10
    1.499000E+01    5.193786E-10
    1.500000E+01    5.174564E-10
    1.501000E+01    5.155420E-10
    1.502000E+01    5.136354E-10
    1.503000E+01    5.117366E-10
    1.504000E+01    5.098456E-10
    1.505000E+01    5.079623E-10
    1.506000E+01    5.060867E-10
    1.507000E+01    5.042188E-10
    1.508000E+01    5.023585E-10
    1.509000E+01    5.005057E-10
    1.510000E+01    4.986606E-10
    1.511000E+01    4.968230E-10
    1.512000E+01    4.949928E-10
    1.513000E+01    4.931701E-10
    1.514000E+01    4.913549E-10
    1.515000E+01    4.895471E-10
    1.516000E+01    4.877466E-10
    1.517000E+01    4.859534E-10
    1.518000E+01    4.841676E-10
    1.519000E+01    4.823890E-10
    1.520000E+01    4.806176E-10
    1.521000E+01    4.788535E-10
    1.522000E+01    4.770965E-10
    1.523000E+01    4.753467E-10
    1.524000E+01    4.736040E-10
    1.525000E+01    4.718683E-10
    1.526000E+01    4.701397E-10
    1.527000E+01    4.684181E-10
    1.528000E+01    4.667035E-10
    1.529000E+01    4.649959E-10
    1.530000E+01    4.632952E-10
    1.531000E+01    4.616014E-10
    1.532000E+01    4.599145E-10
    1.533000E+01    4.582343E-10
    1.534000E+01    4.565610E-10
    1.535000E+01    4.548945E-10
    1.536000E+01    4.532347E-10
    1.537000E+01    4.515817E-10
    1.538000E+01    4.499353E-10
    1.539000E+01    4.482956E-10
    1.540000E+01    4.466625E-10
    1.541000E+01    4.450360E-10
    1.542000E+01    4.434161E-10
    1.543000E+01    4.418027E-10
    1.544000E+01    4.401959E-10
    1.545000E+01    4.385955E-10
    1.546000E+01    4.370016E-10
    1.547000E+01    4.354141E-10
    1.548000E+01    4.338331E-10
    1.549000E+01    4.322584E-10
    1.550000E+01    4.306900E-10
    1.551000E+01    4.291280E-10
    1.552000E+01    4.275722E-10
    1.553000E+01    4.260227E-10
    1.554000E+01    4.244795E-10
    1.555000E+01    4.229425E-10
    1.556000E+01    4.214116E-10
    1.557000E+01    4.198869E-10
    1.558000E+01    4.183684E-10
    1.559000E+01    4.168559E-10
    1.560000E+01    4.153496E-10
    1.561000E+01    4.138492E-10
    1.562000E+01    4.123549E-10
    1.563000E+01    4.108666E-10
    1.564000E+01    4.093843E-10
    1.565000E+01    4.079079E-10
    1.566000E+01    4.064374E-10
    1.567000E+01    4.049728E-10
    1.568000E+01    4.035141E-10
    1.569000E+01    4.020613E-10
    1.570000E+01    4.006142E-10
    1.571000E+01    3.991730E-10
    1.572000E+01    3.977375E-10
    1.573000E+01    3.963078E-10
    1.574000E+01    3.948837E-10
    1.575000E+01    3.934654E-10
    1.576000E+01    3.920528E-10
    1.577000E+01    3.906457E-10
    1.578000E+01    3.892444E-10
    1.579000E+01    3.878486E-10
    1.580000E+01    3.864583E-10
    1.581000E+01    3.850737E-10
    1.582000E+01    3.836945E-10
    1.583000E+01    3.823208E-10
    1.584000E+01    3.809527E-10
    1.585000E+01    3.795899E-10
    1.586000E+01    3.782326E-10
    1.587000E+01    3.768807E-10
    1.588000E+01    3.755342E-10
    1.589000E+01    3.741931E-10
    1.590000E+01    3.728573E-10
    1.591000E+01    3.715267E-10
    1.592000E+01    3.702015E-10
    1.593000E+01    3.688816E-10
    1.594000E+01    3.675669E-10
    1.595000E+01    3.662574E-10
    1.596000E+01    3.649531E-10
    1.597000E+01    3.636540E-10
    1.598000E+01    3.623600E-10
    1.599000E+01    3.610712E-10
    1.600000E+01    3.597875E-10
    1.601000E+01    3.585089E-10
    1.602000E+01    3.572353E-10
    1.603000E+01    3.559668E-10
    1.604000E+01    3.547033E-10
    1.605000E+01    3.534449E-10
    1.606000E+01    3.521913E-10
    1.607000E+01    3.509428E-10
    1.608000E+01    3.496992E-10
    1.609000E+01    3.484605E-10
    1.610000E+01    3.472267E-10
    1.611000E+01    3.459978E-10
    1.612000E+01    3.447737E-10
    1.613000E+01    3.435544E-10
    1.614000E+01    3.423400E-10
    1.615000E+01    3.411304E-10
    1.616000E+01    3.399255E-10
    1.617000E+01    3.387254E-10
    1.618000E+01    3.375300E-10
    1.619000E+01    3.363393E-10
    1.620000E+01    3.351533E-10
    1.621000E+01    3.339720E-10
    1.622000E+01    3.327953E-10
    1.623000E+01    3.316233E-10
    1.624000E+01    3.304558E-10
    1.625000E+01    3.292930E-10
    1.626000E+01    3.281347E-10
    1.627000E+01    3.269810E-10
    1.628000E+01    3.258318E-10
    1.629000E+01    3.246871E-10
    1.630000E+01    3.235469E-10
    1.631000E+01    3.224112E-10
    1.632000E+01    3.212799E-10
    1.633000E+01    3.201531E-10
    1.634000E+01    3.190307E-10
    1.635000E+01    3.179126E-10
    1.636000E+01    3.167990E-10
    1.637000E+01    3.156897E-10
    1.638000E+01    3.145848E-10
    1.639000E+01    3.134842E-10
    1.640000E+01    3.123878E-10
    1.641000E+01    3.112958E-10
    1.642000E+01    3.102081E-10
    1.643000E+01    3.091245E-10
    1.644000E+01    3.080453E-10
    1.645000E+01    3.069702E-10
    1.646000E+01    3.058993E-10
    1.647000E+01    3.048326E-10
    1.648000E+01    3.037701E-10
    1.649000E+01    3.027117E-10
    1.650000E+01    3.016575E-10
    1.651000E+01    3.006073E-10
    1.652000E+01    2.995612E-10
    1.653000E+01    2.985192E-10
    1.654000E+01    2.974813E-10
    1.655000E+01    2.964474E-10
    1.656000E+01    2.954175E-10
    1.657000E+01    2.943916E-10
    1.658000E+01    2.933697E-10
    1.659000E+01    2.923518E-10
    1.660000E+01    2.913378E-10
    1.661000E+01    2.903278E-10
    1.662000E+01    2.893217E-10
    1.663000E+01    2.883195E-10
    1.664000E+01    2.873212E-10
    1.665000E+01    2.863267E-10
    1.666000E+01    2.853361E-10
    1.667000E+01    2.843493E-10
    1.668000E+01    2.833664E-10
    1.669000E+01    2.823873E-10
    1.670000E+01    2.814119E-10
    1.671000E+01    2.804403E-10
    1.672000E+01    2.794725E-10
    1.673000E+01    2.785084E-10
    1.674000E+01    2.775481E-10
    1.675000E+01    2.765914E-10
    1.676000E+01    2.756385E-10
    1.677000E+01    2.746892E-10
    1.678000E+01    2.737436E-10
    1.679000E+01    2.728016E-10
    1.680000E+01    2.718633E-10
    1.681000E+01    2.709286E-10
    1.682000E+01    2.699975E-10
    1.683000E+01    2.690699E-10
    1.684000E+01    2.681460E-10
    1.685000E+01    2.672256E-10
    1.686000E+01    2.663087E-10
    1.687000E+01    2.653954E-10
    1.688000E+01    2.644856E-10
    1.689000E+01    2.635792E-10
    1.690000E+01    2.626764E-10
    1.691000E+01    2.617770E-10
    1.692000E+01    2.608811E-10
    1.693000E+01    2.599886E-10
    1.694000E+01    2.590995E-10
    1.695000E+01    2.582139E-10
    1.696000E+01    2.573316E-10
    1.697000E+01    2.564527E-10
    1.698000E+01    2.555772E-10
    1.699000E+01    2.547051E-10
    1.700000E+01    2.538363E-10
    1.701000E+01    2.529708E-10
    1.702000E+01    2.521086E-10
    1.703000E+01    2.512497E-10
    1.704000E+01    2.503941E-10
    1.705000E+01    2.495417E-10
    1.706000E+01    2.486927E-10
    1.707000E+01    2.478468E-10
    1.708000E+01    2.470042E-10
    1.709000E+01    2.461648E-10
    1.710000E+01    2.453286E-10
    1.711000E+01    2.444956E-10
    1.712000E+01    2.436658E-10
    1.713000E+01    2.428391E-10
    1.714000E+01    2.420156E-10
    1.715000E+01    2.411952E-10
    1.716000E+01    2.403779E-10
    1.717000E+01    2.395638E-10
    1.718000E+01    2.387527E-10
    1.719000E+01    2.379447E-10
    1.720000E+01    2.371398E-10
    1.721000E+01    2.363380E-10
    1.722000E+01    2.355392E-10
    1.723000E+01    2.347434E-10
    1.724000E+01    2.339507E-10
    1.725000E+01    2.331609E-10
    1.726000E+01    2.323742E-10
    1.727000E+01    2.315904E-10
    1.728000E+01    2.308096E-10
    1.729000E+01    2.300317E-10
    1.730000E+01    2.292568E-10
    1.731000E+01    2.284849E-10
    1.732000E+01    2.277158E-10
    1.733000E+01    2.269497E-10
    1.734000E+01    2.261865E-10
    1.735000E+01    2.254261E-10
    1.736000E+01    2.246686E-10
    1.737000E+01    2.239140E-10
    1.738000E+01    2.231622E-10
    1.739000E+01    2.224133E-10
    1.740000E+01    2.216672E-10
    1.741000E+01    2.209239E-10
    1.742000E+01    2.201834E-10
    1.743000E+01    2.194457E-10
    1.744000E+01    2.187107E-10
    1.745000E+01    2.179786E-10
    1.746000E+01    2.172492E-10
    1.747000E+01    2.165225E-10
    1.748000E+01    2.157986E-10
    1.749000E+01    2.150774E-10
    1.750000E+01    2.143589E-10
    1.751000E+01    2.136431E-10
    1.752000E+01    2.129299E-10
    1.753000E+01    2.122195E-10
    1.754000E+01    2.115117E-10
    1.755000E+01    2.108066E-10
    1.756000E+01    2.101042E-10
    1.757000E+01    2.094043E-10
    1.758000E+01    2.087071E-10
    1.759000E+01    2.080125E-10
    1.760000E+01    2.073205E-10
    1.761000E+01    2.066311E-10
    1.762000E+01    2.059443E-10
    1.763000E+01    2.052600E-10
    1.764000E+01    2.045783E-10
    1.765000E+01    2.038991E-10
    1.766000E+01    2.032225E-10
    1.767000E+01    2.025484E-10
    1.768000E+01    2.018768E-10
    1.769000E+01    2.012078E-10
    1.770000E+01    2.005412E-10
    1.771000E+01    1.998771E-10
    1.772000E+01    1.992155E-10
    1.773000E+01    1.985563E-10
    1.774000E+01    1.978996E-10
    1.775000E+01    1.972454E-10
    1.776000E+01    1.965936E-10
    1.777000E+01    1.959442E-10
    1.778000E+01    1.952972E-10
    1.779000E+01    1.946526E-10
    1.780000E+01    1.940105E-10
    1.781000E+01    1.933707E-10
    1.782000E+01    1.927333E-10
    1.783000E+01    1.920982E-10
    1.784000E+01    1.914655E-10
    1.785000E+01    1.908352E-10
    1.786000E+01    1.902072E-10
    1.787000E+01    1.895815E-10
    1.788000E+01    1.889582E-10
    1.789000E+01    1.883371E-10
    1.790000E+01    1.877184E-10
    1.791000E+01    1.871019E-10
    1.792000E+01    1.864877E-10
    1.793000E+01    1.858758E-10
    1.794000E+01    1.852662E-10
    1.795000E+01    1.846588E-10
    1.796000E+01    1.840536E-10
    1.797000E+01    1.834507E-10
    1.798000E+01    1.828500E-10
    1.799000E+01    1.822515E-10
    1.800000E+01    1.816553E-10
    1.801000E+01    1.810612E-10
    1.802000E+01    1.804693E-10
    1.803000E+01    1.798796E-10
    1.804000E+01    1.792921E-10
    1.805000E+01    1.787067E-10
    1.806000E+01    1.781235E-10
    1.807000E+01    1.775424E-10
    1.808000E+01    1.769635E-10
    1.809000E+01    1.763867E-10
    1.810000E+01    1.758120E-10
    1.811000E+01    1.752395E-10
    1.812000E+01    1.746690E-10
    1.813000E+01    1.741006E-10
    1.814000E+01    1.735344E-10
    1.815000E+01    1.729701E-10
    1.816000E+01    1.724080E-10
    1.817000E+01    1.718479E-10
    1.818000E+01    1.712899E-10
    1.819000E+01    1.707339E-10
    1.820000E+01    1.701800E-10
    1.821000E+01    1.696280E-10
    1.822000E+01    1.690781E-10
    1.823000E+01    1.685302E-10
    1.824000E+01    1.679843E-10
    1.825000E+01    1.674404E-10
    1.826000E+01    1.668985E-10
    1.827000E+01    1.663586E-10
    1.828000E+01    1.658206E-10
    1.829000E+01    1.652847E-10
    1.830000E+01    1.647506E-10
    1.831000E+01    1.642185E-10
    1.832000E+01    1.636884E-10
    1.833000E+01    1.631601E-10
    1.834000E+01    1.626338E-10
    1.835000E+01    1.621094E-10
    1.836000E+01    1.615870E-10
    1.837000E+01    1.610664E-10
    1.838000E+01    1.605477E-10
    1.839000E+01    1.600309E-10
    1.840000E+01    1.595160E-10
    1.841000E+01    1.590029E-10
    1.842000E+01    1.584917E-10
    1.843000E+01    1.579824E-10
    1.844000E+01    1.574749E-10
    1.845000E+01    1.569693E-10
    1.846000E+01    1.564655E-10
    1.847000E+01    1.559635E-10
    1.848000E+01    1.554633E-10
    1.849000E+01    1.549649E-10
    1.850000E+01    1.544684E-10
    1.851000E+01    1.539736E-10
    1.852000E+01    1.534807E-10
    1.853000E+01    1.529895E-10
    1.854000E+01    1.525001E-10
    1.855000E+01    1.520124E-10
    1.856000E+01    1.515265E-10
    1.857000E+01    1.510424E-10
    1.858000E+01    1.505600E-10
    1.859000E+01    1.500794E-10
    1.860000E+01    1.496005E-10
    1.861000E+01    1.491233E-10
    1.862000E+01    1.486478E-10
    1.863000E+01    1.481741E-10
    1.864000E+01    1.477020E-10
    1.865000E+01    1.472317E-10
    1.866000E+01    1.467630E-10
    1.867000E+01    1.462961E-10
    1.868000E+01    1.458308E-10
    1.869000E+01    1.453672E-10
    1.870000E+01    1.449052E-10
    1.871000E+01    1.444449E-10
    1.872000E+01    1.439863E-10
    1.873000E+01    1.435293E-10
    1.874000E+01    1.430739E-10
    1.875000E+01    1.426202E-10
    1.876000E+01    1.421681E-10
    1.877000E+01    1.417176E-10
    1.878000E+01    1.412687E-10
    1.879000E+01    1.408215E-10
    1.880000E+01    1.403758E-10
    1.881000E+01    1.399318E-10
    1.882000E+01    1.394893E-10
    1.883000E+01    1.390484E-10
    1.884000E+01    1.386091E-10
    1.885000E+01    1.381713E-10
    1.886000E+01    1.377351E-10
    1.887000E+01    1.373005E-10
    1.888000E+01    1.368674E-10
    1.889000E+01    1.364359E-10
    1.890000E+01    1.360059E-10
    1.891000E+01    1.355774E-10
    1.892000E+01    1.351505E-10
    1.893000E+01    1.347251E-10
    1.894000E+01    1.343012E-10
    1.895000E+01    1.338788E-10
    1.896000E+01    1.334579E-10
    1.897000E+01    1.330385E-10
    1.898000E+01    1.326206E-10
    1.899000E+01    1.322041E-10
    1.900000E+01    1.317892E-10
    1.901000E+01    1.313757E-10
    1.902000E+01    1.309637E-10
    1.903000E+01    1.305532E-10
    1.904000E+01    1.301441E-10
    1.905000E+01    1.297365E-10
    1.906000E+01    1.293303E-10
    1.907000E+01    1.289255E-10
    1.908000E+01    1.285222E-10
    1.909000E+01    1.281203E-10
    1.910000E+01    1.277198E-10
    1.911000E+01    1.273208E-10
    1.912000E+01    1.269231E-10
    1.913000E+01    1.265269E-10
    1.914000E+01    1.261321E-10
    1.915000E+01    1.257386E-10
    1.916000E+01    1.253466E-10
    1.917000E+01    1.249559E-10
    1.918000E+01    1.245666E-10
    1.919000E+01    1.241787E-10
    1.920000E+01    1.237921E-10
    1.921000E+01    1.234069E-10
    1.922000E+01    1.230231E-10
    1.923000E+01    1.226406E-10
    1.924000E+01    1.222595E-10
    1.925000E+01    1.218797E-10
    1.926000E+01    1.215012E-10
    1.927000E+01    1.211241E-10
    1.928000E+01    1.207483E-10
    1.929000E+01    1.203738E-10
    1.930000E+01    1.200006E-10
    1.931000E+01    1.196287E-10
    1.932000E+01    1.192582E-10
    1.933000E+01    1.188889E-10
    1.934000E+01    1.185209E-10
    1.935000E+01    1.181543E-10
    1.936000E+01    1.177889E-10
    1.937000E+01    1.174248E-10
    1.938000E+01    1.170619E-10
    1.939000E+01    1.167004E-10
    1.940000E+01    1.163401E-10
    1.941000E+01    1.159810E-10
    1.942000E+01    1.156232E-10
    1.943000E+01    1.152667E-10
    1.944000E+01    1.149114E-10
    1.945000E+01    1.145573E-10
    1.946000E+01    1.142045E-10
    1.947000E+01    1.138529E-10
    1.948000E+01    1.135026E-10
    1.949000E+01    1.131534E-10
    1.950000E+01    1.128055E-10
    1.951000E+01    1.124588E-10
    1.952000E+01    1.121133E-10
    1.953000E+01    1.117690E-10
    1.954000E+01    1.114259E-10
    1.955000E+01    1.110840E-10
    1.956000E+01    1.107432E-10
    1.957000E+01    1.104037E-10
    1.958000E+01    1.100653E-10
    1.959000E+01    1.097282E-10
    1.960000E+01    1.093921E-10
    1.961000E+01    1.090573E-10
    1.962000E+01    1.087236E-10
    1.963000E+01    1.083911E-10
    1.964000E+01    1.080597E-10
    1.965000E+01    1.077295E-10
    1.966000E+01    1.074004E-10
    1.967000E+01    1.070724E-10
    1.968000E+01    1.067456E-10
    1.969000E+01    1.064200E-10
    1.970000E+01    1.060954E-10
    1.971000E+01    1.057720E-10
    1.972000E+01    1.054496E-10
    1.973000E+01    1.051284E-10
    1.974000E+01    1.048083E-10
    1.975000E+01    1.044894E-10
    1.976000E+01    1.041715E-10
    1.977000E+01    1.038547E-10
    1.978000E+01    1.035390E-10
    1.979000E+01    1.032244E-10
    1.980000E+01    1.029108E-10
    1.981000E+01    1.025984E-10
    1.982000E+01    1.022870E-10
    1.983000E+01    1.019767E-10
    1.984000E+01    1.016675E-10
    1.985000E+01    1.013593E-10
    1.986000E+01    1.010522E-10
    1.987000E+01    1.007461E-10
    1.988000E+01    1.004411E-10
    1.989000E+01    1.001372E-10
    1.990000E+01    9.983425E-11
    1.991000E+01    9.953238E-11
    1.992000E+01    9.923153E-11
    1.993000E+01    9.893172E-11
    1.994000E+01    9.863294E-11
    1.995000E+01    9.833518E-11
    1.996000E+01    9.803844E-11
    1.997000E+01    9.774271E-11
    1.998000E+01    9.744800E-11
    1.999000E+01    9.715429E-11
