 # potential for l= 0 and q'= 2.5 fm^-1
 
              #q        vl(q,q')
    1.000000E-02   -1.764551E-06
    2.000000E-02   -1.764594E-06
    3.000000E-02   -1.764666E-06
    4.000000E-02   -1.764766E-06
    5.000000E-02   -1.764895E-06
    6.000000E-02   -1.765053E-06
    7.000000E-02   -1.765239E-06
    8.000000E-02   -1.765454E-06
    9.000000E-02   -1.765697E-06
    1.000000E-01   -1.765969E-06
    1.100000E-01   -1.766269E-06
    1.200000E-01   -1.766598E-06
    1.300000E-01   -1.766955E-06
    1.400000E-01   -1.767340E-06
    1.500000E-01   -1.767753E-06
    1.600000E-01   -1.768194E-06
    1.700000E-01   -1.768663E-06
    1.800000E-01   -1.769160E-06
    1.900000E-01   -1.769684E-06
    2.000000E-01   -1.770237E-06
    2.100000E-01   -1.770816E-06
    2.200000E-01   -1.771423E-06
    2.300000E-01   -1.772058E-06
    2.400000E-01   -1.772719E-06
    2.500000E-01   -1.773408E-06
    2.600000E-01   -1.774123E-06
    2.700000E-01   -1.774865E-06
    2.800000E-01   -1.775633E-06
    2.900000E-01   -1.776428E-06
    3.000000E-01   -1.777249E-06
    3.100000E-01   -1.778095E-06
    3.200000E-01   -1.778968E-06
    3.300000E-01   -1.779866E-06
    3.400000E-01   -1.780790E-06
    3.500000E-01   -1.781738E-06
    3.600000E-01   -1.782712E-06
    3.700000E-01   -1.783710E-06
    3.800000E-01   -1.784733E-06
    3.900000E-01   -1.785781E-06
    4.000000E-01   -1.786852E-06
    4.100000E-01   -1.787947E-06
    4.200000E-01   -1.789066E-06
    4.300000E-01   -1.790207E-06
    4.400000E-01   -1.791372E-06
    4.500000E-01   -1.792560E-06
    4.600000E-01   -1.793770E-06
    4.700000E-01   -1.795002E-06
    4.800000E-01   -1.796256E-06
    4.900000E-01   -1.797532E-06
    5.000000E-01   -1.798829E-06
    5.100000E-01   -1.800147E-06
    5.200000E-01   -1.801485E-06
    5.300000E-01   -1.802844E-06
    5.400000E-01   -1.804223E-06
    5.500000E-01   -1.805621E-06
    5.600000E-01   -1.807039E-06
    5.700000E-01   -1.808475E-06
    5.800000E-01   -1.809930E-06
    5.900000E-01   -1.811403E-06
    6.000000E-01   -1.812894E-06
    6.100000E-01   -1.814402E-06
    6.200000E-01   -1.815928E-06
    6.300000E-01   -1.817469E-06
    6.400000E-01   -1.819027E-06
    6.500000E-01   -1.820601E-06
    6.600000E-01   -1.822190E-06
    6.700000E-01   -1.823794E-06
    6.800000E-01   -1.825412E-06
    6.900000E-01   -1.827045E-06
    7.000000E-01   -1.828691E-06
    7.100000E-01   -1.830350E-06
    7.200000E-01   -1.832021E-06
    7.300000E-01   -1.833705E-06
    7.400000E-01   -1.835400E-06
    7.500000E-01   -1.837106E-06
    7.600000E-01   -1.838823E-06
    7.700000E-01   -1.840550E-06
    7.800000E-01   -1.842287E-06
    7.900000E-01   -1.844032E-06
    8.000000E-01   -1.845786E-06
    8.100000E-01   -1.847549E-06
    8.200000E-01   -1.849318E-06
    8.300000E-01   -1.851094E-06
    8.400000E-01   -1.852877E-06
    8.500000E-01   -1.854665E-06
    8.600000E-01   -1.856458E-06
    8.700000E-01   -1.858256E-06
    8.800000E-01   -1.860058E-06
    8.900000E-01   -1.861862E-06
    9.000000E-01   -1.863670E-06
    9.100000E-01   -1.865479E-06
    9.200000E-01   -1.867290E-06
    9.300000E-01   -1.869102E-06
    9.400000E-01   -1.870914E-06
    9.500000E-01   -1.872725E-06
    9.600000E-01   -1.874535E-06
    9.700000E-01   -1.876342E-06
    9.800000E-01   -1.878148E-06
    9.900000E-01   -1.879950E-06
    1.000000E+00   -1.881747E-06
    1.010000E+00   -1.883540E-06
    1.020000E+00   -1.885328E-06
    1.030000E+00   -1.887109E-06
    1.040000E+00   -1.888884E-06
    1.050000E+00   -1.890650E-06
    1.060000E+00   -1.892409E-06
    1.070000E+00   -1.894158E-06
    1.080000E+00   -1.895897E-06
    1.090000E+00   -1.897625E-06
    1.100000E+00   -1.899342E-06
    1.110000E+00   -1.901046E-06
    1.120000E+00   -1.902737E-06
    1.130000E+00   -1.904414E-06
    1.140000E+00   -1.906076E-06
    1.150000E+00   -1.907723E-06
    1.160000E+00   -1.909353E-06
    1.170000E+00   -1.910966E-06
    1.180000E+00   -1.912561E-06
    1.190000E+00   -1.914137E-06
    1.200000E+00   -1.915693E-06
    1.210000E+00   -1.917228E-06
    1.220000E+00   -1.918741E-06
    1.230000E+00   -1.920232E-06
    1.240000E+00   -1.921700E-06
    1.250000E+00   -1.923143E-06
    1.260000E+00   -1.924561E-06
    1.270000E+00   -1.925953E-06
    1.280000E+00   -1.927318E-06
    1.290000E+00   -1.928655E-06
    1.300000E+00   -1.929963E-06
    1.310000E+00   -1.931241E-06
    1.320000E+00   -1.932489E-06
    1.330000E+00   -1.933704E-06
    1.340000E+00   -1.934887E-06
    1.350000E+00   -1.936037E-06
    1.360000E+00   -1.937152E-06
    1.370000E+00   -1.938231E-06
    1.380000E+00   -1.939274E-06
    1.390000E+00   -1.940280E-06
    1.400000E+00   -1.941246E-06
    1.410000E+00   -1.942174E-06
    1.420000E+00   -1.943061E-06
    1.430000E+00   -1.943907E-06
    1.440000E+00   -1.944710E-06
    1.450000E+00   -1.945470E-06
    1.460000E+00   -1.946186E-06
    1.470000E+00   -1.946856E-06
    1.480000E+00   -1.947480E-06
    1.490000E+00   -1.948057E-06
    1.500000E+00   -1.948585E-06
    1.510000E+00   -1.949064E-06
    1.520000E+00   -1.949493E-06
    1.530000E+00   -1.949870E-06
    1.540000E+00   -1.950195E-06
    1.550000E+00   -1.950467E-06
    1.560000E+00   -1.950684E-06
    1.570000E+00   -1.950846E-06
    1.580000E+00   -1.950952E-06
    1.590000E+00   -1.951001E-06
    1.600000E+00   -1.950991E-06
    1.610000E+00   -1.950922E-06
    1.620000E+00   -1.950793E-06
    1.630000E+00   -1.950603E-06
    1.640000E+00   -1.950351E-06
    1.650000E+00   -1.950036E-06
    1.660000E+00   -1.949656E-06
    1.670000E+00   -1.949212E-06
    1.680000E+00   -1.948702E-06
    1.690000E+00   -1.948125E-06
    1.700000E+00   -1.947480E-06
    1.710000E+00   -1.946767E-06
    1.720000E+00   -1.945984E-06
    1.730000E+00   -1.945130E-06
    1.740000E+00   -1.944205E-06
    1.750000E+00   -1.943208E-06
    1.760000E+00   -1.942138E-06
    1.770000E+00   -1.940994E-06
    1.780000E+00   -1.939775E-06
    1.790000E+00   -1.938481E-06
    1.800000E+00   -1.937110E-06
    1.810000E+00   -1.935662E-06
    1.820000E+00   -1.934136E-06
    1.830000E+00   -1.932531E-06
    1.840000E+00   -1.930847E-06
    1.850000E+00   -1.929082E-06
    1.860000E+00   -1.927236E-06
    1.870000E+00   -1.925309E-06
    1.880000E+00   -1.923299E-06
    1.890000E+00   -1.921207E-06
    1.900000E+00   -1.919030E-06
    1.910000E+00   -1.916770E-06
    1.920000E+00   -1.914424E-06
    1.930000E+00   -1.911993E-06
    1.940000E+00   -1.909475E-06
    1.950000E+00   -1.906871E-06
    1.960000E+00   -1.904180E-06
    1.970000E+00   -1.901402E-06
    1.980000E+00   -1.898535E-06
    1.990000E+00   -1.895579E-06
    2.000000E+00   -1.892535E-06
    2.010000E+00   -1.889401E-06
    2.020000E+00   -1.886177E-06
    2.030000E+00   -1.882863E-06
    2.040000E+00   -1.879458E-06
    2.050000E+00   -1.875963E-06
    2.060000E+00   -1.872377E-06
    2.070000E+00   -1.868699E-06
    2.080000E+00   -1.864930E-06
    2.090000E+00   -1.861069E-06
    2.100000E+00   -1.857116E-06
    2.110000E+00   -1.853071E-06
    2.120000E+00   -1.848934E-06
    2.130000E+00   -1.844705E-06
    2.140000E+00   -1.840383E-06
    2.150000E+00   -1.835969E-06
    2.160000E+00   -1.831463E-06
    2.170000E+00   -1.826865E-06
    2.180000E+00   -1.822174E-06
    2.190000E+00   -1.817392E-06
    2.200000E+00   -1.812518E-06
    2.210000E+00   -1.807551E-06
    2.220000E+00   -1.802494E-06
    2.230000E+00   -1.797345E-06
    2.240000E+00   -1.792105E-06
    2.250000E+00   -1.786774E-06
    2.260000E+00   -1.781353E-06
    2.270000E+00   -1.775842E-06
    2.280000E+00   -1.770241E-06
    2.290000E+00   -1.764551E-06
    2.300000E+00   -1.758772E-06
    2.310000E+00   -1.752905E-06
    2.320000E+00   -1.746951E-06
    2.330000E+00   -1.740909E-06
    2.340000E+00   -1.734780E-06
    2.350000E+00   -1.728566E-06
    2.360000E+00   -1.722266E-06
    2.370000E+00   -1.715881E-06
    2.380000E+00   -1.709413E-06
    2.390000E+00   -1.702861E-06
    2.400000E+00   -1.696227E-06
    2.410000E+00   -1.689512E-06
    2.420000E+00   -1.682715E-06
    2.430000E+00   -1.675839E-06
    2.440000E+00   -1.668883E-06
    2.450000E+00   -1.661850E-06
    2.460000E+00   -1.654739E-06
    2.470000E+00   -1.647552E-06
    2.480000E+00   -1.640290E-06
    2.490000E+00   -1.632953E-06
    2.500000E+00   -1.625544E-06
    2.510000E+00   -1.618062E-06
    2.520000E+00   -1.610510E-06
    2.530000E+00   -1.602887E-06
    2.540000E+00   -1.595196E-06
    2.550000E+00   -1.587437E-06
    2.560000E+00   -1.579612E-06
    2.570000E+00   -1.571722E-06
    2.580000E+00   -1.563768E-06
    2.590000E+00   -1.555752E-06
    2.600000E+00   -1.547674E-06
    2.610000E+00   -1.539536E-06
    2.620000E+00   -1.531339E-06
    2.630000E+00   -1.523085E-06
    2.640000E+00   -1.514774E-06
    2.650000E+00   -1.506409E-06
    2.660000E+00   -1.497991E-06
    2.670000E+00   -1.489521E-06
    2.680000E+00   -1.481000E-06
    2.690000E+00   -1.472430E-06
    2.700000E+00   -1.463812E-06
    2.710000E+00   -1.455148E-06
    2.720000E+00   -1.446439E-06
    2.730000E+00   -1.437687E-06
    2.740000E+00   -1.428893E-06
    2.750000E+00   -1.420059E-06
    2.760000E+00   -1.411185E-06
    2.770000E+00   -1.402274E-06
    2.780000E+00   -1.393327E-06
    2.790000E+00   -1.384346E-06
    2.800000E+00   -1.375331E-06
    2.810000E+00   -1.366285E-06
    2.820000E+00   -1.357209E-06
    2.830000E+00   -1.348105E-06
    2.840000E+00   -1.338973E-06
    2.850000E+00   -1.329816E-06
    2.860000E+00   -1.320635E-06
    2.870000E+00   -1.311432E-06
    2.880000E+00   -1.302207E-06
    2.890000E+00   -1.292963E-06
    2.900000E+00   -1.283701E-06
    2.910000E+00   -1.274423E-06
    2.920000E+00   -1.265129E-06
    2.930000E+00   -1.255822E-06
    2.940000E+00   -1.246503E-06
    2.950000E+00   -1.237173E-06
    2.960000E+00   -1.227833E-06
    2.970000E+00   -1.218486E-06
    2.980000E+00   -1.209133E-06
    2.990000E+00   -1.199775E-06
    3.000000E+00   -1.190413E-06
    3.010000E+00   -1.181048E-06
    3.020000E+00   -1.171684E-06
    3.030000E+00   -1.162319E-06
    3.040000E+00   -1.152957E-06
    3.050000E+00   -1.143598E-06
    3.060000E+00   -1.134244E-06
    3.070000E+00   -1.124895E-06
    3.080000E+00   -1.115554E-06
    3.090000E+00   -1.106221E-06
    3.100000E+00   -1.096898E-06
    3.110000E+00   -1.087587E-06
    3.120000E+00   -1.078287E-06
    3.130000E+00   -1.069001E-06
    3.140000E+00   -1.059730E-06
    3.150000E+00   -1.050474E-06
    3.160000E+00   -1.041236E-06
    3.170000E+00   -1.032016E-06
    3.180000E+00   -1.022815E-06
    3.190000E+00   -1.013635E-06
    3.200000E+00   -1.004476E-06
    3.210000E+00   -9.953399E-07
    3.220000E+00   -9.862274E-07
    3.230000E+00   -9.771397E-07
    3.240000E+00   -9.680776E-07
    3.250000E+00   -9.590423E-07
    3.260000E+00   -9.500347E-07
    3.270000E+00   -9.410558E-07
    3.280000E+00   -9.321064E-07
    3.290000E+00   -9.231876E-07
    3.300000E+00   -9.143001E-07
    3.310000E+00   -9.054450E-07
    3.320000E+00   -8.966230E-07
    3.330000E+00   -8.878350E-07
    3.340000E+00   -8.790818E-07
    3.350000E+00   -8.703642E-07
    3.360000E+00   -8.616829E-07
    3.370000E+00   -8.530388E-07
    3.380000E+00   -8.444325E-07
    3.390000E+00   -8.358648E-07
    3.400000E+00   -8.273364E-07
    3.410000E+00   -8.188479E-07
    3.420000E+00   -8.104000E-07
    3.430000E+00   -8.019933E-07
    3.440000E+00   -7.936285E-07
    3.450000E+00   -7.853062E-07
    3.460000E+00   -7.770268E-07
    3.470000E+00   -7.687911E-07
    3.480000E+00   -7.605994E-07
    3.490000E+00   -7.524524E-07
    3.500000E+00   -7.443506E-07
    3.510000E+00   -7.362943E-07
    3.520000E+00   -7.282842E-07
    3.530000E+00   -7.203206E-07
    3.540000E+00   -7.124039E-07
    3.550000E+00   -7.045346E-07
    3.560000E+00   -6.967131E-07
    3.570000E+00   -6.889397E-07
    3.580000E+00   -6.812149E-07
    3.590000E+00   -6.735388E-07
    3.600000E+00   -6.659119E-07
    3.610000E+00   -6.583345E-07
    3.620000E+00   -6.508068E-07
    3.630000E+00   -6.433291E-07
    3.640000E+00   -6.359018E-07
    3.650000E+00   -6.285250E-07
    3.660000E+00   -6.211989E-07
    3.670000E+00   -6.139238E-07
    3.680000E+00   -6.066999E-07
    3.690000E+00   -5.995273E-07
    3.700000E+00   -5.924062E-07
    3.710000E+00   -5.853368E-07
    3.720000E+00   -5.783192E-07
    3.730000E+00   -5.713536E-07
    3.740000E+00   -5.644400E-07
    3.750000E+00   -5.575786E-07
    3.760000E+00   -5.507694E-07
    3.770000E+00   -5.440125E-07
    3.780000E+00   -5.373080E-07
    3.790000E+00   -5.306559E-07
    3.800000E+00   -5.240562E-07
    3.810000E+00   -5.175091E-07
    3.820000E+00   -5.110144E-07
    3.830000E+00   -5.045722E-07
    3.840000E+00   -4.981826E-07
    3.850000E+00   -4.918454E-07
    3.860000E+00   -4.855606E-07
    3.870000E+00   -4.793283E-07
    3.880000E+00   -4.731483E-07
    3.890000E+00   -4.670206E-07
    3.900000E+00   -4.609451E-07
    3.910000E+00   -4.549218E-07
    3.920000E+00   -4.489505E-07
    3.930000E+00   -4.430312E-07
    3.940000E+00   -4.371638E-07
    3.950000E+00   -4.313481E-07
    3.960000E+00   -4.255840E-07
    3.970000E+00   -4.198714E-07
    3.980000E+00   -4.142102E-07
    3.990000E+00   -4.086002E-07
    4.000000E+00   -4.030413E-07
    4.010000E+00   -3.975333E-07
    4.020000E+00   -3.920760E-07
    4.030000E+00   -3.866693E-07
    4.040000E+00   -3.813129E-07
    4.050000E+00   -3.760068E-07
    4.060000E+00   -3.707507E-07
    4.070000E+00   -3.655444E-07
    4.080000E+00   -3.603877E-07
    4.090000E+00   -3.552805E-07
    4.100000E+00   -3.502224E-07
    4.110000E+00   -3.452133E-07
    4.120000E+00   -3.402529E-07
    4.130000E+00   -3.353411E-07
    4.140000E+00   -3.304775E-07
    4.150000E+00   -3.256621E-07
    4.160000E+00   -3.208944E-07
    4.170000E+00   -3.161743E-07
    4.180000E+00   -3.115015E-07
    4.190000E+00   -3.068758E-07
    4.200000E+00   -3.022969E-07
    4.210000E+00   -2.977646E-07
    4.220000E+00   -2.932785E-07
    4.230000E+00   -2.888385E-07
    4.240000E+00   -2.844442E-07
    4.250000E+00   -2.800954E-07
    4.260000E+00   -2.757918E-07
    4.270000E+00   -2.715332E-07
    4.280000E+00   -2.673192E-07
    4.290000E+00   -2.631495E-07
    4.300000E+00   -2.590240E-07
    4.310000E+00   -2.549422E-07
    4.320000E+00   -2.509040E-07
    4.330000E+00   -2.469089E-07
    4.340000E+00   -2.429569E-07
    4.350000E+00   -2.390474E-07
    4.360000E+00   -2.351803E-07
    4.370000E+00   -2.313552E-07
    4.380000E+00   -2.275719E-07
    4.390000E+00   -2.238300E-07
    4.400000E+00   -2.201293E-07
    4.410000E+00   -2.164695E-07
    4.420000E+00   -2.128502E-07
    4.430000E+00   -2.092711E-07
    4.440000E+00   -2.057320E-07
    4.450000E+00   -2.022325E-07
    4.460000E+00   -1.987724E-07
    4.470000E+00   -1.953513E-07
    4.480000E+00   -1.919689E-07
    4.490000E+00   -1.886250E-07
    4.500000E+00   -1.853192E-07
    4.510000E+00   -1.820512E-07
    4.520000E+00   -1.788208E-07
    4.530000E+00   -1.756275E-07
    4.540000E+00   -1.724711E-07
    4.550000E+00   -1.693514E-07
    4.560000E+00   -1.662679E-07
    4.570000E+00   -1.632205E-07
    4.580000E+00   -1.602087E-07
    4.590000E+00   -1.572323E-07
    4.600000E+00   -1.542910E-07
    4.610000E+00   -1.513845E-07
    4.620000E+00   -1.485125E-07
    4.630000E+00   -1.456746E-07
    4.640000E+00   -1.428707E-07
    4.650000E+00   -1.401003E-07
    4.660000E+00   -1.373632E-07
    4.670000E+00   -1.346592E-07
    4.680000E+00   -1.319878E-07
    4.690000E+00   -1.293488E-07
    4.700000E+00   -1.267419E-07
    4.710000E+00   -1.241668E-07
    4.720000E+00   -1.216232E-07
    4.730000E+00   -1.191109E-07
    4.740000E+00   -1.166295E-07
    4.750000E+00   -1.141788E-07
    4.760000E+00   -1.117585E-07
    4.770000E+00   -1.093682E-07
    4.780000E+00   -1.070077E-07
    4.790000E+00   -1.046767E-07
    4.800000E+00   -1.023750E-07
    4.810000E+00   -1.001022E-07
    4.820000E+00   -9.785806E-08
    4.830000E+00   -9.564233E-08
    4.840000E+00   -9.345472E-08
    4.850000E+00   -9.129495E-08
    4.860000E+00   -8.916275E-08
    4.870000E+00   -8.705785E-08
    4.880000E+00   -8.497998E-08
    4.890000E+00   -8.292887E-08
    4.900000E+00   -8.090425E-08
    4.910000E+00   -7.890586E-08
    4.920000E+00   -7.693343E-08
    4.930000E+00   -7.498670E-08
    4.940000E+00   -7.306542E-08
    4.950000E+00   -7.116932E-08
    4.960000E+00   -6.929814E-08
    4.970000E+00   -6.745164E-08
    4.980000E+00   -6.562955E-08
    4.990000E+00   -6.383163E-08
    5.000000E+00   -6.205762E-08
    5.010000E+00   -6.030728E-08
    5.020000E+00   -5.858036E-08
    5.030000E+00   -5.687662E-08
    5.040000E+00   -5.519580E-08
    5.050000E+00   -5.353768E-08
    5.060000E+00   -5.190200E-08
    5.070000E+00   -5.028854E-08
    5.080000E+00   -4.869705E-08
    5.090000E+00   -4.712731E-08
    5.100000E+00   -4.557907E-08
    5.110000E+00   -4.405212E-08
    5.120000E+00   -4.254621E-08
    5.130000E+00   -4.106112E-08
    5.140000E+00   -3.959664E-08
    5.150000E+00   -3.815252E-08
    5.160000E+00   -3.672855E-08
    5.170000E+00   -3.532452E-08
    5.180000E+00   -3.394019E-08
    5.190000E+00   -3.257537E-08
    5.200000E+00   -3.122982E-08
    5.210000E+00   -2.990334E-08
    5.220000E+00   -2.859572E-08
    5.230000E+00   -2.730674E-08
    5.240000E+00   -2.603621E-08
    5.250000E+00   -2.478391E-08
    5.260000E+00   -2.354963E-08
    5.270000E+00   -2.233319E-08
    5.280000E+00   -2.113437E-08
    5.290000E+00   -1.995298E-08
    5.300000E+00   -1.878882E-08
    5.310000E+00   -1.764169E-08
    5.320000E+00   -1.651140E-08
    5.330000E+00   -1.539777E-08
    5.340000E+00   -1.430059E-08
    5.350000E+00   -1.321968E-08
    5.360000E+00   -1.215486E-08
    5.370000E+00   -1.110594E-08
    5.380000E+00   -1.007273E-08
    5.390000E+00   -9.055050E-09
    5.400000E+00   -8.052727E-09
    5.410000E+00   -7.065580E-09
    5.420000E+00   -6.093431E-09
    5.430000E+00   -5.136105E-09
    5.440000E+00   -4.193429E-09
    5.450000E+00   -3.265231E-09
    5.460000E+00   -2.351341E-09
    5.470000E+00   -1.451591E-09
    5.480000E+00   -5.658140E-10
    5.490000E+00    3.061560E-10
    5.500000E+00    1.164482E-09
    5.510000E+00    2.009327E-09
    5.520000E+00    2.840850E-09
    5.530000E+00    3.659212E-09
    5.540000E+00    4.464568E-09
    5.550000E+00    5.257076E-09
    5.560000E+00    6.036889E-09
    5.570000E+00    6.804160E-09
    5.580000E+00    7.559040E-09
    5.590000E+00    8.301679E-09
    5.600000E+00    9.032226E-09
    5.610000E+00    9.750827E-09
    5.620000E+00    1.045763E-08
    5.630000E+00    1.115277E-08
    5.640000E+00    1.183640E-08
    5.650000E+00    1.250865E-08
    5.660000E+00    1.316967E-08
    5.670000E+00    1.381960E-08
    5.680000E+00    1.445856E-08
    5.690000E+00    1.508670E-08
    5.700000E+00    1.570415E-08
    5.710000E+00    1.631104E-08
    5.720000E+00    1.690751E-08
    5.730000E+00    1.749367E-08
    5.740000E+00    1.806967E-08
    5.750000E+00    1.863563E-08
    5.760000E+00    1.919166E-08
    5.770000E+00    1.973791E-08
    5.780000E+00    2.027449E-08
    5.790000E+00    2.080151E-08
    5.800000E+00    2.131911E-08
    5.810000E+00    2.182741E-08
    5.820000E+00    2.232651E-08
    5.830000E+00    2.281654E-08
    5.840000E+00    2.329761E-08
    5.850000E+00    2.376983E-08
    5.860000E+00    2.423332E-08
    5.870000E+00    2.468819E-08
    5.880000E+00    2.513456E-08
    5.890000E+00    2.557252E-08
    5.900000E+00    2.600219E-08
    5.910000E+00    2.642367E-08
    5.920000E+00    2.683708E-08
    5.930000E+00    2.724251E-08
    5.940000E+00    2.764006E-08
    5.950000E+00    2.802985E-08
    5.960000E+00    2.841197E-08
    5.970000E+00    2.878651E-08
    5.980000E+00    2.915359E-08
    5.990000E+00    2.951330E-08
    6.000000E+00    2.986573E-08
    6.010000E+00    3.021098E-08
    6.020000E+00    3.054915E-08
    6.030000E+00    3.088032E-08
    6.040000E+00    3.120460E-08
    6.050000E+00    3.152206E-08
    6.060000E+00    3.183281E-08
    6.070000E+00    3.213693E-08
    6.080000E+00    3.243451E-08
    6.090000E+00    3.272564E-08
    6.100000E+00    3.301040E-08
    6.110000E+00    3.328888E-08
    6.120000E+00    3.356116E-08
    6.130000E+00    3.382734E-08
    6.140000E+00    3.408748E-08
    6.150000E+00    3.434167E-08
    6.160000E+00    3.458999E-08
    6.170000E+00    3.483252E-08
    6.180000E+00    3.506935E-08
    6.190000E+00    3.530054E-08
    6.200000E+00    3.552617E-08
    6.210000E+00    3.574633E-08
    6.220000E+00    3.596108E-08
    6.230000E+00    3.617051E-08
    6.240000E+00    3.637468E-08
    6.250000E+00    3.657366E-08
    6.260000E+00    3.676753E-08
    6.270000E+00    3.695636E-08
    6.280000E+00    3.714022E-08
    6.290000E+00    3.731918E-08
    6.300000E+00    3.749330E-08
    6.310000E+00    3.766266E-08
    6.320000E+00    3.782732E-08
    6.330000E+00    3.798735E-08
    6.340000E+00    3.814281E-08
    6.350000E+00    3.829377E-08
    6.360000E+00    3.844029E-08
    6.370000E+00    3.858243E-08
    6.380000E+00    3.872026E-08
    6.390000E+00    3.885383E-08
    6.400000E+00    3.898322E-08
    6.410000E+00    3.910847E-08
    6.420000E+00    3.922965E-08
    6.430000E+00    3.934682E-08
    6.440000E+00    3.946003E-08
    6.450000E+00    3.956934E-08
    6.460000E+00    3.967481E-08
    6.470000E+00    3.977649E-08
    6.480000E+00    3.987445E-08
    6.490000E+00    3.996872E-08
    6.500000E+00    4.005938E-08
    6.510000E+00    4.014646E-08
    6.520000E+00    4.023003E-08
    6.530000E+00    4.031013E-08
    6.540000E+00    4.038682E-08
    6.550000E+00    4.046015E-08
    6.560000E+00    4.053016E-08
    6.570000E+00    4.059691E-08
    6.580000E+00    4.066045E-08
    6.590000E+00    4.072081E-08
    6.600000E+00    4.077806E-08
    6.610000E+00    4.083224E-08
    6.620000E+00    4.088339E-08
    6.630000E+00    4.093157E-08
    6.640000E+00    4.097681E-08
    6.650000E+00    4.101916E-08
    6.660000E+00    4.105866E-08
    6.670000E+00    4.109536E-08
    6.680000E+00    4.112931E-08
    6.690000E+00    4.116054E-08
    6.700000E+00    4.118909E-08
    6.710000E+00    4.121502E-08
    6.720000E+00    4.123835E-08
    6.730000E+00    4.125913E-08
    6.740000E+00    4.127740E-08
    6.750000E+00    4.129320E-08
    6.760000E+00    4.130657E-08
    6.770000E+00    4.131755E-08
    6.780000E+00    4.132617E-08
    6.790000E+00    4.133247E-08
    6.800000E+00    4.133649E-08
    6.810000E+00    4.133827E-08
    6.820000E+00    4.133784E-08
    6.830000E+00    4.133524E-08
    6.840000E+00    4.133050E-08
    6.850000E+00    4.132366E-08
    6.860000E+00    4.131475E-08
    6.870000E+00    4.130380E-08
    6.880000E+00    4.129086E-08
    6.890000E+00    4.127595E-08
    6.900000E+00    4.125910E-08
    6.910000E+00    4.124036E-08
    6.920000E+00    4.121974E-08
    6.930000E+00    4.119728E-08
    6.940000E+00    4.117301E-08
    6.950000E+00    4.114697E-08
    6.960000E+00    4.111918E-08
    6.970000E+00    4.108967E-08
    6.980000E+00    4.105848E-08
    6.990000E+00    4.102562E-08
    7.000000E+00    4.099114E-08
    7.010000E+00    4.095505E-08
    7.020000E+00    4.091739E-08
    7.030000E+00    4.087818E-08
    7.040000E+00    4.083745E-08
    7.050000E+00    4.079523E-08
    7.060000E+00    4.075154E-08
    7.070000E+00    4.070642E-08
    7.080000E+00    4.065988E-08
    7.090000E+00    4.061195E-08
    7.100000E+00    4.056266E-08
    7.110000E+00    4.051203E-08
    7.120000E+00    4.046009E-08
    7.130000E+00    4.040685E-08
    7.140000E+00    4.035235E-08
    7.150000E+00    4.029661E-08
    7.160000E+00    4.023965E-08
    7.170000E+00    4.018149E-08
    7.180000E+00    4.012216E-08
    7.190000E+00    4.006168E-08
    7.200000E+00    4.000007E-08
    7.210000E+00    3.993735E-08
    7.220000E+00    3.987354E-08
    7.230000E+00    3.980867E-08
    7.240000E+00    3.974276E-08
    7.250000E+00    3.967582E-08
    7.260000E+00    3.960788E-08
    7.270000E+00    3.953896E-08
    7.280000E+00    3.946907E-08
    7.290000E+00    3.939824E-08
    7.300000E+00    3.932648E-08
    7.310000E+00    3.925382E-08
    7.320000E+00    3.918027E-08
    7.330000E+00    3.910585E-08
    7.340000E+00    3.903058E-08
    7.350000E+00    3.895448E-08
    7.360000E+00    3.887756E-08
    7.370000E+00    3.879985E-08
    7.380000E+00    3.872136E-08
    7.390000E+00    3.864210E-08
    7.400000E+00    3.856210E-08
    7.410000E+00    3.848137E-08
    7.420000E+00    3.839992E-08
    7.430000E+00    3.831778E-08
    7.440000E+00    3.823495E-08
    7.450000E+00    3.815146E-08
    7.460000E+00    3.806732E-08
    7.470000E+00    3.798255E-08
    7.480000E+00    3.789715E-08
    7.490000E+00    3.781115E-08
    7.500000E+00    3.772456E-08
    7.510000E+00    3.763739E-08
    7.520000E+00    3.754965E-08
    7.530000E+00    3.746137E-08
    7.540000E+00    3.737256E-08
    7.550000E+00    3.728322E-08
    7.560000E+00    3.719338E-08
    7.570000E+00    3.710304E-08
    7.580000E+00    3.701222E-08
    7.590000E+00    3.692093E-08
    7.600000E+00    3.682919E-08
    7.610000E+00    3.673700E-08
    7.620000E+00    3.664438E-08
    7.630000E+00    3.655134E-08
    7.640000E+00    3.645789E-08
    7.650000E+00    3.636405E-08
    7.660000E+00    3.626983E-08
    7.670000E+00    3.617523E-08
    7.680000E+00    3.608027E-08
    7.690000E+00    3.598496E-08
    7.700000E+00    3.588931E-08
    7.710000E+00    3.579333E-08
    7.720000E+00    3.569704E-08
    7.730000E+00    3.560043E-08
    7.740000E+00    3.550353E-08
    7.750000E+00    3.540635E-08
    7.760000E+00    3.530888E-08
    7.770000E+00    3.521115E-08
    7.780000E+00    3.511316E-08
    7.790000E+00    3.501493E-08
    7.800000E+00    3.491645E-08
    7.810000E+00    3.481775E-08
    7.820000E+00    3.471882E-08
    7.830000E+00    3.461969E-08
    7.840000E+00    3.452035E-08
    7.850000E+00    3.442082E-08
    7.860000E+00    3.432110E-08
    7.870000E+00    3.422121E-08
    7.880000E+00    3.412115E-08
    7.890000E+00    3.402093E-08
    7.900000E+00    3.392056E-08
    7.910000E+00    3.382004E-08
    7.920000E+00    3.371939E-08
    7.930000E+00    3.361861E-08
    7.940000E+00    3.351771E-08
    7.950000E+00    3.341670E-08
    7.960000E+00    3.331558E-08
    7.970000E+00    3.321436E-08
    7.980000E+00    3.311305E-08
    7.990000E+00    3.301166E-08
    8.000000E+00    3.291019E-08
    8.010000E+00    3.280865E-08
    8.020000E+00    3.270704E-08
    8.030000E+00    3.260538E-08
    8.040000E+00    3.250367E-08
    8.050000E+00    3.240191E-08
    8.060000E+00    3.230011E-08
    8.070000E+00    3.219828E-08
    8.080000E+00    3.209643E-08
    8.090000E+00    3.199456E-08
    8.100000E+00    3.189267E-08
    8.110000E+00    3.179077E-08
    8.120000E+00    3.168887E-08
    8.130000E+00    3.158698E-08
    8.140000E+00    3.148509E-08
    8.150000E+00    3.138322E-08
    8.160000E+00    3.128136E-08
    8.170000E+00    3.117953E-08
    8.180000E+00    3.107773E-08
    8.190000E+00    3.097597E-08
    8.200000E+00    3.087424E-08
    8.210000E+00    3.077256E-08
    8.220000E+00    3.067093E-08
    8.230000E+00    3.056936E-08
    8.240000E+00    3.046784E-08
    8.250000E+00    3.036638E-08
    8.260000E+00    3.026500E-08
    8.270000E+00    3.016368E-08
    8.280000E+00    3.006245E-08
    8.290000E+00    2.996129E-08
    8.300000E+00    2.986022E-08
    8.310000E+00    2.975924E-08
    8.320000E+00    2.965835E-08
    8.330000E+00    2.955756E-08
    8.340000E+00    2.945687E-08
    8.350000E+00    2.935628E-08
    8.360000E+00    2.925581E-08
    8.370000E+00    2.915544E-08
    8.380000E+00    2.905520E-08
    8.390000E+00    2.895507E-08
    8.400000E+00    2.885506E-08
    8.410000E+00    2.875519E-08
    8.420000E+00    2.865544E-08
    8.430000E+00    2.855582E-08
    8.440000E+00    2.845635E-08
    8.450000E+00    2.835701E-08
    8.460000E+00    2.825781E-08
    8.470000E+00    2.815876E-08
    8.480000E+00    2.805986E-08
    8.490000E+00    2.796111E-08
    8.500000E+00    2.786252E-08
    8.510000E+00    2.776408E-08
    8.520000E+00    2.766581E-08
    8.530000E+00    2.756769E-08
    8.540000E+00    2.746975E-08
    8.550000E+00    2.737197E-08
    8.560000E+00    2.727436E-08
    8.570000E+00    2.717693E-08
    8.580000E+00    2.707967E-08
    8.590000E+00    2.698259E-08
    8.600000E+00    2.688569E-08
    8.610000E+00    2.678897E-08
    8.620000E+00    2.669244E-08
    8.630000E+00    2.659610E-08
    8.640000E+00    2.649994E-08
    8.650000E+00    2.640398E-08
    8.660000E+00    2.630821E-08
    8.670000E+00    2.621264E-08
    8.680000E+00    2.611727E-08
    8.690000E+00    2.602209E-08
    8.700000E+00    2.592712E-08
    8.710000E+00    2.583235E-08
    8.720000E+00    2.573779E-08
    8.730000E+00    2.564343E-08
    8.740000E+00    2.554928E-08
    8.750000E+00    2.545535E-08
    8.760000E+00    2.536162E-08
    8.770000E+00    2.526811E-08
    8.780000E+00    2.517481E-08
    8.790000E+00    2.508174E-08
    8.800000E+00    2.498888E-08
    8.810000E+00    2.489624E-08
    8.820000E+00    2.480382E-08
    8.830000E+00    2.471162E-08
    8.840000E+00    2.461965E-08
    8.850000E+00    2.452790E-08
    8.860000E+00    2.443639E-08
    8.870000E+00    2.434509E-08
    8.880000E+00    2.425403E-08
    8.890000E+00    2.416320E-08
    8.900000E+00    2.407260E-08
    8.910000E+00    2.398223E-08
    8.920000E+00    2.389210E-08
    8.930000E+00    2.380220E-08
    8.940000E+00    2.371254E-08
    8.950000E+00    2.362311E-08
    8.960000E+00    2.353392E-08
    8.970000E+00    2.344497E-08
    8.980000E+00    2.335627E-08
    8.990000E+00    2.326780E-08
    9.000000E+00    2.317957E-08
    9.010000E+00    2.309158E-08
    9.020000E+00    2.300384E-08
    9.030000E+00    2.291634E-08
    9.040000E+00    2.282909E-08
    9.050000E+00    2.274208E-08
    9.060000E+00    2.265532E-08
    9.070000E+00    2.256880E-08
    9.080000E+00    2.248253E-08
    9.090000E+00    2.239651E-08
    9.100000E+00    2.231074E-08
    9.110000E+00    2.222522E-08
    9.120000E+00    2.213995E-08
    9.130000E+00    2.205492E-08
    9.140000E+00    2.197015E-08
    9.150000E+00    2.188563E-08
    9.160000E+00    2.180136E-08
    9.170000E+00    2.171734E-08
    9.180000E+00    2.163358E-08
    9.190000E+00    2.155006E-08
    9.200000E+00    2.146681E-08
    9.210000E+00    2.138380E-08
    9.220000E+00    2.130105E-08
    9.230000E+00    2.121855E-08
    9.240000E+00    2.113631E-08
    9.250000E+00    2.105432E-08
    9.260000E+00    2.097259E-08
    9.270000E+00    2.089111E-08
    9.280000E+00    2.080989E-08
    9.290000E+00    2.072892E-08
    9.300000E+00    2.064821E-08
    9.310000E+00    2.056776E-08
    9.320000E+00    2.048756E-08
    9.330000E+00    2.040762E-08
    9.340000E+00    2.032794E-08
    9.350000E+00    2.024851E-08
    9.360000E+00    2.016934E-08
    9.370000E+00    2.009042E-08
    9.380000E+00    2.001176E-08
    9.390000E+00    1.993336E-08
    9.400000E+00    1.985522E-08
    9.410000E+00    1.977733E-08
    9.420000E+00    1.969970E-08
    9.430000E+00    1.962233E-08
    9.440000E+00    1.954521E-08
    9.450000E+00    1.946835E-08
    9.460000E+00    1.939175E-08
    9.470000E+00    1.931540E-08
    9.480000E+00    1.923931E-08
    9.490000E+00    1.916347E-08
    9.500000E+00    1.908790E-08
    9.510000E+00    1.901258E-08
    9.520000E+00    1.893751E-08
    9.530000E+00    1.886270E-08
    9.540000E+00    1.878815E-08
    9.550000E+00    1.871385E-08
    9.560000E+00    1.863981E-08
    9.570000E+00    1.856602E-08
    9.580000E+00    1.849249E-08
    9.590000E+00    1.841921E-08
    9.600000E+00    1.834619E-08
    9.610000E+00    1.827342E-08
    9.620000E+00    1.820090E-08
    9.630000E+00    1.812864E-08
    9.640000E+00    1.805663E-08
    9.650000E+00    1.798488E-08
    9.660000E+00    1.791338E-08
    9.670000E+00    1.784213E-08
    9.680000E+00    1.777113E-08
    9.690000E+00    1.770039E-08
    9.700000E+00    1.762990E-08
    9.710000E+00    1.755965E-08
    9.720000E+00    1.748966E-08
    9.730000E+00    1.741993E-08
    9.740000E+00    1.735044E-08
    9.750000E+00    1.728120E-08
    9.760000E+00    1.721221E-08
    9.770000E+00    1.714347E-08
    9.780000E+00    1.707497E-08
    9.790000E+00    1.700673E-08
    9.800000E+00    1.693874E-08
    9.810000E+00    1.687099E-08
    9.820000E+00    1.680349E-08
    9.830000E+00    1.673623E-08
    9.840000E+00    1.666923E-08
    9.850000E+00    1.660246E-08
    9.860000E+00    1.653595E-08
    9.870000E+00    1.646968E-08
    9.880000E+00    1.640365E-08
    9.890000E+00    1.633787E-08
    9.900000E+00    1.627233E-08
    9.910000E+00    1.620703E-08
    9.920000E+00    1.614198E-08
    9.930000E+00    1.607717E-08
    9.940000E+00    1.601260E-08
    9.950000E+00    1.594827E-08
    9.960000E+00    1.588418E-08
    9.970000E+00    1.582033E-08
    9.980000E+00    1.575672E-08
    9.990000E+00    1.569335E-08
    1.000000E+01    1.563022E-08
    1.001000E+01    1.556733E-08
    1.002000E+01    1.550467E-08
    1.003000E+01    1.544225E-08
    1.004000E+01    1.538007E-08
    1.005000E+01    1.531813E-08
    1.006000E+01    1.525642E-08
    1.007000E+01    1.519494E-08
    1.008000E+01    1.513370E-08
    1.009000E+01    1.507269E-08
    1.010000E+01    1.501191E-08
    1.011000E+01    1.495137E-08
    1.012000E+01    1.489106E-08
    1.013000E+01    1.483098E-08
    1.014000E+01    1.477113E-08
    1.015000E+01    1.471152E-08
    1.016000E+01    1.465213E-08
    1.017000E+01    1.459297E-08
    1.018000E+01    1.453404E-08
    1.019000E+01    1.447533E-08
    1.020000E+01    1.441686E-08
    1.021000E+01    1.435861E-08
    1.022000E+01    1.430058E-08
    1.023000E+01    1.424278E-08
    1.024000E+01    1.418521E-08
    1.025000E+01    1.412786E-08
    1.026000E+01    1.407074E-08
    1.027000E+01    1.401383E-08
    1.028000E+01    1.395715E-08
    1.029000E+01    1.390069E-08
    1.030000E+01    1.384446E-08
    1.031000E+01    1.378844E-08
    1.032000E+01    1.373264E-08
    1.033000E+01    1.367706E-08
    1.034000E+01    1.362170E-08
    1.035000E+01    1.356656E-08
    1.036000E+01    1.351164E-08
    1.037000E+01    1.345693E-08
    1.038000E+01    1.340244E-08
    1.039000E+01    1.334816E-08
    1.040000E+01    1.329410E-08
    1.041000E+01    1.324026E-08
    1.042000E+01    1.318662E-08
    1.043000E+01    1.313320E-08
    1.044000E+01    1.307999E-08
    1.045000E+01    1.302700E-08
    1.046000E+01    1.297421E-08
    1.047000E+01    1.292163E-08
    1.048000E+01    1.286927E-08
    1.049000E+01    1.281711E-08
    1.050000E+01    1.276516E-08
    1.051000E+01    1.271342E-08
    1.052000E+01    1.266189E-08
    1.053000E+01    1.261056E-08
    1.054000E+01    1.255944E-08
    1.055000E+01    1.250852E-08
    1.056000E+01    1.245781E-08
    1.057000E+01    1.240730E-08
    1.058000E+01    1.235699E-08
    1.059000E+01    1.230689E-08
    1.060000E+01    1.225699E-08
    1.061000E+01    1.220729E-08
    1.062000E+01    1.215779E-08
    1.063000E+01    1.210849E-08
    1.064000E+01    1.205938E-08
    1.065000E+01    1.201048E-08
    1.066000E+01    1.196178E-08
    1.067000E+01    1.191327E-08
    1.068000E+01    1.186496E-08
    1.069000E+01    1.181684E-08
    1.070000E+01    1.176892E-08
    1.071000E+01    1.172119E-08
    1.072000E+01    1.167366E-08
    1.073000E+01    1.162632E-08
    1.074000E+01    1.157918E-08
    1.075000E+01    1.153222E-08
    1.076000E+01    1.148546E-08
    1.077000E+01    1.143889E-08
    1.078000E+01    1.139250E-08
    1.079000E+01    1.134631E-08
    1.080000E+01    1.130031E-08
    1.081000E+01    1.125449E-08
    1.082000E+01    1.120886E-08
    1.083000E+01    1.116342E-08
    1.084000E+01    1.111816E-08
    1.085000E+01    1.107309E-08
    1.086000E+01    1.102820E-08
    1.087000E+01    1.098350E-08
    1.088000E+01    1.093898E-08
    1.089000E+01    1.089464E-08
    1.090000E+01    1.085048E-08
    1.091000E+01    1.080651E-08
    1.092000E+01    1.076272E-08
    1.093000E+01    1.071910E-08
    1.094000E+01    1.067567E-08
    1.095000E+01    1.063242E-08
    1.096000E+01    1.058934E-08
    1.097000E+01    1.054644E-08
    1.098000E+01    1.050372E-08
    1.099000E+01    1.046117E-08
    1.100000E+01    1.041880E-08
    1.101000E+01    1.037661E-08
    1.102000E+01    1.033458E-08
    1.103000E+01    1.029274E-08
    1.104000E+01    1.025106E-08
    1.105000E+01    1.020956E-08
    1.106000E+01    1.016823E-08
    1.107000E+01    1.012707E-08
    1.108000E+01    1.008608E-08
    1.109000E+01    1.004526E-08
    1.110000E+01    1.000461E-08
    1.111000E+01    9.964131E-09
    1.112000E+01    9.923818E-09
    1.113000E+01    9.883672E-09
    1.114000E+01    9.843692E-09
    1.115000E+01    9.803879E-09
    1.116000E+01    9.764231E-09
    1.117000E+01    9.724747E-09
    1.118000E+01    9.685428E-09
    1.119000E+01    9.646273E-09
    1.120000E+01    9.607280E-09
    1.121000E+01    9.568450E-09
    1.122000E+01    9.529781E-09
    1.123000E+01    9.491273E-09
    1.124000E+01    9.452926E-09
    1.125000E+01    9.414738E-09
    1.126000E+01    9.376710E-09
    1.127000E+01    9.338840E-09
    1.128000E+01    9.301129E-09
    1.129000E+01    9.263575E-09
    1.130000E+01    9.226177E-09
    1.131000E+01    9.188936E-09
    1.132000E+01    9.151850E-09
    1.133000E+01    9.114919E-09
    1.134000E+01    9.078142E-09
    1.135000E+01    9.041520E-09
    1.136000E+01    9.005050E-09
    1.137000E+01    8.968733E-09
    1.138000E+01    8.932568E-09
    1.139000E+01    8.896554E-09
    1.140000E+01    8.860691E-09
    1.141000E+01    8.824978E-09
    1.142000E+01    8.789414E-09
    1.143000E+01    8.754000E-09
    1.144000E+01    8.718734E-09
    1.145000E+01    8.683616E-09
    1.146000E+01    8.648645E-09
    1.147000E+01    8.613821E-09
    1.148000E+01    8.579143E-09
    1.149000E+01    8.544610E-09
    1.150000E+01    8.510222E-09
    1.151000E+01    8.475978E-09
    1.152000E+01    8.441879E-09
    1.153000E+01    8.407922E-09
    1.154000E+01    8.374108E-09
    1.155000E+01    8.340436E-09
    1.156000E+01    8.306905E-09
    1.157000E+01    8.273516E-09
    1.158000E+01    8.240266E-09
    1.159000E+01    8.207157E-09
    1.160000E+01    8.174187E-09
    1.161000E+01    8.141355E-09
    1.162000E+01    8.108661E-09
    1.163000E+01    8.076105E-09
    1.164000E+01    8.043686E-09
    1.165000E+01    8.011403E-09
    1.166000E+01    7.979256E-09
    1.167000E+01    7.947245E-09
    1.168000E+01    7.915368E-09
    1.169000E+01    7.883625E-09
    1.170000E+01    7.852016E-09
    1.171000E+01    7.820541E-09
    1.172000E+01    7.789197E-09
    1.173000E+01    7.757986E-09
    1.174000E+01    7.726906E-09
    1.175000E+01    7.695958E-09
    1.176000E+01    7.665139E-09
    1.177000E+01    7.634451E-09
    1.178000E+01    7.603892E-09
    1.179000E+01    7.573462E-09
    1.180000E+01    7.543160E-09
    1.181000E+01    7.512985E-09
    1.182000E+01    7.482938E-09
    1.183000E+01    7.453018E-09
    1.184000E+01    7.423224E-09
    1.185000E+01    7.393556E-09
    1.186000E+01    7.364013E-09
    1.187000E+01    7.334594E-09
    1.188000E+01    7.305300E-09
    1.189000E+01    7.276129E-09
    1.190000E+01    7.247081E-09
    1.191000E+01    7.218156E-09
    1.192000E+01    7.189353E-09
    1.193000E+01    7.160672E-09
    1.194000E+01    7.132111E-09
    1.195000E+01    7.103671E-09
    1.196000E+01    7.075352E-09
    1.197000E+01    7.047151E-09
    1.198000E+01    7.019070E-09
    1.199000E+01    6.991108E-09
    1.200000E+01    6.963263E-09
    1.201000E+01    6.935536E-09
    1.202000E+01    6.907926E-09
    1.203000E+01    6.880433E-09
    1.204000E+01    6.853056E-09
    1.205000E+01    6.825795E-09
    1.206000E+01    6.798648E-09
    1.207000E+01    6.771617E-09
    1.208000E+01    6.744699E-09
    1.209000E+01    6.717895E-09
    1.210000E+01    6.691205E-09
    1.211000E+01    6.664627E-09
    1.212000E+01    6.638161E-09
    1.213000E+01    6.611807E-09
    1.214000E+01    6.585565E-09
    1.215000E+01    6.559433E-09
    1.216000E+01    6.533412E-09
    1.217000E+01    6.507501E-09
    1.218000E+01    6.481699E-09
    1.219000E+01    6.456006E-09
    1.220000E+01    6.430422E-09
    1.221000E+01    6.404946E-09
    1.222000E+01    6.379577E-09
    1.223000E+01    6.354315E-09
    1.224000E+01    6.329161E-09
    1.225000E+01    6.304112E-09
    1.226000E+01    6.279170E-09
    1.227000E+01    6.254332E-09
    1.228000E+01    6.229600E-09
    1.229000E+01    6.204972E-09
    1.230000E+01    6.180448E-09
    1.231000E+01    6.156028E-09
    1.232000E+01    6.131710E-09
    1.233000E+01    6.107496E-09
    1.234000E+01    6.083384E-09
    1.235000E+01    6.059373E-09
    1.236000E+01    6.035464E-09
    1.237000E+01    6.011656E-09
    1.238000E+01    5.987948E-09
    1.239000E+01    5.964341E-09
    1.240000E+01    5.940833E-09
    1.241000E+01    5.917425E-09
    1.242000E+01    5.894115E-09
    1.243000E+01    5.870904E-09
    1.244000E+01    5.847790E-09
    1.245000E+01    5.824775E-09
    1.246000E+01    5.801856E-09
    1.247000E+01    5.779034E-09
    1.248000E+01    5.756308E-09
    1.249000E+01    5.733679E-09
    1.250000E+01    5.711144E-09
    1.251000E+01    5.688705E-09
    1.252000E+01    5.666361E-09
    1.253000E+01    5.644111E-09
    1.254000E+01    5.621954E-09
    1.255000E+01    5.599891E-09
    1.256000E+01    5.577922E-09
    1.257000E+01    5.556044E-09
    1.258000E+01    5.534259E-09
    1.259000E+01    5.512566E-09
    1.260000E+01    5.490965E-09
    1.261000E+01    5.469454E-09
    1.262000E+01    5.448034E-09
    1.263000E+01    5.426705E-09
    1.264000E+01    5.405465E-09
    1.265000E+01    5.384315E-09
    1.266000E+01    5.363254E-09
    1.267000E+01    5.342281E-09
    1.268000E+01    5.321397E-09
    1.269000E+01    5.300601E-09
    1.270000E+01    5.279893E-09
    1.271000E+01    5.259272E-09
    1.272000E+01    5.238737E-09
    1.273000E+01    5.218290E-09
    1.274000E+01    5.197928E-09
    1.275000E+01    5.177652E-09
    1.276000E+01    5.157461E-09
    1.277000E+01    5.137355E-09
    1.278000E+01    5.117334E-09
    1.279000E+01    5.097397E-09
    1.280000E+01    5.077544E-09
    1.281000E+01    5.057775E-09
    1.282000E+01    5.038088E-09
    1.283000E+01    5.018485E-09
    1.284000E+01    4.998964E-09
    1.285000E+01    4.979525E-09
    1.286000E+01    4.960167E-09
    1.287000E+01    4.940891E-09
    1.288000E+01    4.921697E-09
    1.289000E+01    4.902582E-09
    1.290000E+01    4.883548E-09
    1.291000E+01    4.864594E-09
    1.292000E+01    4.845720E-09
    1.293000E+01    4.826925E-09
    1.294000E+01    4.808209E-09
    1.295000E+01    4.789571E-09
    1.296000E+01    4.771012E-09
    1.297000E+01    4.752530E-09
    1.298000E+01    4.734127E-09
    1.299000E+01    4.715800E-09
    1.300000E+01    4.697550E-09
    1.301000E+01    4.679377E-09
    1.302000E+01    4.661280E-09
    1.303000E+01    4.643259E-09
    1.304000E+01    4.625313E-09
    1.305000E+01    4.607443E-09
    1.306000E+01    4.589648E-09
    1.307000E+01    4.571927E-09
    1.308000E+01    4.554280E-09
    1.309000E+01    4.536708E-09
    1.310000E+01    4.519209E-09
    1.311000E+01    4.501783E-09
    1.312000E+01    4.484430E-09
    1.313000E+01    4.467150E-09
    1.314000E+01    4.449943E-09
    1.315000E+01    4.432807E-09
    1.316000E+01    4.415743E-09
    1.317000E+01    4.398750E-09
    1.318000E+01    4.381829E-09
    1.319000E+01    4.364978E-09
    1.320000E+01    4.348198E-09
    1.321000E+01    4.331488E-09
    1.322000E+01    4.314847E-09
    1.323000E+01    4.298277E-09
    1.324000E+01    4.281775E-09
    1.325000E+01    4.265343E-09
    1.326000E+01    4.248979E-09
    1.327000E+01    4.232683E-09
    1.328000E+01    4.216456E-09
    1.329000E+01    4.200296E-09
    1.330000E+01    4.184204E-09
    1.331000E+01    4.168178E-09
    1.332000E+01    4.152220E-09
    1.333000E+01    4.136328E-09
    1.334000E+01    4.120503E-09
    1.335000E+01    4.104743E-09
    1.336000E+01    4.089050E-09
    1.337000E+01    4.073421E-09
    1.338000E+01    4.057858E-09
    1.339000E+01    4.042360E-09
    1.340000E+01    4.026926E-09
    1.341000E+01    4.011556E-09
    1.342000E+01    3.996251E-09
    1.343000E+01    3.981009E-09
    1.344000E+01    3.965831E-09
    1.345000E+01    3.950716E-09
    1.346000E+01    3.935663E-09
    1.347000E+01    3.920674E-09
    1.348000E+01    3.905746E-09
    1.349000E+01    3.890881E-09
    1.350000E+01    3.876077E-09
    1.351000E+01    3.861335E-09
    1.352000E+01    3.846655E-09
    1.353000E+01    3.832035E-09
    1.354000E+01    3.817476E-09
    1.355000E+01    3.802978E-09
    1.356000E+01    3.788539E-09
    1.357000E+01    3.774161E-09
    1.358000E+01    3.759842E-09
    1.359000E+01    3.745583E-09
    1.360000E+01    3.731383E-09
    1.361000E+01    3.717241E-09
    1.362000E+01    3.703159E-09
    1.363000E+01    3.689134E-09
    1.364000E+01    3.675168E-09
    1.365000E+01    3.661260E-09
    1.366000E+01    3.647409E-09
    1.367000E+01    3.633616E-09
    1.368000E+01    3.619880E-09
    1.369000E+01    3.606200E-09
    1.370000E+01    3.592577E-09
    1.371000E+01    3.579011E-09
    1.372000E+01    3.565501E-09
    1.373000E+01    3.552046E-09
    1.374000E+01    3.538648E-09
    1.375000E+01    3.525304E-09
    1.376000E+01    3.512016E-09
    1.377000E+01    3.498783E-09
    1.378000E+01    3.485604E-09
    1.379000E+01    3.472480E-09
    1.380000E+01    3.459410E-09
    1.381000E+01    3.446394E-09
    1.382000E+01    3.433431E-09
    1.383000E+01    3.420522E-09
    1.384000E+01    3.407667E-09
    1.385000E+01    3.394864E-09
    1.386000E+01    3.382114E-09
    1.387000E+01    3.369417E-09
    1.388000E+01    3.356772E-09
    1.389000E+01    3.344179E-09
    1.390000E+01    3.331638E-09
    1.391000E+01    3.319149E-09
    1.392000E+01    3.306711E-09
    1.393000E+01    3.294324E-09
    1.394000E+01    3.281988E-09
    1.395000E+01    3.269703E-09
    1.396000E+01    3.257468E-09
    1.397000E+01    3.245284E-09
    1.398000E+01    3.233150E-09
    1.399000E+01    3.221066E-09
    1.400000E+01    3.209031E-09
    1.401000E+01    3.197046E-09
    1.402000E+01    3.185110E-09
    1.403000E+01    3.173223E-09
    1.404000E+01    3.161384E-09
    1.405000E+01    3.149595E-09
    1.406000E+01    3.137853E-09
    1.407000E+01    3.126160E-09
    1.408000E+01    3.114515E-09
    1.409000E+01    3.102918E-09
    1.410000E+01    3.091368E-09
    1.411000E+01    3.079865E-09
    1.412000E+01    3.068409E-09
    1.413000E+01    3.057001E-09
    1.414000E+01    3.045639E-09
    1.415000E+01    3.034323E-09
    1.416000E+01    3.023054E-09
    1.417000E+01    3.011831E-09
    1.418000E+01    3.000654E-09
    1.419000E+01    2.989522E-09
    1.420000E+01    2.978436E-09
    1.421000E+01    2.967395E-09
    1.422000E+01    2.956400E-09
    1.423000E+01    2.945449E-09
    1.424000E+01    2.934543E-09
    1.425000E+01    2.923681E-09
    1.426000E+01    2.912864E-09
    1.427000E+01    2.902091E-09
    1.428000E+01    2.891362E-09
    1.429000E+01    2.880676E-09
    1.430000E+01    2.870034E-09
    1.431000E+01    2.859436E-09
    1.432000E+01    2.848880E-09
    1.433000E+01    2.838368E-09
    1.434000E+01    2.827898E-09
    1.435000E+01    2.817471E-09
    1.436000E+01    2.807086E-09
    1.437000E+01    2.796744E-09
    1.438000E+01    2.786444E-09
    1.439000E+01    2.776185E-09
    1.440000E+01    2.765969E-09
    1.441000E+01    2.755793E-09
    1.442000E+01    2.745659E-09
    1.443000E+01    2.735567E-09
    1.444000E+01    2.725515E-09
    1.445000E+01    2.715504E-09
    1.446000E+01    2.705533E-09
    1.447000E+01    2.695603E-09
    1.448000E+01    2.685714E-09
    1.449000E+01    2.675864E-09
    1.450000E+01    2.666054E-09
    1.451000E+01    2.656284E-09
    1.452000E+01    2.646554E-09
    1.453000E+01    2.636863E-09
    1.454000E+01    2.627211E-09
    1.455000E+01    2.617598E-09
    1.456000E+01    2.608024E-09
    1.457000E+01    2.598489E-09
    1.458000E+01    2.588992E-09
    1.459000E+01    2.579534E-09
    1.460000E+01    2.570114E-09
    1.461000E+01    2.560732E-09
    1.462000E+01    2.551388E-09
    1.463000E+01    2.542082E-09
    1.464000E+01    2.532813E-09
    1.465000E+01    2.523581E-09
    1.466000E+01    2.514387E-09
    1.467000E+01    2.505230E-09
    1.468000E+01    2.496110E-09
    1.469000E+01    2.487026E-09
    1.470000E+01    2.477979E-09
    1.471000E+01    2.468969E-09
    1.472000E+01    2.459995E-09
    1.473000E+01    2.451056E-09
    1.474000E+01    2.442154E-09
    1.475000E+01    2.433288E-09
    1.476000E+01    2.424457E-09
    1.477000E+01    2.415662E-09
    1.478000E+01    2.406902E-09
    1.479000E+01    2.398178E-09
    1.480000E+01    2.389488E-09
    1.481000E+01    2.380833E-09
    1.482000E+01    2.372213E-09
    1.483000E+01    2.363628E-09
    1.484000E+01    2.355077E-09
    1.485000E+01    2.346560E-09
    1.486000E+01    2.338077E-09
    1.487000E+01    2.329629E-09
    1.488000E+01    2.321214E-09
    1.489000E+01    2.312833E-09
    1.490000E+01    2.304486E-09
    1.491000E+01    2.296172E-09
    1.492000E+01    2.287891E-09
    1.493000E+01    2.279643E-09
    1.494000E+01    2.271428E-09
    1.495000E+01    2.263246E-09
    1.496000E+01    2.255097E-09
    1.497000E+01    2.246981E-09
    1.498000E+01    2.238896E-09
    1.499000E+01    2.230844E-09
    1.500000E+01    2.222825E-09
    1.501000E+01    2.214837E-09
    1.502000E+01    2.206881E-09
    1.503000E+01    2.198956E-09
    1.504000E+01    2.191064E-09
    1.505000E+01    2.183203E-09
    1.506000E+01    2.175373E-09
    1.507000E+01    2.167574E-09
    1.508000E+01    2.159806E-09
    1.509000E+01    2.152069E-09
    1.510000E+01    2.144363E-09
    1.511000E+01    2.136688E-09
    1.512000E+01    2.129043E-09
    1.513000E+01    2.121429E-09
    1.514000E+01    2.113845E-09
    1.515000E+01    2.106291E-09
    1.516000E+01    2.098766E-09
    1.517000E+01    2.091272E-09
    1.518000E+01    2.083808E-09
    1.519000E+01    2.076373E-09
    1.520000E+01    2.068967E-09
    1.521000E+01    2.061591E-09
    1.522000E+01    2.054245E-09
    1.523000E+01    2.046927E-09
    1.524000E+01    2.039638E-09
    1.525000E+01    2.032378E-09
    1.526000E+01    2.025147E-09
    1.527000E+01    2.017945E-09
    1.528000E+01    2.010770E-09
    1.529000E+01    2.003625E-09
    1.530000E+01    1.996507E-09
    1.531000E+01    1.989418E-09
    1.532000E+01    1.982357E-09
    1.533000E+01    1.975323E-09
    1.534000E+01    1.968318E-09
    1.535000E+01    1.961340E-09
    1.536000E+01    1.954389E-09
    1.537000E+01    1.947466E-09
    1.538000E+01    1.940570E-09
    1.539000E+01    1.933701E-09
    1.540000E+01    1.926860E-09
    1.541000E+01    1.920045E-09
    1.542000E+01    1.913257E-09
    1.543000E+01    1.906496E-09
    1.544000E+01    1.899762E-09
    1.545000E+01    1.893054E-09
    1.546000E+01    1.886372E-09
    1.547000E+01    1.879717E-09
    1.548000E+01    1.873088E-09
    1.549000E+01    1.866484E-09
    1.550000E+01    1.859907E-09
    1.551000E+01    1.853356E-09
    1.552000E+01    1.846830E-09
    1.553000E+01    1.840330E-09
    1.554000E+01    1.833855E-09
    1.555000E+01    1.827406E-09
    1.556000E+01    1.820982E-09
    1.557000E+01    1.814583E-09
    1.558000E+01    1.808209E-09
    1.559000E+01    1.801860E-09
    1.560000E+01    1.795536E-09
    1.561000E+01    1.789237E-09
    1.562000E+01    1.782962E-09
    1.563000E+01    1.776712E-09
    1.564000E+01    1.770487E-09
    1.565000E+01    1.764285E-09
    1.566000E+01    1.758108E-09
    1.567000E+01    1.751955E-09
    1.568000E+01    1.745826E-09
    1.569000E+01    1.739721E-09
    1.570000E+01    1.733640E-09
    1.571000E+01    1.727582E-09
    1.572000E+01    1.721548E-09
    1.573000E+01    1.715538E-09
    1.574000E+01    1.709551E-09
    1.575000E+01    1.703587E-09
    1.576000E+01    1.697646E-09
    1.577000E+01    1.691729E-09
    1.578000E+01    1.685834E-09
    1.579000E+01    1.679963E-09
    1.580000E+01    1.674114E-09
    1.581000E+01    1.668288E-09
    1.582000E+01    1.662485E-09
    1.583000E+01    1.656704E-09
    1.584000E+01    1.650946E-09
    1.585000E+01    1.645210E-09
    1.586000E+01    1.639496E-09
    1.587000E+01    1.633804E-09
    1.588000E+01    1.628135E-09
    1.589000E+01    1.622487E-09
    1.590000E+01    1.616861E-09
    1.591000E+01    1.611258E-09
    1.592000E+01    1.605675E-09
    1.593000E+01    1.600115E-09
    1.594000E+01    1.594575E-09
    1.595000E+01    1.589058E-09
    1.596000E+01    1.583561E-09
    1.597000E+01    1.578086E-09
    1.598000E+01    1.572632E-09
    1.599000E+01    1.567199E-09
    1.600000E+01    1.561787E-09
    1.601000E+01    1.556396E-09
    1.602000E+01    1.551026E-09
    1.603000E+01    1.545676E-09
    1.604000E+01    1.540347E-09
    1.605000E+01    1.535039E-09
    1.606000E+01    1.529751E-09
    1.607000E+01    1.524483E-09
    1.608000E+01    1.519236E-09
    1.609000E+01    1.514009E-09
    1.610000E+01    1.508801E-09
    1.611000E+01    1.503614E-09
    1.612000E+01    1.498447E-09
    1.613000E+01    1.493300E-09
    1.614000E+01    1.488173E-09
    1.615000E+01    1.483065E-09
    1.616000E+01    1.477977E-09
    1.617000E+01    1.472908E-09
    1.618000E+01    1.467859E-09
    1.619000E+01    1.462829E-09
    1.620000E+01    1.457818E-09
    1.621000E+01    1.452827E-09
    1.622000E+01    1.447855E-09
    1.623000E+01    1.442901E-09
    1.624000E+01    1.437967E-09
    1.625000E+01    1.433052E-09
    1.626000E+01    1.428155E-09
    1.627000E+01    1.423277E-09
    1.628000E+01    1.418418E-09
    1.629000E+01    1.413577E-09
    1.630000E+01    1.408755E-09
    1.631000E+01    1.403951E-09
    1.632000E+01    1.399166E-09
    1.633000E+01    1.394399E-09
    1.634000E+01    1.389650E-09
    1.635000E+01    1.384919E-09
    1.636000E+01    1.380206E-09
    1.637000E+01    1.375511E-09
    1.638000E+01    1.370834E-09
    1.639000E+01    1.366175E-09
    1.640000E+01    1.361533E-09
    1.641000E+01    1.356909E-09
    1.642000E+01    1.352303E-09
    1.643000E+01    1.347714E-09
    1.644000E+01    1.343143E-09
    1.645000E+01    1.338589E-09
    1.646000E+01    1.334052E-09
    1.647000E+01    1.329533E-09
    1.648000E+01    1.325031E-09
    1.649000E+01    1.320546E-09
    1.650000E+01    1.316077E-09
    1.651000E+01    1.311626E-09
    1.652000E+01    1.307192E-09
    1.653000E+01    1.302774E-09
    1.654000E+01    1.298373E-09
    1.655000E+01    1.293989E-09
    1.656000E+01    1.289622E-09
    1.657000E+01    1.285270E-09
    1.658000E+01    1.280936E-09
    1.659000E+01    1.276618E-09
    1.660000E+01    1.272316E-09
    1.661000E+01    1.268030E-09
    1.662000E+01    1.263760E-09
    1.663000E+01    1.259507E-09
    1.664000E+01    1.255270E-09
    1.665000E+01    1.251048E-09
    1.666000E+01    1.246843E-09
    1.667000E+01    1.242653E-09
    1.668000E+01    1.238480E-09
    1.669000E+01    1.234322E-09
    1.670000E+01    1.230179E-09
    1.671000E+01    1.226052E-09
    1.672000E+01    1.221941E-09
    1.673000E+01    1.217845E-09
    1.674000E+01    1.213765E-09
    1.675000E+01    1.209700E-09
    1.676000E+01    1.205650E-09
    1.677000E+01    1.201615E-09
    1.678000E+01    1.197596E-09
    1.679000E+01    1.193591E-09
    1.680000E+01    1.189602E-09
    1.681000E+01    1.185627E-09
    1.682000E+01    1.181668E-09
    1.683000E+01    1.177723E-09
    1.684000E+01    1.173793E-09
    1.685000E+01    1.169878E-09
    1.686000E+01    1.165978E-09
    1.687000E+01    1.162092E-09
    1.688000E+01    1.158220E-09
    1.689000E+01    1.154363E-09
    1.690000E+01    1.150521E-09
    1.691000E+01    1.146693E-09
    1.692000E+01    1.142879E-09
    1.693000E+01    1.139079E-09
    1.694000E+01    1.135294E-09
    1.695000E+01    1.131523E-09
    1.696000E+01    1.127765E-09
    1.697000E+01    1.124022E-09
    1.698000E+01    1.120293E-09
    1.699000E+01    1.116577E-09
    1.700000E+01    1.112876E-09
    1.701000E+01    1.109188E-09
    1.702000E+01    1.105514E-09
    1.703000E+01    1.101854E-09
    1.704000E+01    1.098207E-09
    1.705000E+01    1.094574E-09
    1.706000E+01    1.090954E-09
    1.707000E+01    1.087348E-09
    1.708000E+01    1.083755E-09
    1.709000E+01    1.080175E-09
    1.710000E+01    1.076609E-09
    1.711000E+01    1.073056E-09
    1.712000E+01    1.069516E-09
    1.713000E+01    1.065990E-09
    1.714000E+01    1.062476E-09
    1.715000E+01    1.058975E-09
    1.716000E+01    1.055488E-09
    1.717000E+01    1.052013E-09
    1.718000E+01    1.048551E-09
    1.719000E+01    1.045102E-09
    1.720000E+01    1.041665E-09
    1.721000E+01    1.038242E-09
    1.722000E+01    1.034831E-09
    1.723000E+01    1.031432E-09
    1.724000E+01    1.028046E-09
    1.725000E+01    1.024673E-09
    1.726000E+01    1.021312E-09
    1.727000E+01    1.017964E-09
    1.728000E+01    1.014627E-09
    1.729000E+01    1.011304E-09
    1.730000E+01    1.007992E-09
    1.731000E+01    1.004692E-09
    1.732000E+01    1.001405E-09
    1.733000E+01    9.981298E-10
    1.734000E+01    9.948667E-10
    1.735000E+01    9.916155E-10
    1.736000E+01    9.883763E-10
    1.737000E+01    9.851489E-10
    1.738000E+01    9.819334E-10
    1.739000E+01    9.787298E-10
    1.740000E+01    9.755379E-10
    1.741000E+01    9.723577E-10
    1.742000E+01    9.691891E-10
    1.743000E+01    9.660322E-10
    1.744000E+01    9.628868E-10
    1.745000E+01    9.597530E-10
    1.746000E+01    9.566306E-10
    1.747000E+01    9.535197E-10
    1.748000E+01    9.504202E-10
    1.749000E+01    9.473319E-10
    1.750000E+01    9.442550E-10
    1.751000E+01    9.411894E-10
    1.752000E+01    9.381349E-10
    1.753000E+01    9.350916E-10
    1.754000E+01    9.320594E-10
    1.755000E+01    9.290382E-10
    1.756000E+01    9.260281E-10
    1.757000E+01    9.230290E-10
    1.758000E+01    9.200408E-10
    1.759000E+01    9.170635E-10
    1.760000E+01    9.140970E-10
    1.761000E+01    9.111413E-10
    1.762000E+01    9.081964E-10
    1.763000E+01    9.052622E-10
    1.764000E+01    9.023387E-10
    1.765000E+01    8.994259E-10
    1.766000E+01    8.965236E-10
    1.767000E+01    8.936318E-10
    1.768000E+01    8.907506E-10
    1.769000E+01    8.878798E-10
    1.770000E+01    8.850194E-10
    1.771000E+01    8.821694E-10
    1.772000E+01    8.793298E-10
    1.773000E+01    8.765004E-10
    1.774000E+01    8.736813E-10
    1.775000E+01    8.708724E-10
    1.776000E+01    8.680737E-10
    1.777000E+01    8.652851E-10
    1.778000E+01    8.625066E-10
    1.779000E+01    8.597382E-10
    1.780000E+01    8.569797E-10
    1.781000E+01    8.542313E-10
    1.782000E+01    8.514927E-10
    1.783000E+01    8.487641E-10
    1.784000E+01    8.460453E-10
    1.785000E+01    8.433363E-10
    1.786000E+01    8.406371E-10
    1.787000E+01    8.379477E-10
    1.788000E+01    8.352679E-10
    1.789000E+01    8.325978E-10
    1.790000E+01    8.299373E-10
    1.791000E+01    8.272864E-10
    1.792000E+01    8.246450E-10
    1.793000E+01    8.220131E-10
    1.794000E+01    8.193907E-10
    1.795000E+01    8.167778E-10
    1.796000E+01    8.141742E-10
    1.797000E+01    8.115800E-10
    1.798000E+01    8.089951E-10
    1.799000E+01    8.064195E-10
    1.800000E+01    8.038531E-10
    1.801000E+01    8.012959E-10
    1.802000E+01    7.987479E-10
    1.803000E+01    7.962091E-10
    1.804000E+01    7.936793E-10
    1.805000E+01    7.911586E-10
    1.806000E+01    7.886469E-10
    1.807000E+01    7.861443E-10
    1.808000E+01    7.836505E-10
    1.809000E+01    7.811657E-10
    1.810000E+01    7.786898E-10
    1.811000E+01    7.762228E-10
    1.812000E+01    7.737645E-10
    1.813000E+01    7.713150E-10
    1.814000E+01    7.688743E-10
    1.815000E+01    7.664423E-10
    1.816000E+01    7.640190E-10
    1.817000E+01    7.616043E-10
    1.818000E+01    7.591982E-10
    1.819000E+01    7.568007E-10
    1.820000E+01    7.544117E-10
    1.821000E+01    7.520312E-10
    1.822000E+01    7.496593E-10
    1.823000E+01    7.472957E-10
    1.824000E+01    7.449406E-10
    1.825000E+01    7.425938E-10
    1.826000E+01    7.402554E-10
    1.827000E+01    7.379253E-10
    1.828000E+01    7.356034E-10
    1.829000E+01    7.332899E-10
    1.830000E+01    7.309845E-10
    1.831000E+01    7.286873E-10
    1.832000E+01    7.263982E-10
    1.833000E+01    7.241173E-10
    1.834000E+01    7.218444E-10
    1.835000E+01    7.195796E-10
    1.836000E+01    7.173229E-10
    1.837000E+01    7.150741E-10
    1.838000E+01    7.128332E-10
    1.839000E+01    7.106003E-10
    1.840000E+01    7.083753E-10
    1.841000E+01    7.061582E-10
    1.842000E+01    7.039489E-10
    1.843000E+01    7.017473E-10
    1.844000E+01    6.995536E-10
    1.845000E+01    6.973676E-10
    1.846000E+01    6.951893E-10
    1.847000E+01    6.930187E-10
    1.848000E+01    6.908558E-10
    1.849000E+01    6.887005E-10
    1.850000E+01    6.865527E-10
    1.851000E+01    6.844126E-10
    1.852000E+01    6.822799E-10
    1.853000E+01    6.801548E-10
    1.854000E+01    6.780372E-10
    1.855000E+01    6.759270E-10
    1.856000E+01    6.738242E-10
    1.857000E+01    6.717288E-10
    1.858000E+01    6.696407E-10
    1.859000E+01    6.675600E-10
    1.860000E+01    6.654866E-10
    1.861000E+01    6.634205E-10
    1.862000E+01    6.613616E-10
    1.863000E+01    6.593099E-10
    1.864000E+01    6.572655E-10
    1.865000E+01    6.552281E-10
    1.866000E+01    6.531980E-10
    1.867000E+01    6.511749E-10
    1.868000E+01    6.491589E-10
    1.869000E+01    6.471500E-10
    1.870000E+01    6.451480E-10
    1.871000E+01    6.431531E-10
    1.872000E+01    6.411652E-10
    1.873000E+01    6.391842E-10
    1.874000E+01    6.372101E-10
    1.875000E+01    6.352429E-10
    1.876000E+01    6.332825E-10
    1.877000E+01    6.313290E-10
    1.878000E+01    6.293823E-10
    1.879000E+01    6.274424E-10
    1.880000E+01    6.255093E-10
    1.881000E+01    6.235829E-10
    1.882000E+01    6.216632E-10
    1.883000E+01    6.197501E-10
    1.884000E+01    6.178438E-10
    1.885000E+01    6.159440E-10
    1.886000E+01    6.140509E-10
    1.887000E+01    6.121643E-10
    1.888000E+01    6.102843E-10
    1.889000E+01    6.084108E-10
    1.890000E+01    6.065438E-10
    1.891000E+01    6.046833E-10
    1.892000E+01    6.028293E-10
    1.893000E+01    6.009816E-10
    1.894000E+01    5.991404E-10
    1.895000E+01    5.973056E-10
    1.896000E+01    5.954771E-10
    1.897000E+01    5.936549E-10
    1.898000E+01    5.918390E-10
    1.899000E+01    5.900295E-10
    1.900000E+01    5.882262E-10
    1.901000E+01    5.864291E-10
    1.902000E+01    5.846382E-10
    1.903000E+01    5.828535E-10
    1.904000E+01    5.810750E-10
    1.905000E+01    5.793026E-10
    1.906000E+01    5.775363E-10
    1.907000E+01    5.757761E-10
    1.908000E+01    5.740220E-10
    1.909000E+01    5.722739E-10
    1.910000E+01    5.705319E-10
    1.911000E+01    5.687958E-10
    1.912000E+01    5.670657E-10
    1.913000E+01    5.653416E-10
    1.914000E+01    5.636234E-10
    1.915000E+01    5.619111E-10
    1.916000E+01    5.602047E-10
    1.917000E+01    5.585042E-10
    1.918000E+01    5.568095E-10
    1.919000E+01    5.551206E-10
    1.920000E+01    5.534375E-10
    1.921000E+01    5.517602E-10
    1.922000E+01    5.500886E-10
    1.923000E+01    5.484228E-10
    1.924000E+01    5.467627E-10
    1.925000E+01    5.451083E-10
    1.926000E+01    5.434595E-10
    1.927000E+01    5.418164E-10
    1.928000E+01    5.401789E-10
    1.929000E+01    5.385470E-10
    1.930000E+01    5.369207E-10
    1.931000E+01    5.352999E-10
    1.932000E+01    5.336847E-10
    1.933000E+01    5.320750E-10
    1.934000E+01    5.304707E-10
    1.935000E+01    5.288720E-10
    1.936000E+01    5.272787E-10
    1.937000E+01    5.256909E-10
    1.938000E+01    5.241084E-10
    1.939000E+01    5.225314E-10
    1.940000E+01    5.209597E-10
    1.941000E+01    5.193934E-10
    1.942000E+01    5.178324E-10
    1.943000E+01    5.162767E-10
    1.944000E+01    5.147263E-10
    1.945000E+01    5.131812E-10
    1.946000E+01    5.116413E-10
    1.947000E+01    5.101067E-10
    1.948000E+01    5.085773E-10
    1.949000E+01    5.070531E-10
    1.950000E+01    5.055340E-10
    1.951000E+01    5.040201E-10
    1.952000E+01    5.025113E-10
    1.953000E+01    5.010077E-10
    1.954000E+01    4.995091E-10
    1.955000E+01    4.980156E-10
    1.956000E+01    4.965272E-10
    1.957000E+01    4.950438E-10
    1.958000E+01    4.935655E-10
    1.959000E+01    4.920921E-10
    1.960000E+01    4.906237E-10
    1.961000E+01    4.891603E-10
    1.962000E+01    4.877018E-10
    1.963000E+01    4.862482E-10
    1.964000E+01    4.847996E-10
    1.965000E+01    4.833558E-10
    1.966000E+01    4.819169E-10
    1.967000E+01    4.804829E-10
    1.968000E+01    4.790537E-10
    1.969000E+01    4.776293E-10
    1.970000E+01    4.762097E-10
    1.971000E+01    4.747949E-10
    1.972000E+01    4.733849E-10
    1.973000E+01    4.719796E-10
    1.974000E+01    4.705790E-10
    1.975000E+01    4.691831E-10
    1.976000E+01    4.677920E-10
    1.977000E+01    4.664055E-10
    1.978000E+01    4.650236E-10
    1.979000E+01    4.636464E-10
    1.980000E+01    4.622738E-10
    1.981000E+01    4.609059E-10
    1.982000E+01    4.595425E-10
    1.983000E+01    4.581836E-10
    1.984000E+01    4.568294E-10
    1.985000E+01    4.554796E-10
    1.986000E+01    4.541344E-10
    1.987000E+01    4.527937E-10
    1.988000E+01    4.514575E-10
    1.989000E+01    4.501258E-10
    1.990000E+01    4.487985E-10
    1.991000E+01    4.474756E-10
    1.992000E+01    4.461571E-10
    1.993000E+01    4.448431E-10
    1.994000E+01    4.435334E-10
    1.995000E+01    4.422282E-10
    1.996000E+01    4.409272E-10
    1.997000E+01    4.396306E-10
    1.998000E+01    4.383384E-10
    1.999000E+01    4.370504E-10
