 # potential for l= 2 and q'= 2.5 fm^-1
 
              #q        vl(q,q')
    1.000000E-02   -5.882030E-07
    2.000000E-02   -5.882698E-07
    3.000000E-02   -5.883813E-07
    4.000000E-02   -5.885373E-07
    5.000000E-02   -5.887378E-07
    6.000000E-02   -5.889829E-07
    7.000000E-02   -5.892725E-07
    8.000000E-02   -5.896065E-07
    9.000000E-02   -5.899850E-07
    1.000000E-01   -5.904078E-07
    1.100000E-01   -5.908750E-07
    1.200000E-01   -5.913865E-07
    1.300000E-01   -5.919423E-07
    1.400000E-01   -5.925422E-07
    1.500000E-01   -5.931862E-07
    1.600000E-01   -5.938743E-07
    1.700000E-01   -5.946064E-07
    1.800000E-01   -5.953823E-07
    1.900000E-01   -5.962021E-07
    2.000000E-01   -5.970655E-07
    2.100000E-01   -5.979726E-07
    2.200000E-01   -5.989233E-07
    2.300000E-01   -5.999173E-07
    2.400000E-01   -6.009547E-07
    2.500000E-01   -6.020353E-07
    2.600000E-01   -6.031589E-07
    2.700000E-01   -6.043255E-07
    2.800000E-01   -6.055349E-07
    2.900000E-01   -6.067871E-07
    3.000000E-01   -6.080817E-07
    3.100000E-01   -6.094188E-07
    3.200000E-01   -6.107982E-07
    3.300000E-01   -6.122196E-07
    3.400000E-01   -6.136830E-07
    3.500000E-01   -6.151881E-07
    3.600000E-01   -6.167349E-07
    3.700000E-01   -6.183230E-07
    3.800000E-01   -6.199524E-07
    3.900000E-01   -6.216229E-07
    4.000000E-01   -6.233342E-07
    4.100000E-01   -6.250862E-07
    4.200000E-01   -6.268786E-07
    4.300000E-01   -6.287112E-07
    4.400000E-01   -6.305839E-07
    4.500000E-01   -6.324964E-07
    4.600000E-01   -6.344484E-07
    4.700000E-01   -6.364397E-07
    4.800000E-01   -6.384702E-07
    4.900000E-01   -6.405395E-07
    5.000000E-01   -6.426473E-07
    5.100000E-01   -6.447935E-07
    5.200000E-01   -6.469778E-07
    5.300000E-01   -6.491998E-07
    5.400000E-01   -6.514593E-07
    5.500000E-01   -6.537561E-07
    5.600000E-01   -6.560898E-07
    5.700000E-01   -6.584601E-07
    5.800000E-01   -6.608667E-07
    5.900000E-01   -6.633094E-07
    6.000000E-01   -6.657877E-07
    6.100000E-01   -6.683015E-07
    6.200000E-01   -6.708502E-07
    6.300000E-01   -6.734337E-07
    6.400000E-01   -6.760514E-07
    6.500000E-01   -6.787032E-07
    6.600000E-01   -6.813887E-07
    6.700000E-01   -6.841074E-07
    6.800000E-01   -6.868589E-07
    6.900000E-01   -6.896430E-07
    7.000000E-01   -6.924592E-07
    7.100000E-01   -6.953072E-07
    7.200000E-01   -6.981864E-07
    7.300000E-01   -7.010966E-07
    7.400000E-01   -7.040372E-07
    7.500000E-01   -7.070079E-07
    7.600000E-01   -7.100083E-07
    7.700000E-01   -7.130378E-07
    7.800000E-01   -7.160960E-07
    7.900000E-01   -7.191825E-07
    8.000000E-01   -7.222968E-07
    8.100000E-01   -7.254384E-07
    8.200000E-01   -7.286069E-07
    8.300000E-01   -7.318017E-07
    8.400000E-01   -7.350224E-07
    8.500000E-01   -7.382684E-07
    8.600000E-01   -7.415392E-07
    8.700000E-01   -7.448344E-07
    8.800000E-01   -7.481533E-07
    8.900000E-01   -7.514955E-07
    9.000000E-01   -7.548603E-07
    9.100000E-01   -7.582473E-07
    9.200000E-01   -7.616558E-07
    9.300000E-01   -7.650853E-07
    9.400000E-01   -7.685352E-07
    9.500000E-01   -7.720048E-07
    9.600000E-01   -7.754937E-07
    9.700000E-01   -7.790012E-07
    9.800000E-01   -7.825267E-07
    9.900000E-01   -7.860695E-07
    1.000000E+00   -7.896290E-07
    1.010000E+00   -7.932045E-07
    1.020000E+00   -7.967955E-07
    1.030000E+00   -8.004012E-07
    1.040000E+00   -8.040210E-07
    1.050000E+00   -8.076541E-07
    1.060000E+00   -8.113000E-07
    1.070000E+00   -8.149578E-07
    1.080000E+00   -8.186269E-07
    1.090000E+00   -8.223066E-07
    1.100000E+00   -8.259962E-07
    1.110000E+00   -8.296948E-07
    1.120000E+00   -8.334019E-07
    1.130000E+00   -8.371165E-07
    1.140000E+00   -8.408379E-07
    1.150000E+00   -8.445655E-07
    1.160000E+00   -8.482983E-07
    1.170000E+00   -8.520357E-07
    1.180000E+00   -8.557767E-07
    1.190000E+00   -8.595207E-07
    1.200000E+00   -8.632668E-07
    1.210000E+00   -8.670141E-07
    1.220000E+00   -8.707618E-07
    1.230000E+00   -8.745092E-07
    1.240000E+00   -8.782553E-07
    1.250000E+00   -8.819993E-07
    1.260000E+00   -8.857403E-07
    1.270000E+00   -8.894775E-07
    1.280000E+00   -8.932099E-07
    1.290000E+00   -8.969367E-07
    1.300000E+00   -9.006570E-07
    1.310000E+00   -9.043699E-07
    1.320000E+00   -9.080745E-07
    1.330000E+00   -9.117698E-07
    1.340000E+00   -9.154549E-07
    1.350000E+00   -9.191289E-07
    1.360000E+00   -9.227909E-07
    1.370000E+00   -9.264399E-07
    1.380000E+00   -9.300749E-07
    1.390000E+00   -9.336950E-07
    1.400000E+00   -9.372993E-07
    1.410000E+00   -9.408867E-07
    1.420000E+00   -9.444563E-07
    1.430000E+00   -9.480071E-07
    1.440000E+00   -9.515381E-07
    1.450000E+00   -9.550483E-07
    1.460000E+00   -9.585367E-07
    1.470000E+00   -9.620024E-07
    1.480000E+00   -9.654442E-07
    1.490000E+00   -9.688613E-07
    1.500000E+00   -9.722525E-07
    1.510000E+00   -9.756169E-07
    1.520000E+00   -9.789534E-07
    1.530000E+00   -9.822611E-07
    1.540000E+00   -9.855388E-07
    1.550000E+00   -9.887856E-07
    1.560000E+00   -9.920005E-07
    1.570000E+00   -9.951824E-07
    1.580000E+00   -9.983302E-07
    1.590000E+00   -1.001443E-06
    1.600000E+00   -1.004520E-06
    1.610000E+00   -1.007559E-06
    1.620000E+00   -1.010561E-06
    1.630000E+00   -1.013523E-06
    1.640000E+00   -1.016445E-06
    1.650000E+00   -1.019325E-06
    1.660000E+00   -1.022164E-06
    1.670000E+00   -1.024959E-06
    1.680000E+00   -1.027710E-06
    1.690000E+00   -1.030415E-06
    1.700000E+00   -1.033074E-06
    1.710000E+00   -1.035686E-06
    1.720000E+00   -1.038249E-06
    1.730000E+00   -1.040763E-06
    1.740000E+00   -1.043226E-06
    1.750000E+00   -1.045638E-06
    1.760000E+00   -1.047998E-06
    1.770000E+00   -1.050305E-06
    1.780000E+00   -1.052557E-06
    1.790000E+00   -1.054754E-06
    1.800000E+00   -1.056894E-06
    1.810000E+00   -1.058978E-06
    1.820000E+00   -1.061003E-06
    1.830000E+00   -1.062970E-06
    1.840000E+00   -1.064877E-06
    1.850000E+00   -1.066722E-06
    1.860000E+00   -1.068506E-06
    1.870000E+00   -1.070228E-06
    1.880000E+00   -1.071886E-06
    1.890000E+00   -1.073480E-06
    1.900000E+00   -1.075009E-06
    1.910000E+00   -1.076472E-06
    1.920000E+00   -1.077868E-06
    1.930000E+00   -1.079196E-06
    1.940000E+00   -1.080457E-06
    1.950000E+00   -1.081648E-06
    1.960000E+00   -1.082769E-06
    1.970000E+00   -1.083820E-06
    1.980000E+00   -1.084800E-06
    1.990000E+00   -1.085708E-06
    2.000000E+00   -1.086544E-06
    2.010000E+00   -1.087306E-06
    2.020000E+00   -1.087995E-06
    2.030000E+00   -1.088609E-06
    2.040000E+00   -1.089148E-06
    2.050000E+00   -1.089612E-06
    2.060000E+00   -1.090000E-06
    2.070000E+00   -1.090311E-06
    2.080000E+00   -1.090545E-06
    2.090000E+00   -1.090702E-06
    2.100000E+00   -1.090781E-06
    2.110000E+00   -1.090781E-06
    2.120000E+00   -1.090703E-06
    2.130000E+00   -1.090545E-06
    2.140000E+00   -1.090308E-06
    2.150000E+00   -1.089992E-06
    2.160000E+00   -1.089595E-06
    2.170000E+00   -1.089118E-06
    2.180000E+00   -1.088561E-06
    2.190000E+00   -1.087923E-06
    2.200000E+00   -1.087204E-06
    2.210000E+00   -1.086404E-06
    2.220000E+00   -1.085523E-06
    2.230000E+00   -1.084561E-06
    2.240000E+00   -1.083518E-06
    2.250000E+00   -1.082393E-06
    2.260000E+00   -1.081187E-06
    2.270000E+00   -1.079899E-06
    2.280000E+00   -1.078531E-06
    2.290000E+00   -1.077081E-06
    2.300000E+00   -1.075550E-06
    2.310000E+00   -1.073938E-06
    2.320000E+00   -1.072246E-06
    2.330000E+00   -1.070473E-06
    2.340000E+00   -1.068620E-06
    2.350000E+00   -1.066687E-06
    2.360000E+00   -1.064674E-06
    2.370000E+00   -1.062582E-06
    2.380000E+00   -1.060411E-06
    2.390000E+00   -1.058161E-06
    2.400000E+00   -1.055833E-06
    2.410000E+00   -1.053427E-06
    2.420000E+00   -1.050943E-06
    2.430000E+00   -1.048383E-06
    2.440000E+00   -1.045747E-06
    2.450000E+00   -1.043034E-06
    2.460000E+00   -1.040247E-06
    2.470000E+00   -1.037384E-06
    2.480000E+00   -1.034448E-06
    2.490000E+00   -1.031438E-06
    2.500000E+00   -1.028356E-06
    2.510000E+00   -1.025202E-06
    2.520000E+00   -1.021976E-06
    2.530000E+00   -1.018680E-06
    2.540000E+00   -1.015315E-06
    2.550000E+00   -1.011880E-06
    2.560000E+00   -1.008377E-06
    2.570000E+00   -1.004807E-06
    2.580000E+00   -1.001171E-06
    2.590000E+00   -9.974686E-07
    2.600000E+00   -9.937020E-07
    2.610000E+00   -9.898717E-07
    2.620000E+00   -9.859786E-07
    2.630000E+00   -9.820237E-07
    2.640000E+00   -9.780081E-07
    2.650000E+00   -9.739326E-07
    2.660000E+00   -9.697983E-07
    2.670000E+00   -9.656063E-07
    2.680000E+00   -9.613575E-07
    2.690000E+00   -9.570530E-07
    2.700000E+00   -9.526940E-07
    2.710000E+00   -9.482814E-07
    2.720000E+00   -9.438164E-07
    2.730000E+00   -9.393002E-07
    2.740000E+00   -9.347337E-07
    2.750000E+00   -9.301182E-07
    2.760000E+00   -9.254547E-07
    2.770000E+00   -9.207445E-07
    2.780000E+00   -9.159887E-07
    2.790000E+00   -9.111884E-07
    2.800000E+00   -9.063448E-07
    2.810000E+00   -9.014592E-07
    2.820000E+00   -8.965326E-07
    2.830000E+00   -8.915663E-07
    2.840000E+00   -8.865615E-07
    2.850000E+00   -8.815193E-07
    2.860000E+00   -8.764410E-07
    2.870000E+00   -8.713277E-07
    2.880000E+00   -8.661806E-07
    2.890000E+00   -8.610010E-07
    2.900000E+00   -8.557900E-07
    2.910000E+00   -8.505489E-07
    2.920000E+00   -8.452788E-07
    2.930000E+00   -8.399810E-07
    2.940000E+00   -8.346565E-07
    2.950000E+00   -8.293067E-07
    2.960000E+00   -8.239327E-07
    2.970000E+00   -8.185356E-07
    2.980000E+00   -8.131167E-07
    2.990000E+00   -8.076771E-07
    3.000000E+00   -8.022180E-07
    3.010000E+00   -7.967405E-07
    3.020000E+00   -7.912458E-07
    3.030000E+00   -7.857351E-07
    3.040000E+00   -7.802094E-07
    3.050000E+00   -7.746698E-07
    3.060000E+00   -7.691176E-07
    3.070000E+00   -7.635537E-07
    3.080000E+00   -7.579794E-07
    3.090000E+00   -7.523957E-07
    3.100000E+00   -7.468035E-07
    3.110000E+00   -7.412042E-07
    3.120000E+00   -7.355985E-07
    3.130000E+00   -7.299877E-07
    3.140000E+00   -7.243728E-07
    3.150000E+00   -7.187546E-07
    3.160000E+00   -7.131344E-07
    3.170000E+00   -7.075129E-07
    3.180000E+00   -7.018913E-07
    3.190000E+00   -6.962705E-07
    3.200000E+00   -6.906514E-07
    3.210000E+00   -6.850349E-07
    3.220000E+00   -6.794220E-07
    3.230000E+00   -6.738136E-07
    3.240000E+00   -6.682106E-07
    3.250000E+00   -6.626138E-07
    3.260000E+00   -6.570241E-07
    3.270000E+00   -6.514424E-07
    3.280000E+00   -6.458695E-07
    3.290000E+00   -6.403061E-07
    3.300000E+00   -6.347532E-07
    3.310000E+00   -6.292114E-07
    3.320000E+00   -6.236816E-07
    3.330000E+00   -6.181645E-07
    3.340000E+00   -6.126608E-07
    3.350000E+00   -6.071713E-07
    3.360000E+00   -6.016966E-07
    3.370000E+00   -5.962375E-07
    3.380000E+00   -5.907947E-07
    3.390000E+00   -5.853687E-07
    3.400000E+00   -5.799602E-07
    3.410000E+00   -5.745699E-07
    3.420000E+00   -5.691984E-07
    3.430000E+00   -5.638462E-07
    3.440000E+00   -5.585140E-07
    3.450000E+00   -5.532023E-07
    3.460000E+00   -5.479116E-07
    3.470000E+00   -5.426426E-07
    3.480000E+00   -5.373956E-07
    3.490000E+00   -5.321713E-07
    3.500000E+00   -5.269700E-07
    3.510000E+00   -5.217924E-07
    3.520000E+00   -5.166388E-07
    3.530000E+00   -5.115096E-07
    3.540000E+00   -5.064054E-07
    3.550000E+00   -5.013265E-07
    3.560000E+00   -4.962733E-07
    3.570000E+00   -4.912462E-07
    3.580000E+00   -4.862456E-07
    3.590000E+00   -4.812719E-07
    3.600000E+00   -4.763253E-07
    3.610000E+00   -4.714063E-07
    3.620000E+00   -4.665151E-07
    3.630000E+00   -4.616521E-07
    3.640000E+00   -4.568176E-07
    3.650000E+00   -4.520117E-07
    3.660000E+00   -4.472348E-07
    3.670000E+00   -4.424872E-07
    3.680000E+00   -4.377691E-07
    3.690000E+00   -4.330807E-07
    3.700000E+00   -4.284223E-07
    3.710000E+00   -4.237940E-07
    3.720000E+00   -4.191961E-07
    3.730000E+00   -4.146286E-07
    3.740000E+00   -4.100919E-07
    3.750000E+00   -4.055861E-07
    3.760000E+00   -4.011113E-07
    3.770000E+00   -3.966676E-07
    3.780000E+00   -3.922553E-07
    3.790000E+00   -3.878744E-07
    3.800000E+00   -3.835250E-07
    3.810000E+00   -3.792072E-07
    3.820000E+00   -3.749212E-07
    3.830000E+00   -3.706669E-07
    3.840000E+00   -3.664446E-07
    3.850000E+00   -3.622542E-07
    3.860000E+00   -3.580958E-07
    3.870000E+00   -3.539695E-07
    3.880000E+00   -3.498752E-07
    3.890000E+00   -3.458131E-07
    3.900000E+00   -3.417831E-07
    3.910000E+00   -3.377853E-07
    3.920000E+00   -3.338197E-07
    3.930000E+00   -3.298862E-07
    3.940000E+00   -3.259849E-07
    3.950000E+00   -3.221158E-07
    3.960000E+00   -3.182787E-07
    3.970000E+00   -3.144738E-07
    3.980000E+00   -3.107010E-07
    3.990000E+00   -3.069602E-07
    4.000000E+00   -3.032513E-07
    4.010000E+00   -2.995744E-07
    4.020000E+00   -2.959294E-07
    4.030000E+00   -2.923162E-07
    4.040000E+00   -2.887347E-07
    4.050000E+00   -2.851849E-07
    4.060000E+00   -2.816667E-07
    4.070000E+00   -2.781799E-07
    4.080000E+00   -2.747246E-07
    4.090000E+00   -2.713006E-07
    4.100000E+00   -2.679078E-07
    4.110000E+00   -2.645461E-07
    4.120000E+00   -2.612155E-07
    4.130000E+00   -2.579157E-07
    4.140000E+00   -2.546467E-07
    4.150000E+00   -2.514083E-07
    4.160000E+00   -2.482005E-07
    4.170000E+00   -2.450230E-07
    4.180000E+00   -2.418758E-07
    4.190000E+00   -2.387588E-07
    4.200000E+00   -2.356718E-07
    4.210000E+00   -2.326146E-07
    4.220000E+00   -2.295871E-07
    4.230000E+00   -2.265892E-07
    4.240000E+00   -2.236207E-07
    4.250000E+00   -2.206815E-07
    4.260000E+00   -2.177714E-07
    4.270000E+00   -2.148902E-07
    4.280000E+00   -2.120378E-07
    4.290000E+00   -2.092140E-07
    4.300000E+00   -2.064187E-07
    4.310000E+00   -2.036517E-07
    4.320000E+00   -2.009129E-07
    4.330000E+00   -1.982020E-07
    4.340000E+00   -1.955188E-07
    4.350000E+00   -1.928633E-07
    4.360000E+00   -1.902353E-07
    4.370000E+00   -1.876344E-07
    4.380000E+00   -1.850607E-07
    4.390000E+00   -1.825139E-07
    4.400000E+00   -1.799938E-07
    4.410000E+00   -1.775003E-07
    4.420000E+00   -1.750331E-07
    4.430000E+00   -1.725921E-07
    4.440000E+00   -1.701770E-07
    4.450000E+00   -1.677878E-07
    4.460000E+00   -1.654243E-07
    4.470000E+00   -1.630861E-07
    4.480000E+00   -1.607732E-07
    4.490000E+00   -1.584854E-07
    4.500000E+00   -1.562224E-07
    4.510000E+00   -1.539841E-07
    4.520000E+00   -1.517704E-07
    4.530000E+00   -1.495809E-07
    4.540000E+00   -1.474155E-07
    4.550000E+00   -1.452741E-07
    4.560000E+00   -1.431564E-07
    4.570000E+00   -1.410622E-07
    4.580000E+00   -1.389914E-07
    4.590000E+00   -1.369438E-07
    4.600000E+00   -1.349192E-07
    4.610000E+00   -1.329173E-07
    4.620000E+00   -1.309380E-07
    4.630000E+00   -1.289812E-07
    4.640000E+00   -1.270465E-07
    4.650000E+00   -1.251339E-07
    4.660000E+00   -1.232431E-07
    4.670000E+00   -1.213740E-07
    4.680000E+00   -1.195263E-07
    4.690000E+00   -1.176999E-07
    4.700000E+00   -1.158946E-07
    4.710000E+00   -1.141102E-07
    4.720000E+00   -1.123465E-07
    4.730000E+00   -1.106034E-07
    4.740000E+00   -1.088805E-07
    4.750000E+00   -1.071779E-07
    4.760000E+00   -1.054952E-07
    4.770000E+00   -1.038323E-07
    4.780000E+00   -1.021890E-07
    4.790000E+00   -1.005652E-07
    4.800000E+00   -9.896057E-08
    4.810000E+00   -9.737503E-08
    4.820000E+00   -9.580837E-08
    4.830000E+00   -9.426043E-08
    4.840000E+00   -9.273102E-08
    4.850000E+00   -9.121996E-08
    4.860000E+00   -8.972708E-08
    4.870000E+00   -8.825220E-08
    4.880000E+00   -8.679515E-08
    4.890000E+00   -8.535575E-08
    4.900000E+00   -8.393384E-08
    4.910000E+00   -8.252924E-08
    4.920000E+00   -8.114178E-08
    4.930000E+00   -7.977129E-08
    4.940000E+00   -7.841760E-08
    4.950000E+00   -7.708055E-08
    4.960000E+00   -7.575996E-08
    4.970000E+00   -7.445568E-08
    4.980000E+00   -7.316754E-08
    4.990000E+00   -7.189537E-08
    5.000000E+00   -7.063902E-08
    5.010000E+00   -6.939831E-08
    5.020000E+00   -6.817310E-08
    5.030000E+00   -6.696322E-08
    5.040000E+00   -6.576851E-08
    5.050000E+00   -6.458882E-08
    5.060000E+00   -6.342400E-08
    5.070000E+00   -6.227387E-08
    5.080000E+00   -6.113831E-08
    5.090000E+00   -6.001714E-08
    5.100000E+00   -5.891022E-08
    5.110000E+00   -5.781740E-08
    5.120000E+00   -5.673853E-08
    5.130000E+00   -5.567346E-08
    5.140000E+00   -5.462205E-08
    5.150000E+00   -5.358414E-08
    5.160000E+00   -5.255960E-08
    5.170000E+00   -5.154828E-08
    5.180000E+00   -5.055004E-08
    5.190000E+00   -4.956473E-08
    5.200000E+00   -4.859223E-08
    5.210000E+00   -4.763238E-08
    5.220000E+00   -4.668505E-08
    5.230000E+00   -4.575011E-08
    5.240000E+00   -4.482741E-08
    5.250000E+00   -4.391683E-08
    5.260000E+00   -4.301823E-08
    5.270000E+00   -4.213148E-08
    5.280000E+00   -4.125645E-08
    5.290000E+00   -4.039300E-08
    5.300000E+00   -3.954101E-08
    5.310000E+00   -3.870036E-08
    5.320000E+00   -3.787091E-08
    5.330000E+00   -3.705254E-08
    5.340000E+00   -3.624513E-08
    5.350000E+00   -3.544854E-08
    5.360000E+00   -3.466267E-08
    5.370000E+00   -3.388739E-08
    5.380000E+00   -3.312258E-08
    5.390000E+00   -3.236812E-08
    5.400000E+00   -3.162389E-08
    5.410000E+00   -3.088978E-08
    5.420000E+00   -3.016567E-08
    5.430000E+00   -2.945145E-08
    5.440000E+00   -2.874700E-08
    5.450000E+00   -2.805221E-08
    5.460000E+00   -2.736697E-08
    5.470000E+00   -2.669118E-08
    5.480000E+00   -2.602471E-08
    5.490000E+00   -2.536747E-08
    5.500000E+00   -2.471934E-08
    5.510000E+00   -2.408022E-08
    5.520000E+00   -2.345001E-08
    5.530000E+00   -2.282860E-08
    5.540000E+00   -2.221589E-08
    5.550000E+00   -2.161177E-08
    5.560000E+00   -2.101615E-08
    5.570000E+00   -2.042893E-08
    5.580000E+00   -1.985000E-08
    5.590000E+00   -1.927927E-08
    5.600000E+00   -1.871664E-08
    5.610000E+00   -1.816202E-08
    5.620000E+00   -1.761531E-08
    5.630000E+00   -1.707642E-08
    5.640000E+00   -1.654525E-08
    5.650000E+00   -1.602172E-08
    5.660000E+00   -1.550572E-08
    5.670000E+00   -1.499718E-08
    5.680000E+00   -1.449600E-08
    5.690000E+00   -1.400209E-08
    5.700000E+00   -1.351536E-08
    5.710000E+00   -1.303574E-08
    5.720000E+00   -1.256312E-08
    5.730000E+00   -1.209744E-08
    5.740000E+00   -1.163860E-08
    5.750000E+00   -1.118653E-08
    5.760000E+00   -1.074113E-08
    5.770000E+00   -1.030233E-08
    5.780000E+00   -9.870047E-09
    5.790000E+00   -9.444204E-09
    5.800000E+00   -9.024721E-09
    5.810000E+00   -8.611520E-09
    5.820000E+00   -8.204524E-09
    5.830000E+00   -7.803656E-09
    5.840000E+00   -7.408842E-09
    5.850000E+00   -7.020006E-09
    5.860000E+00   -6.637076E-09
    5.870000E+00   -6.259977E-09
    5.880000E+00   -5.888638E-09
    5.890000E+00   -5.522988E-09
    5.900000E+00   -5.162956E-09
    5.910000E+00   -4.808472E-09
    5.920000E+00   -4.459466E-09
    5.930000E+00   -4.115872E-09
    5.940000E+00   -3.777620E-09
    5.950000E+00   -3.444645E-09
    5.960000E+00   -3.116880E-09
    5.970000E+00   -2.794260E-09
    5.980000E+00   -2.476720E-09
    5.990000E+00   -2.164197E-09
    6.000000E+00   -1.856627E-09
    6.010000E+00   -1.553947E-09
    6.020000E+00   -1.256096E-09
    6.030000E+00   -9.630135E-10
    6.040000E+00   -6.746379E-10
    6.050000E+00   -3.909099E-10
    6.060000E+00   -1.117706E-10
    6.070000E+00    1.628387E-10
    6.080000E+00    4.329755E-10
    6.090000E+00    6.986969E-10
    6.100000E+00    9.600594E-10
    6.110000E+00    1.217119E-09
    6.120000E+00    1.469930E-09
    6.130000E+00    1.718548E-09
    6.140000E+00    1.963027E-09
    6.150000E+00    2.203419E-09
    6.160000E+00    2.439778E-09
    6.170000E+00    2.672156E-09
    6.180000E+00    2.900603E-09
    6.190000E+00    3.125172E-09
    6.200000E+00    3.345911E-09
    6.210000E+00    3.562872E-09
    6.220000E+00    3.776103E-09
    6.230000E+00    3.985653E-09
    6.240000E+00    4.191569E-09
    6.250000E+00    4.393899E-09
    6.260000E+00    4.592691E-09
    6.270000E+00    4.787990E-09
    6.280000E+00    4.979842E-09
    6.290000E+00    5.168293E-09
    6.300000E+00    5.353388E-09
    6.310000E+00    5.535170E-09
    6.320000E+00    5.713683E-09
    6.330000E+00    5.888971E-09
    6.340000E+00    6.061076E-09
    6.350000E+00    6.230040E-09
    6.360000E+00    6.395906E-09
    6.370000E+00    6.558713E-09
    6.380000E+00    6.718504E-09
    6.390000E+00    6.875318E-09
    6.400000E+00    7.029196E-09
    6.410000E+00    7.180175E-09
    6.420000E+00    7.328296E-09
    6.430000E+00    7.473596E-09
    6.440000E+00    7.616113E-09
    6.450000E+00    7.755886E-09
    6.460000E+00    7.892950E-09
    6.470000E+00    8.027343E-09
    6.480000E+00    8.159100E-09
    6.490000E+00    8.288258E-09
    6.500000E+00    8.414851E-09
    6.510000E+00    8.538915E-09
    6.520000E+00    8.660483E-09
    6.530000E+00    8.779590E-09
    6.540000E+00    8.896270E-09
    6.550000E+00    9.010555E-09
    6.560000E+00    9.122478E-09
    6.570000E+00    9.232073E-09
    6.580000E+00    9.339370E-09
    6.590000E+00    9.444402E-09
    6.600000E+00    9.547199E-09
    6.610000E+00    9.647793E-09
    6.620000E+00    9.746213E-09
    6.630000E+00    9.842491E-09
    6.640000E+00    9.936656E-09
    6.650000E+00    1.002874E-08
    6.660000E+00    1.011876E-08
    6.670000E+00    1.020676E-08
    6.680000E+00    1.029277E-08
    6.690000E+00    1.037680E-08
    6.700000E+00    1.045889E-08
    6.710000E+00    1.053906E-08
    6.720000E+00    1.061735E-08
    6.730000E+00    1.069378E-08
    6.740000E+00    1.076837E-08
    6.750000E+00    1.084115E-08
    6.760000E+00    1.091215E-08
    6.770000E+00    1.098139E-08
    6.780000E+00    1.104890E-08
    6.790000E+00    1.111470E-08
    6.800000E+00    1.117881E-08
    6.810000E+00    1.124127E-08
    6.820000E+00    1.130209E-08
    6.830000E+00    1.136130E-08
    6.840000E+00    1.141892E-08
    6.850000E+00    1.147497E-08
    6.860000E+00    1.152947E-08
    6.870000E+00    1.158246E-08
    6.880000E+00    1.163395E-08
    6.890000E+00    1.168396E-08
    6.900000E+00    1.173251E-08
    6.910000E+00    1.177963E-08
    6.920000E+00    1.182534E-08
    6.930000E+00    1.186965E-08
    6.940000E+00    1.191259E-08
    6.950000E+00    1.195417E-08
    6.960000E+00    1.199443E-08
    6.970000E+00    1.203337E-08
    6.980000E+00    1.207102E-08
    6.990000E+00    1.210740E-08
    7.000000E+00    1.214252E-08
    7.010000E+00    1.217640E-08
    7.020000E+00    1.220907E-08
    7.030000E+00    1.224053E-08
    7.040000E+00    1.227082E-08
    7.050000E+00    1.229994E-08
    7.060000E+00    1.232792E-08
    7.070000E+00    1.235476E-08
    7.080000E+00    1.238050E-08
    7.090000E+00    1.240514E-08
    7.100000E+00    1.242870E-08
    7.110000E+00    1.245120E-08
    7.120000E+00    1.247265E-08
    7.130000E+00    1.249308E-08
    7.140000E+00    1.251249E-08
    7.150000E+00    1.253091E-08
    7.160000E+00    1.254834E-08
    7.170000E+00    1.256480E-08
    7.180000E+00    1.258032E-08
    7.190000E+00    1.259489E-08
    7.200000E+00    1.260855E-08
    7.210000E+00    1.262129E-08
    7.220000E+00    1.263315E-08
    7.230000E+00    1.264412E-08
    7.240000E+00    1.265423E-08
    7.250000E+00    1.266348E-08
    7.260000E+00    1.267190E-08
    7.270000E+00    1.267949E-08
    7.280000E+00    1.268627E-08
    7.290000E+00    1.269225E-08
    7.300000E+00    1.269745E-08
    7.310000E+00    1.270187E-08
    7.320000E+00    1.270553E-08
    7.330000E+00    1.270844E-08
    7.340000E+00    1.271062E-08
    7.350000E+00    1.271207E-08
    7.360000E+00    1.271282E-08
    7.370000E+00    1.271286E-08
    7.380000E+00    1.271221E-08
    7.390000E+00    1.271089E-08
    7.400000E+00    1.270890E-08
    7.410000E+00    1.270625E-08
    7.420000E+00    1.270296E-08
    7.430000E+00    1.269904E-08
    7.440000E+00    1.269449E-08
    7.450000E+00    1.268934E-08
    7.460000E+00    1.268358E-08
    7.470000E+00    1.267723E-08
    7.480000E+00    1.267030E-08
    7.490000E+00    1.266280E-08
    7.500000E+00    1.265474E-08
    7.510000E+00    1.264613E-08
    7.520000E+00    1.263697E-08
    7.530000E+00    1.262729E-08
    7.540000E+00    1.261708E-08
    7.550000E+00    1.260636E-08
    7.560000E+00    1.259513E-08
    7.570000E+00    1.258341E-08
    7.580000E+00    1.257120E-08
    7.590000E+00    1.255851E-08
    7.600000E+00    1.254535E-08
    7.610000E+00    1.253174E-08
    7.620000E+00    1.251767E-08
    7.630000E+00    1.250315E-08
    7.640000E+00    1.248820E-08
    7.650000E+00    1.247283E-08
    7.660000E+00    1.245703E-08
    7.670000E+00    1.244082E-08
    7.680000E+00    1.242421E-08
    7.690000E+00    1.240720E-08
    7.700000E+00    1.238980E-08
    7.710000E+00    1.237202E-08
    7.720000E+00    1.235387E-08
    7.730000E+00    1.233534E-08
    7.740000E+00    1.231646E-08
    7.750000E+00    1.229723E-08
    7.760000E+00    1.227765E-08
    7.770000E+00    1.225773E-08
    7.780000E+00    1.223748E-08
    7.790000E+00    1.221690E-08
    7.800000E+00    1.219600E-08
    7.810000E+00    1.217479E-08
    7.820000E+00    1.215327E-08
    7.830000E+00    1.213146E-08
    7.840000E+00    1.210935E-08
    7.850000E+00    1.208695E-08
    7.860000E+00    1.206427E-08
    7.870000E+00    1.204131E-08
    7.880000E+00    1.201809E-08
    7.890000E+00    1.199460E-08
    7.900000E+00    1.197085E-08
    7.910000E+00    1.194685E-08
    7.920000E+00    1.192260E-08
    7.930000E+00    1.189811E-08
    7.940000E+00    1.187338E-08
    7.950000E+00    1.184842E-08
    7.960000E+00    1.182324E-08
    7.970000E+00    1.179784E-08
    7.980000E+00    1.177222E-08
    7.990000E+00    1.174638E-08
    8.000000E+00    1.172035E-08
    8.010000E+00    1.169411E-08
    8.020000E+00    1.166768E-08
    8.030000E+00    1.164105E-08
    8.040000E+00    1.161424E-08
    8.050000E+00    1.158725E-08
    8.060000E+00    1.156008E-08
    8.070000E+00    1.153273E-08
    8.080000E+00    1.150522E-08
    8.090000E+00    1.147754E-08
    8.100000E+00    1.144971E-08
    8.110000E+00    1.142171E-08
    8.120000E+00    1.139357E-08
    8.130000E+00    1.136528E-08
    8.140000E+00    1.133684E-08
    8.150000E+00    1.130827E-08
    8.160000E+00    1.127956E-08
    8.170000E+00    1.125071E-08
    8.180000E+00    1.122174E-08
    8.190000E+00    1.119265E-08
    8.200000E+00    1.116343E-08
    8.210000E+00    1.113410E-08
    8.220000E+00    1.110466E-08
    8.230000E+00    1.107510E-08
    8.240000E+00    1.104544E-08
    8.250000E+00    1.101568E-08
    8.260000E+00    1.098581E-08
    8.270000E+00    1.095585E-08
    8.280000E+00    1.092580E-08
    8.290000E+00    1.089566E-08
    8.300000E+00    1.086543E-08
    8.310000E+00    1.083512E-08
    8.320000E+00    1.080472E-08
    8.330000E+00    1.077425E-08
    8.340000E+00    1.074371E-08
    8.350000E+00    1.071309E-08
    8.360000E+00    1.068241E-08
    8.370000E+00    1.065166E-08
    8.380000E+00    1.062085E-08
    8.390000E+00    1.058997E-08
    8.400000E+00    1.055904E-08
    8.410000E+00    1.052806E-08
    8.420000E+00    1.049702E-08
    8.430000E+00    1.046594E-08
    8.440000E+00    1.043480E-08
    8.450000E+00    1.040363E-08
    8.460000E+00    1.037241E-08
    8.470000E+00    1.034115E-08
    8.480000E+00    1.030985E-08
    8.490000E+00    1.027852E-08
    8.500000E+00    1.024716E-08
    8.510000E+00    1.021577E-08
    8.520000E+00    1.018435E-08
    8.530000E+00    1.015290E-08
    8.540000E+00    1.012144E-08
    8.550000E+00    1.008995E-08
    8.560000E+00    1.005844E-08
    8.570000E+00    1.002691E-08
    8.580000E+00    9.995368E-09
    8.590000E+00    9.963814E-09
    8.600000E+00    9.932249E-09
    8.610000E+00    9.900674E-09
    8.620000E+00    9.869092E-09
    8.630000E+00    9.837506E-09
    8.640000E+00    9.805915E-09
    8.650000E+00    9.774323E-09
    8.660000E+00    9.742731E-09
    8.670000E+00    9.711142E-09
    8.680000E+00    9.679555E-09
    8.690000E+00    9.647975E-09
    8.700000E+00    9.616401E-09
    8.710000E+00    9.584836E-09
    8.720000E+00    9.553281E-09
    8.730000E+00    9.521738E-09
    8.740000E+00    9.490209E-09
    8.750000E+00    9.458694E-09
    8.760000E+00    9.427196E-09
    8.770000E+00    9.395716E-09
    8.780000E+00    9.364255E-09
    8.790000E+00    9.332816E-09
    8.800000E+00    9.301398E-09
    8.810000E+00    9.270004E-09
    8.820000E+00    9.238636E-09
    8.830000E+00    9.207293E-09
    8.840000E+00    9.175978E-09
    8.850000E+00    9.144692E-09
    8.860000E+00    9.113436E-09
    8.870000E+00    9.082212E-09
    8.880000E+00    9.051020E-09
    8.890000E+00    9.019862E-09
    8.900000E+00    8.988739E-09
    8.910000E+00    8.957653E-09
    8.920000E+00    8.926603E-09
    8.930000E+00    8.895592E-09
    8.940000E+00    8.864621E-09
    8.950000E+00    8.833690E-09
    8.960000E+00    8.802800E-09
    8.970000E+00    8.771953E-09
    8.980000E+00    8.741150E-09
    8.990000E+00    8.710392E-09
    9.000000E+00    8.679679E-09
    9.010000E+00    8.649012E-09
    9.020000E+00    8.618393E-09
    9.030000E+00    8.587823E-09
    9.040000E+00    8.557301E-09
    9.050000E+00    8.526830E-09
    9.060000E+00    8.496410E-09
    9.070000E+00    8.466042E-09
    9.080000E+00    8.435726E-09
    9.090000E+00    8.405464E-09
    9.100000E+00    8.375257E-09
    9.110000E+00    8.345104E-09
    9.120000E+00    8.315007E-09
    9.130000E+00    8.284967E-09
    9.140000E+00    8.254984E-09
    9.150000E+00    8.225059E-09
    9.160000E+00    8.195193E-09
    9.170000E+00    8.165386E-09
    9.180000E+00    8.135639E-09
    9.190000E+00    8.105953E-09
    9.200000E+00    8.076328E-09
    9.210000E+00    8.046765E-09
    9.220000E+00    8.017265E-09
    9.230000E+00    7.987828E-09
    9.240000E+00    7.958455E-09
    9.250000E+00    7.929146E-09
    9.260000E+00    7.899902E-09
    9.270000E+00    7.870724E-09
    9.280000E+00    7.841611E-09
    9.290000E+00    7.812565E-09
    9.300000E+00    7.783586E-09
    9.310000E+00    7.754674E-09
    9.320000E+00    7.725831E-09
    9.330000E+00    7.697056E-09
    9.340000E+00    7.668350E-09
    9.350000E+00    7.639713E-09
    9.360000E+00    7.611146E-09
    9.370000E+00    7.582649E-09
    9.380000E+00    7.554223E-09
    9.390000E+00    7.525867E-09
    9.400000E+00    7.497584E-09
    9.410000E+00    7.469372E-09
    9.420000E+00    7.441232E-09
    9.430000E+00    7.413164E-09
    9.440000E+00    7.385170E-09
    9.450000E+00    7.357249E-09
    9.460000E+00    7.329401E-09
    9.470000E+00    7.301627E-09
    9.480000E+00    7.273928E-09
    9.490000E+00    7.246302E-09
    9.500000E+00    7.218752E-09
    9.510000E+00    7.191277E-09
    9.520000E+00    7.163877E-09
    9.530000E+00    7.136552E-09
    9.540000E+00    7.109304E-09
    9.550000E+00    7.082131E-09
    9.560000E+00    7.055035E-09
    9.570000E+00    7.028015E-09
    9.580000E+00    7.001072E-09
    9.590000E+00    6.974207E-09
    9.600000E+00    6.947418E-09
    9.610000E+00    6.920707E-09
    9.620000E+00    6.894073E-09
    9.630000E+00    6.867517E-09
    9.640000E+00    6.841039E-09
    9.650000E+00    6.814640E-09
    9.660000E+00    6.788318E-09
    9.670000E+00    6.762075E-09
    9.680000E+00    6.735910E-09
    9.690000E+00    6.709825E-09
    9.700000E+00    6.683818E-09
    9.710000E+00    6.657890E-09
    9.720000E+00    6.632041E-09
    9.730000E+00    6.606271E-09
    9.740000E+00    6.580581E-09
    9.750000E+00    6.554970E-09
    9.760000E+00    6.529438E-09
    9.770000E+00    6.503987E-09
    9.780000E+00    6.478615E-09
    9.790000E+00    6.453322E-09
    9.800000E+00    6.428110E-09
    9.810000E+00    6.402977E-09
    9.820000E+00    6.377924E-09
    9.830000E+00    6.352951E-09
    9.840000E+00    6.328059E-09
    9.850000E+00    6.303246E-09
    9.860000E+00    6.278514E-09
    9.870000E+00    6.253862E-09
    9.880000E+00    6.229289E-09
    9.890000E+00    6.204798E-09
    9.900000E+00    6.180386E-09
    9.910000E+00    6.156054E-09
    9.920000E+00    6.131803E-09
    9.930000E+00    6.107632E-09
    9.940000E+00    6.083542E-09
    9.950000E+00    6.059531E-09
    9.960000E+00    6.035601E-09
    9.970000E+00    6.011751E-09
    9.980000E+00    5.987981E-09
    9.990000E+00    5.964292E-09
    1.000000E+01    5.940682E-09
    1.001000E+01    5.917153E-09
    1.002000E+01    5.893704E-09
    1.003000E+01    5.870334E-09
    1.004000E+01    5.847045E-09
    1.005000E+01    5.823836E-09
    1.006000E+01    5.800706E-09
    1.007000E+01    5.777657E-09
    1.008000E+01    5.754687E-09
    1.009000E+01    5.731797E-09
    1.010000E+01    5.708986E-09
    1.011000E+01    5.686256E-09
    1.012000E+01    5.663604E-09
    1.013000E+01    5.641032E-09
    1.014000E+01    5.618540E-09
    1.015000E+01    5.596126E-09
    1.016000E+01    5.573792E-09
    1.017000E+01    5.551537E-09
    1.018000E+01    5.529361E-09
    1.019000E+01    5.507264E-09
    1.020000E+01    5.485246E-09
    1.021000E+01    5.463306E-09
    1.022000E+01    5.441445E-09
    1.023000E+01    5.419662E-09
    1.024000E+01    5.397958E-09
    1.025000E+01    5.376332E-09
    1.026000E+01    5.354785E-09
    1.027000E+01    5.333315E-09
    1.028000E+01    5.311923E-09
    1.029000E+01    5.290609E-09
    1.030000E+01    5.269373E-09
    1.031000E+01    5.248214E-09
    1.032000E+01    5.227133E-09
    1.033000E+01    5.206129E-09
    1.034000E+01    5.185202E-09
    1.035000E+01    5.164353E-09
    1.036000E+01    5.143580E-09
    1.037000E+01    5.122884E-09
    1.038000E+01    5.102264E-09
    1.039000E+01    5.081721E-09
    1.040000E+01    5.061254E-09
    1.041000E+01    5.040864E-09
    1.042000E+01    5.020549E-09
    1.043000E+01    5.000310E-09
    1.044000E+01    4.980147E-09
    1.045000E+01    4.960060E-09
    1.046000E+01    4.940048E-09
    1.047000E+01    4.920111E-09
    1.048000E+01    4.900250E-09
    1.049000E+01    4.880463E-09
    1.050000E+01    4.860751E-09
    1.051000E+01    4.841114E-09
    1.052000E+01    4.821551E-09
    1.053000E+01    4.802062E-09
    1.054000E+01    4.782647E-09
    1.055000E+01    4.763307E-09
    1.056000E+01    4.744040E-09
    1.057000E+01    4.724847E-09
    1.058000E+01    4.705727E-09
    1.059000E+01    4.686680E-09
    1.060000E+01    4.667707E-09
    1.061000E+01    4.648806E-09
    1.062000E+01    4.629978E-09
    1.063000E+01    4.611223E-09
    1.064000E+01    4.592539E-09
    1.065000E+01    4.573928E-09
    1.066000E+01    4.555389E-09
    1.067000E+01    4.536922E-09
    1.068000E+01    4.518527E-09
    1.069000E+01    4.500202E-09
    1.070000E+01    4.481950E-09
    1.071000E+01    4.463768E-09
    1.072000E+01    4.445657E-09
    1.073000E+01    4.427616E-09
    1.074000E+01    4.409646E-09
    1.075000E+01    4.391747E-09
    1.076000E+01    4.373917E-09
    1.077000E+01    4.356158E-09
    1.078000E+01    4.338468E-09
    1.079000E+01    4.320847E-09
    1.080000E+01    4.303296E-09
    1.081000E+01    4.285814E-09
    1.082000E+01    4.268401E-09
    1.083000E+01    4.251057E-09
    1.084000E+01    4.233781E-09
    1.085000E+01    4.216573E-09
    1.086000E+01    4.199434E-09
    1.087000E+01    4.182363E-09
    1.088000E+01    4.165359E-09
    1.089000E+01    4.148423E-09
    1.090000E+01    4.131554E-09
    1.091000E+01    4.114752E-09
    1.092000E+01    4.098018E-09
    1.093000E+01    4.081349E-09
    1.094000E+01    4.064748E-09
    1.095000E+01    4.048213E-09
    1.096000E+01    4.031744E-09
    1.097000E+01    4.015340E-09
    1.098000E+01    3.999003E-09
    1.099000E+01    3.982731E-09
    1.100000E+01    3.966524E-09
    1.101000E+01    3.950382E-09
    1.102000E+01    3.934306E-09
    1.103000E+01    3.918294E-09
    1.104000E+01    3.902346E-09
    1.105000E+01    3.886463E-09
    1.106000E+01    3.870644E-09
    1.107000E+01    3.854888E-09
    1.108000E+01    3.839196E-09
    1.109000E+01    3.823568E-09
    1.110000E+01    3.808003E-09
    1.111000E+01    3.792501E-09
    1.112000E+01    3.777062E-09
    1.113000E+01    3.761685E-09
    1.114000E+01    3.746371E-09
    1.115000E+01    3.731119E-09
    1.116000E+01    3.715929E-09
    1.117000E+01    3.700801E-09
    1.118000E+01    3.685734E-09
    1.119000E+01    3.670729E-09
    1.120000E+01    3.655785E-09
    1.121000E+01    3.640902E-09
    1.122000E+01    3.626079E-09
    1.123000E+01    3.611317E-09
    1.124000E+01    3.596616E-09
    1.125000E+01    3.581974E-09
    1.126000E+01    3.567393E-09
    1.127000E+01    3.552871E-09
    1.128000E+01    3.538409E-09
    1.129000E+01    3.524006E-09
    1.130000E+01    3.509662E-09
    1.131000E+01    3.495377E-09
    1.132000E+01    3.481151E-09
    1.133000E+01    3.466983E-09
    1.134000E+01    3.452873E-09
    1.135000E+01    3.438822E-09
    1.136000E+01    3.424828E-09
    1.137000E+01    3.410892E-09
    1.138000E+01    3.397013E-09
    1.139000E+01    3.383192E-09
    1.140000E+01    3.369428E-09
    1.141000E+01    3.355720E-09
    1.142000E+01    3.342069E-09
    1.143000E+01    3.328475E-09
    1.144000E+01    3.314937E-09
    1.145000E+01    3.301454E-09
    1.146000E+01    3.288028E-09
    1.147000E+01    3.274657E-09
    1.148000E+01    3.261342E-09
    1.149000E+01    3.248081E-09
    1.150000E+01    3.234876E-09
    1.151000E+01    3.221726E-09
    1.152000E+01    3.208630E-09
    1.153000E+01    3.195588E-09
    1.154000E+01    3.182601E-09
    1.155000E+01    3.169668E-09
    1.156000E+01    3.156788E-09
    1.157000E+01    3.143962E-09
    1.158000E+01    3.131189E-09
    1.159000E+01    3.118470E-09
    1.160000E+01    3.105804E-09
    1.161000E+01    3.093190E-09
    1.162000E+01    3.080629E-09
    1.163000E+01    3.068120E-09
    1.164000E+01    3.055664E-09
    1.165000E+01    3.043259E-09
    1.166000E+01    3.030907E-09
    1.167000E+01    3.018605E-09
    1.168000E+01    3.006356E-09
    1.169000E+01    2.994157E-09
    1.170000E+01    2.982010E-09
    1.171000E+01    2.969913E-09
    1.172000E+01    2.957867E-09
    1.173000E+01    2.945871E-09
    1.174000E+01    2.933926E-09
    1.175000E+01    2.922030E-09
    1.176000E+01    2.910185E-09
    1.177000E+01    2.898389E-09
    1.178000E+01    2.886642E-09
    1.179000E+01    2.874945E-09
    1.180000E+01    2.863297E-09
    1.181000E+01    2.851698E-09
    1.182000E+01    2.840147E-09
    1.183000E+01    2.828645E-09
    1.184000E+01    2.817191E-09
    1.185000E+01    2.805785E-09
    1.186000E+01    2.794428E-09
    1.187000E+01    2.783118E-09
    1.188000E+01    2.771855E-09
    1.189000E+01    2.760640E-09
    1.190000E+01    2.749472E-09
    1.191000E+01    2.738351E-09
    1.192000E+01    2.727277E-09
    1.193000E+01    2.716250E-09
    1.194000E+01    2.705269E-09
    1.195000E+01    2.694334E-09
    1.196000E+01    2.683445E-09
    1.197000E+01    2.672602E-09
    1.198000E+01    2.661805E-09
    1.199000E+01    2.651053E-09
    1.200000E+01    2.640347E-09
    1.201000E+01    2.629686E-09
    1.202000E+01    2.619070E-09
    1.203000E+01    2.608498E-09
    1.204000E+01    2.597972E-09
    1.205000E+01    2.587489E-09
    1.206000E+01    2.577051E-09
    1.207000E+01    2.566657E-09
    1.208000E+01    2.556307E-09
    1.209000E+01    2.546001E-09
    1.210000E+01    2.535738E-09
    1.211000E+01    2.525518E-09
    1.212000E+01    2.515342E-09
    1.213000E+01    2.505208E-09
    1.214000E+01    2.495118E-09
    1.215000E+01    2.485070E-09
    1.216000E+01    2.475065E-09
    1.217000E+01    2.465102E-09
    1.218000E+01    2.455181E-09
    1.219000E+01    2.445302E-09
    1.220000E+01    2.435465E-09
    1.221000E+01    2.425670E-09
    1.222000E+01    2.415916E-09
    1.223000E+01    2.406203E-09
    1.224000E+01    2.396531E-09
    1.225000E+01    2.386901E-09
    1.226000E+01    2.377311E-09
    1.227000E+01    2.367761E-09
    1.228000E+01    2.358253E-09
    1.229000E+01    2.348784E-09
    1.230000E+01    2.339356E-09
    1.231000E+01    2.329967E-09
    1.232000E+01    2.320618E-09
    1.233000E+01    2.311309E-09
    1.234000E+01    2.302040E-09
    1.235000E+01    2.292809E-09
    1.236000E+01    2.283618E-09
    1.237000E+01    2.274466E-09
    1.238000E+01    2.265352E-09
    1.239000E+01    2.256277E-09
    1.240000E+01    2.247241E-09
    1.241000E+01    2.238243E-09
    1.242000E+01    2.229283E-09
    1.243000E+01    2.220361E-09
    1.244000E+01    2.211477E-09
    1.245000E+01    2.202631E-09
    1.246000E+01    2.193822E-09
    1.247000E+01    2.185050E-09
    1.248000E+01    2.176316E-09
    1.249000E+01    2.167619E-09
    1.250000E+01    2.158958E-09
    1.251000E+01    2.150335E-09
    1.252000E+01    2.141748E-09
    1.253000E+01    2.133197E-09
    1.254000E+01    2.124683E-09
    1.255000E+01    2.116205E-09
    1.256000E+01    2.107763E-09
    1.257000E+01    2.099356E-09
    1.258000E+01    2.090985E-09
    1.259000E+01    2.082650E-09
    1.260000E+01    2.074350E-09
    1.261000E+01    2.066086E-09
    1.262000E+01    2.057856E-09
    1.263000E+01    2.049662E-09
    1.264000E+01    2.041502E-09
    1.265000E+01    2.033377E-09
    1.266000E+01    2.025286E-09
    1.267000E+01    2.017229E-09
    1.268000E+01    2.009207E-09
    1.269000E+01    2.001219E-09
    1.270000E+01    1.993265E-09
    1.271000E+01    1.985344E-09
    1.272000E+01    1.977457E-09
    1.273000E+01    1.969604E-09
    1.274000E+01    1.961784E-09
    1.275000E+01    1.953997E-09
    1.276000E+01    1.946243E-09
    1.277000E+01    1.938522E-09
    1.278000E+01    1.930834E-09
    1.279000E+01    1.923178E-09
    1.280000E+01    1.915555E-09
    1.281000E+01    1.907964E-09
    1.282000E+01    1.900406E-09
    1.283000E+01    1.892879E-09
    1.284000E+01    1.885384E-09
    1.285000E+01    1.877922E-09
    1.286000E+01    1.870490E-09
    1.287000E+01    1.863091E-09
    1.288000E+01    1.855722E-09
    1.289000E+01    1.848385E-09
    1.290000E+01    1.841080E-09
    1.291000E+01    1.833805E-09
    1.292000E+01    1.826561E-09
    1.293000E+01    1.819347E-09
    1.294000E+01    1.812164E-09
    1.295000E+01    1.805012E-09
    1.296000E+01    1.797890E-09
    1.297000E+01    1.790798E-09
    1.298000E+01    1.783736E-09
    1.299000E+01    1.776705E-09
    1.300000E+01    1.769703E-09
    1.301000E+01    1.762730E-09
    1.302000E+01    1.755787E-09
    1.303000E+01    1.748874E-09
    1.304000E+01    1.741990E-09
    1.305000E+01    1.735135E-09
    1.306000E+01    1.728309E-09
    1.307000E+01    1.721512E-09
    1.308000E+01    1.714744E-09
    1.309000E+01    1.708004E-09
    1.310000E+01    1.701293E-09
    1.311000E+01    1.694611E-09
    1.312000E+01    1.687956E-09
    1.313000E+01    1.681330E-09
    1.314000E+01    1.674732E-09
    1.315000E+01    1.668162E-09
    1.316000E+01    1.661619E-09
    1.317000E+01    1.655105E-09
    1.318000E+01    1.648618E-09
    1.319000E+01    1.642158E-09
    1.320000E+01    1.635726E-09
    1.321000E+01    1.629320E-09
    1.322000E+01    1.622942E-09
    1.323000E+01    1.616591E-09
    1.324000E+01    1.610267E-09
    1.325000E+01    1.603969E-09
    1.326000E+01    1.597698E-09
    1.327000E+01    1.591454E-09
    1.328000E+01    1.585236E-09
    1.329000E+01    1.579044E-09
    1.330000E+01    1.572879E-09
    1.331000E+01    1.566739E-09
    1.332000E+01    1.560626E-09
    1.333000E+01    1.554538E-09
    1.334000E+01    1.548476E-09
    1.335000E+01    1.542439E-09
    1.336000E+01    1.536428E-09
    1.337000E+01    1.530443E-09
    1.338000E+01    1.524482E-09
    1.339000E+01    1.518547E-09
    1.340000E+01    1.512637E-09
    1.341000E+01    1.506751E-09
    1.342000E+01    1.500891E-09
    1.343000E+01    1.495055E-09
    1.344000E+01    1.489244E-09
    1.345000E+01    1.483458E-09
    1.346000E+01    1.477695E-09
    1.347000E+01    1.471957E-09
    1.348000E+01    1.466244E-09
    1.349000E+01    1.460554E-09
    1.350000E+01    1.454888E-09
    1.351000E+01    1.449246E-09
    1.352000E+01    1.443628E-09
    1.353000E+01    1.438034E-09
    1.354000E+01    1.432463E-09
    1.355000E+01    1.426915E-09
    1.356000E+01    1.421391E-09
    1.357000E+01    1.415890E-09
    1.358000E+01    1.410413E-09
    1.359000E+01    1.404958E-09
    1.360000E+01    1.399526E-09
    1.361000E+01    1.394117E-09
    1.362000E+01    1.388731E-09
    1.363000E+01    1.383368E-09
    1.364000E+01    1.378027E-09
    1.365000E+01    1.372708E-09
    1.366000E+01    1.367412E-09
    1.367000E+01    1.362138E-09
    1.368000E+01    1.356886E-09
    1.369000E+01    1.351656E-09
    1.370000E+01    1.346449E-09
    1.371000E+01    1.341263E-09
    1.372000E+01    1.336098E-09
    1.373000E+01    1.330956E-09
    1.374000E+01    1.325835E-09
    1.375000E+01    1.320735E-09
    1.376000E+01    1.315657E-09
    1.377000E+01    1.310601E-09
    1.378000E+01    1.305565E-09
    1.379000E+01    1.300550E-09
    1.380000E+01    1.295557E-09
    1.381000E+01    1.290584E-09
    1.382000E+01    1.285633E-09
    1.383000E+01    1.280702E-09
    1.384000E+01    1.275791E-09
    1.385000E+01    1.270901E-09
    1.386000E+01    1.266032E-09
    1.387000E+01    1.261183E-09
    1.388000E+01    1.256354E-09
    1.389000E+01    1.251546E-09
    1.390000E+01    1.246757E-09
    1.391000E+01    1.241989E-09
    1.392000E+01    1.237241E-09
    1.393000E+01    1.232512E-09
    1.394000E+01    1.227803E-09
    1.395000E+01    1.223114E-09
    1.396000E+01    1.218444E-09
    1.397000E+01    1.213794E-09
    1.398000E+01    1.209163E-09
    1.399000E+01    1.204552E-09
    1.400000E+01    1.199960E-09
    1.401000E+01    1.195387E-09
    1.402000E+01    1.190833E-09
    1.403000E+01    1.186298E-09
    1.404000E+01    1.181782E-09
    1.405000E+01    1.177285E-09
    1.406000E+01    1.172806E-09
    1.407000E+01    1.168347E-09
    1.408000E+01    1.163905E-09
    1.409000E+01    1.159483E-09
    1.410000E+01    1.155078E-09
    1.411000E+01    1.150692E-09
    1.412000E+01    1.146324E-09
    1.413000E+01    1.141975E-09
    1.414000E+01    1.137643E-09
    1.415000E+01    1.133330E-09
    1.416000E+01    1.129034E-09
    1.417000E+01    1.124757E-09
    1.418000E+01    1.120497E-09
    1.419000E+01    1.116255E-09
    1.420000E+01    1.112030E-09
    1.421000E+01    1.107823E-09
    1.422000E+01    1.103633E-09
    1.423000E+01    1.099461E-09
    1.424000E+01    1.095306E-09
    1.425000E+01    1.091168E-09
    1.426000E+01    1.087048E-09
    1.427000E+01    1.082944E-09
    1.428000E+01    1.078858E-09
    1.429000E+01    1.074789E-09
    1.430000E+01    1.070736E-09
    1.431000E+01    1.066700E-09
    1.432000E+01    1.062681E-09
    1.433000E+01    1.058678E-09
    1.434000E+01    1.054693E-09
    1.435000E+01    1.050723E-09
    1.436000E+01    1.046770E-09
    1.437000E+01    1.042833E-09
    1.438000E+01    1.038913E-09
    1.439000E+01    1.035009E-09
    1.440000E+01    1.031121E-09
    1.441000E+01    1.027249E-09
    1.442000E+01    1.023393E-09
    1.443000E+01    1.019553E-09
    1.444000E+01    1.015728E-09
    1.445000E+01    1.011920E-09
    1.446000E+01    1.008127E-09
    1.447000E+01    1.004350E-09
    1.448000E+01    1.000589E-09
    1.449000E+01    9.968427E-10
    1.450000E+01    9.931122E-10
    1.451000E+01    9.893970E-10
    1.452000E+01    9.856971E-10
    1.453000E+01    9.820125E-10
    1.454000E+01    9.783430E-10
    1.455000E+01    9.746886E-10
    1.456000E+01    9.710493E-10
    1.457000E+01    9.674249E-10
    1.458000E+01    9.638155E-10
    1.459000E+01    9.602208E-10
    1.460000E+01    9.566410E-10
    1.461000E+01    9.530759E-10
    1.462000E+01    9.495254E-10
    1.463000E+01    9.459895E-10
    1.464000E+01    9.424681E-10
    1.465000E+01    9.389612E-10
    1.466000E+01    9.354687E-10
    1.467000E+01    9.319905E-10
    1.468000E+01    9.285265E-10
    1.469000E+01    9.250768E-10
    1.470000E+01    9.216412E-10
    1.471000E+01    9.182197E-10
    1.472000E+01    9.148122E-10
    1.473000E+01    9.114186E-10
    1.474000E+01    9.080390E-10
    1.475000E+01    9.046732E-10
    1.476000E+01    9.013212E-10
    1.477000E+01    8.979828E-10
    1.478000E+01    8.946582E-10
    1.479000E+01    8.913471E-10
    1.480000E+01    8.880495E-10
    1.481000E+01    8.847655E-10
    1.482000E+01    8.814948E-10
    1.483000E+01    8.782375E-10
    1.484000E+01    8.749935E-10
    1.485000E+01    8.717628E-10
    1.486000E+01    8.685452E-10
    1.487000E+01    8.653408E-10
    1.488000E+01    8.621494E-10
    1.489000E+01    8.589711E-10
    1.490000E+01    8.558056E-10
    1.491000E+01    8.526531E-10
    1.492000E+01    8.495135E-10
    1.493000E+01    8.463866E-10
    1.494000E+01    8.432724E-10
    1.495000E+01    8.401710E-10
    1.496000E+01    8.370821E-10
    1.497000E+01    8.340058E-10
    1.498000E+01    8.309420E-10
    1.499000E+01    8.278907E-10
    1.500000E+01    8.248517E-10
    1.501000E+01    8.218252E-10
    1.502000E+01    8.188109E-10
    1.503000E+01    8.158088E-10
    1.504000E+01    8.128189E-10
    1.505000E+01    8.098412E-10
    1.506000E+01    8.068755E-10
    1.507000E+01    8.039219E-10
    1.508000E+01    8.009802E-10
    1.509000E+01    7.980505E-10
    1.510000E+01    7.951326E-10
    1.511000E+01    7.922266E-10
    1.512000E+01    7.893323E-10
    1.513000E+01    7.864497E-10
    1.514000E+01    7.835788E-10
    1.515000E+01    7.807195E-10
    1.516000E+01    7.778718E-10
    1.517000E+01    7.750356E-10
    1.518000E+01    7.722109E-10
    1.519000E+01    7.693975E-10
    1.520000E+01    7.665956E-10
    1.521000E+01    7.638049E-10
    1.522000E+01    7.610255E-10
    1.523000E+01    7.582573E-10
    1.524000E+01    7.555003E-10
    1.525000E+01    7.527544E-10
    1.526000E+01    7.500196E-10
    1.527000E+01    7.472958E-10
    1.528000E+01    7.445830E-10
    1.529000E+01    7.418811E-10
    1.530000E+01    7.391901E-10
    1.531000E+01    7.365099E-10
    1.532000E+01    7.338405E-10
    1.533000E+01    7.311818E-10
    1.534000E+01    7.285339E-10
    1.535000E+01    7.258965E-10
    1.536000E+01    7.232698E-10
    1.537000E+01    7.206536E-10
    1.538000E+01    7.180480E-10
    1.539000E+01    7.154528E-10
    1.540000E+01    7.128680E-10
    1.541000E+01    7.102936E-10
    1.542000E+01    7.077295E-10
    1.543000E+01    7.051757E-10
    1.544000E+01    7.026321E-10
    1.545000E+01    7.000988E-10
    1.546000E+01    6.975755E-10
    1.547000E+01    6.950624E-10
    1.548000E+01    6.925594E-10
    1.549000E+01    6.900663E-10
    1.550000E+01    6.875833E-10
    1.551000E+01    6.851101E-10
    1.552000E+01    6.826469E-10
    1.553000E+01    6.801935E-10
    1.554000E+01    6.777499E-10
    1.555000E+01    6.753161E-10
    1.556000E+01    6.728920E-10
    1.557000E+01    6.704775E-10
    1.558000E+01    6.680727E-10
    1.559000E+01    6.656775E-10
    1.560000E+01    6.632919E-10
    1.561000E+01    6.609157E-10
    1.562000E+01    6.585490E-10
    1.563000E+01    6.561918E-10
    1.564000E+01    6.538439E-10
    1.565000E+01    6.515054E-10
    1.566000E+01    6.491762E-10
    1.567000E+01    6.468563E-10
    1.568000E+01    6.445456E-10
    1.569000E+01    6.422441E-10
    1.570000E+01    6.399517E-10
    1.571000E+01    6.376684E-10
    1.572000E+01    6.353943E-10
    1.573000E+01    6.331291E-10
    1.574000E+01    6.308729E-10
    1.575000E+01    6.286257E-10
    1.576000E+01    6.263874E-10
    1.577000E+01    6.241580E-10
    1.578000E+01    6.219374E-10
    1.579000E+01    6.197256E-10
    1.580000E+01    6.175226E-10
    1.581000E+01    6.153283E-10
    1.582000E+01    6.131427E-10
    1.583000E+01    6.109657E-10
    1.584000E+01    6.087974E-10
    1.585000E+01    6.066376E-10
    1.586000E+01    6.044864E-10
    1.587000E+01    6.023437E-10
    1.588000E+01    6.002094E-10
    1.589000E+01    5.980836E-10
    1.590000E+01    5.959661E-10
    1.591000E+01    5.938570E-10
    1.592000E+01    5.917563E-10
    1.593000E+01    5.896638E-10
    1.594000E+01    5.875796E-10
    1.595000E+01    5.855036E-10
    1.596000E+01    5.834357E-10
    1.597000E+01    5.813761E-10
    1.598000E+01    5.793245E-10
    1.599000E+01    5.772810E-10
    1.600000E+01    5.752455E-10
    1.601000E+01    5.732181E-10
    1.602000E+01    5.711986E-10
    1.603000E+01    5.691871E-10
    1.604000E+01    5.671835E-10
    1.605000E+01    5.651877E-10
    1.606000E+01    5.631998E-10
    1.607000E+01    5.612197E-10
    1.608000E+01    5.592473E-10
    1.609000E+01    5.572827E-10
    1.610000E+01    5.553258E-10
    1.611000E+01    5.533766E-10
    1.612000E+01    5.514350E-10
    1.613000E+01    5.495010E-10
    1.614000E+01    5.475746E-10
    1.615000E+01    5.456557E-10
    1.616000E+01    5.437443E-10
    1.617000E+01    5.418404E-10
    1.618000E+01    5.399440E-10
    1.619000E+01    5.380550E-10
    1.620000E+01    5.361733E-10
    1.621000E+01    5.342990E-10
    1.622000E+01    5.324320E-10
    1.623000E+01    5.305724E-10
    1.624000E+01    5.287199E-10
    1.625000E+01    5.268747E-10
    1.626000E+01    5.250367E-10
    1.627000E+01    5.232059E-10
    1.628000E+01    5.213822E-10
    1.629000E+01    5.195656E-10
    1.630000E+01    5.177561E-10
    1.631000E+01    5.159536E-10
    1.632000E+01    5.141581E-10
    1.633000E+01    5.123696E-10
    1.634000E+01    5.105881E-10
    1.635000E+01    5.088135E-10
    1.636000E+01    5.070458E-10
    1.637000E+01    5.052850E-10
    1.638000E+01    5.035310E-10
    1.639000E+01    5.017838E-10
    1.640000E+01    5.000434E-10
    1.641000E+01    4.983097E-10
    1.642000E+01    4.965828E-10
    1.643000E+01    4.948626E-10
    1.644000E+01    4.931490E-10
    1.645000E+01    4.914420E-10
    1.646000E+01    4.897417E-10
    1.647000E+01    4.880480E-10
    1.648000E+01    4.863608E-10
    1.649000E+01    4.846801E-10
    1.650000E+01    4.830060E-10
    1.651000E+01    4.813383E-10
    1.652000E+01    4.796771E-10
    1.653000E+01    4.780222E-10
    1.654000E+01    4.763738E-10
    1.655000E+01    4.747317E-10
    1.656000E+01    4.730960E-10
    1.657000E+01    4.714666E-10
    1.658000E+01    4.698434E-10
    1.659000E+01    4.682265E-10
    1.660000E+01    4.666159E-10
    1.661000E+01    4.650114E-10
    1.662000E+01    4.634132E-10
    1.663000E+01    4.618210E-10
    1.664000E+01    4.602350E-10
    1.665000E+01    4.586551E-10
    1.666000E+01    4.570813E-10
    1.667000E+01    4.555136E-10
    1.668000E+01    4.539518E-10
    1.669000E+01    4.523961E-10
    1.670000E+01    4.508463E-10
    1.671000E+01    4.493025E-10
    1.672000E+01    4.477646E-10
    1.673000E+01    4.462326E-10
    1.674000E+01    4.447064E-10
    1.675000E+01    4.431862E-10
    1.676000E+01    4.416717E-10
    1.677000E+01    4.401630E-10
    1.678000E+01    4.386602E-10
    1.679000E+01    4.371630E-10
    1.680000E+01    4.356716E-10
    1.681000E+01    4.341860E-10
    1.682000E+01    4.327059E-10
    1.683000E+01    4.312316E-10
    1.684000E+01    4.297629E-10
    1.685000E+01    4.282997E-10
    1.686000E+01    4.268422E-10
    1.687000E+01    4.253902E-10
    1.688000E+01    4.239438E-10
    1.689000E+01    4.225029E-10
    1.690000E+01    4.210675E-10
    1.691000E+01    4.196375E-10
    1.692000E+01    4.182130E-10
    1.693000E+01    4.167939E-10
    1.694000E+01    4.153802E-10
    1.695000E+01    4.139719E-10
    1.696000E+01    4.125690E-10
    1.697000E+01    4.111714E-10
    1.698000E+01    4.097791E-10
    1.699000E+01    4.083921E-10
    1.700000E+01    4.070104E-10
    1.701000E+01    4.056339E-10
    1.702000E+01    4.042626E-10
    1.703000E+01    4.028965E-10
    1.704000E+01    4.015356E-10
    1.705000E+01    4.001799E-10
    1.706000E+01    3.988293E-10
    1.707000E+01    3.974839E-10
    1.708000E+01    3.961435E-10
    1.709000E+01    3.948082E-10
    1.710000E+01    3.934779E-10
    1.711000E+01    3.921527E-10
    1.712000E+01    3.908325E-10
    1.713000E+01    3.895173E-10
    1.714000E+01    3.882071E-10
    1.715000E+01    3.869018E-10
    1.716000E+01    3.856014E-10
    1.717000E+01    3.843059E-10
    1.718000E+01    3.830154E-10
    1.719000E+01    3.817297E-10
    1.720000E+01    3.804488E-10
    1.721000E+01    3.791728E-10
    1.722000E+01    3.779016E-10
    1.723000E+01    3.766352E-10
    1.724000E+01    3.753735E-10
    1.725000E+01    3.741166E-10
    1.726000E+01    3.728644E-10
    1.727000E+01    3.716169E-10
    1.728000E+01    3.703741E-10
    1.729000E+01    3.691360E-10
    1.730000E+01    3.679026E-10
    1.731000E+01    3.666737E-10
    1.732000E+01    3.654495E-10
    1.733000E+01    3.642299E-10
    1.734000E+01    3.630148E-10
    1.735000E+01    3.618043E-10
    1.736000E+01    3.605984E-10
    1.737000E+01    3.593969E-10
    1.738000E+01    3.582000E-10
    1.739000E+01    3.570076E-10
    1.740000E+01    3.558196E-10
    1.741000E+01    3.546360E-10
    1.742000E+01    3.534569E-10
    1.743000E+01    3.522822E-10
    1.744000E+01    3.511119E-10
    1.745000E+01    3.499459E-10
    1.746000E+01    3.487843E-10
    1.747000E+01    3.476270E-10
    1.748000E+01    3.464741E-10
    1.749000E+01    3.453255E-10
    1.750000E+01    3.441811E-10
    1.751000E+01    3.430410E-10
    1.752000E+01    3.419052E-10
    1.753000E+01    3.407736E-10
    1.754000E+01    3.396462E-10
    1.755000E+01    3.385230E-10
    1.756000E+01    3.374039E-10
    1.757000E+01    3.362891E-10
    1.758000E+01    3.351784E-10
    1.759000E+01    3.340718E-10
    1.760000E+01    3.329693E-10
    1.761000E+01    3.318709E-10
    1.762000E+01    3.307766E-10
    1.763000E+01    3.296864E-10
    1.764000E+01    3.286002E-10
    1.765000E+01    3.275180E-10
    1.766000E+01    3.264398E-10
    1.767000E+01    3.253657E-10
    1.768000E+01    3.242955E-10
    1.769000E+01    3.232292E-10
    1.770000E+01    3.221670E-10
    1.771000E+01    3.211086E-10
    1.772000E+01    3.200542E-10
    1.773000E+01    3.190036E-10
    1.774000E+01    3.179570E-10
    1.775000E+01    3.169142E-10
    1.776000E+01    3.158753E-10
    1.777000E+01    3.148402E-10
    1.778000E+01    3.138089E-10
    1.779000E+01    3.127814E-10
    1.780000E+01    3.117577E-10
    1.781000E+01    3.107378E-10
    1.782000E+01    3.097217E-10
    1.783000E+01    3.087093E-10
    1.784000E+01    3.077006E-10
    1.785000E+01    3.066956E-10
    1.786000E+01    3.056943E-10
    1.787000E+01    3.046967E-10
    1.788000E+01    3.037028E-10
    1.789000E+01    3.027125E-10
    1.790000E+01    3.017259E-10
    1.791000E+01    3.007429E-10
    1.792000E+01    2.997635E-10
    1.793000E+01    2.987877E-10
    1.794000E+01    2.978155E-10
    1.795000E+01    2.968468E-10
    1.796000E+01    2.958817E-10
    1.797000E+01    2.949201E-10
    1.798000E+01    2.939621E-10
    1.799000E+01    2.930075E-10
    1.800000E+01    2.920565E-10
    1.801000E+01    2.911089E-10
    1.802000E+01    2.901648E-10
    1.803000E+01    2.892241E-10
    1.804000E+01    2.882869E-10
    1.805000E+01    2.873531E-10
    1.806000E+01    2.864227E-10
    1.807000E+01    2.854957E-10
    1.808000E+01    2.845721E-10
    1.809000E+01    2.836519E-10
    1.810000E+01    2.827350E-10
    1.811000E+01    2.818215E-10
    1.812000E+01    2.809113E-10
    1.813000E+01    2.800044E-10
    1.814000E+01    2.791008E-10
    1.815000E+01    2.782005E-10
    1.816000E+01    2.773035E-10
    1.817000E+01    2.764097E-10
    1.818000E+01    2.755192E-10
    1.819000E+01    2.746319E-10
    1.820000E+01    2.737478E-10
    1.821000E+01    2.728670E-10
    1.822000E+01    2.719893E-10
    1.823000E+01    2.711149E-10
    1.824000E+01    2.702436E-10
    1.825000E+01    2.693754E-10
    1.826000E+01    2.685104E-10
    1.827000E+01    2.676486E-10
    1.828000E+01    2.667899E-10
    1.829000E+01    2.659342E-10
    1.830000E+01    2.650817E-10
    1.831000E+01    2.642323E-10
    1.832000E+01    2.633859E-10
    1.833000E+01    2.625426E-10
    1.834000E+01    2.617023E-10
    1.835000E+01    2.608651E-10
    1.836000E+01    2.600309E-10
    1.837000E+01    2.591997E-10
    1.838000E+01    2.583715E-10
    1.839000E+01    2.575463E-10
    1.840000E+01    2.567240E-10
    1.841000E+01    2.559047E-10
    1.842000E+01    2.550884E-10
    1.843000E+01    2.542750E-10
    1.844000E+01    2.534646E-10
    1.845000E+01    2.526571E-10
    1.846000E+01    2.518524E-10
    1.847000E+01    2.510507E-10
    1.848000E+01    2.502518E-10
    1.849000E+01    2.494558E-10
    1.850000E+01    2.486627E-10
    1.851000E+01    2.478724E-10
    1.852000E+01    2.470850E-10
    1.853000E+01    2.463004E-10
    1.854000E+01    2.455186E-10
    1.855000E+01    2.447396E-10
    1.856000E+01    2.439634E-10
    1.857000E+01    2.431899E-10
    1.858000E+01    2.424193E-10
    1.859000E+01    2.416514E-10
    1.860000E+01    2.408862E-10
    1.861000E+01    2.401238E-10
    1.862000E+01    2.393641E-10
    1.863000E+01    2.386071E-10
    1.864000E+01    2.378529E-10
    1.865000E+01    2.371013E-10
    1.866000E+01    2.363524E-10
    1.867000E+01    2.356062E-10
    1.868000E+01    2.348626E-10
    1.869000E+01    2.341217E-10
    1.870000E+01    2.333834E-10
    1.871000E+01    2.326478E-10
    1.872000E+01    2.319148E-10
    1.873000E+01    2.311844E-10
    1.874000E+01    2.304566E-10
    1.875000E+01    2.297313E-10
    1.876000E+01    2.290087E-10
    1.877000E+01    2.282886E-10
    1.878000E+01    2.275711E-10
    1.879000E+01    2.268562E-10
    1.880000E+01    2.261437E-10
    1.881000E+01    2.254338E-10
    1.882000E+01    2.247265E-10
    1.883000E+01    2.240216E-10
    1.884000E+01    2.233192E-10
    1.885000E+01    2.226194E-10
    1.886000E+01    2.219220E-10
    1.887000E+01    2.212270E-10
    1.888000E+01    2.205346E-10
    1.889000E+01    2.198445E-10
    1.890000E+01    2.191570E-10
    1.891000E+01    2.184718E-10
    1.892000E+01    2.177891E-10
    1.893000E+01    2.171088E-10
    1.894000E+01    2.164309E-10
    1.895000E+01    2.157554E-10
    1.896000E+01    2.150823E-10
    1.897000E+01    2.144115E-10
    1.898000E+01    2.137431E-10
    1.899000E+01    2.130771E-10
    1.900000E+01    2.124134E-10
    1.901000E+01    2.117521E-10
    1.902000E+01    2.110930E-10
    1.903000E+01    2.104363E-10
    1.904000E+01    2.097820E-10
    1.905000E+01    2.091299E-10
    1.906000E+01    2.084801E-10
    1.907000E+01    2.078326E-10
    1.908000E+01    2.071874E-10
    1.909000E+01    2.065444E-10
    1.910000E+01    2.059037E-10
    1.911000E+01    2.052652E-10
    1.912000E+01    2.046290E-10
    1.913000E+01    2.039950E-10
    1.914000E+01    2.033633E-10
    1.915000E+01    2.027337E-10
    1.916000E+01    2.021064E-10
    1.917000E+01    2.014812E-10
    1.918000E+01    2.008582E-10
    1.919000E+01    2.002375E-10
    1.920000E+01    1.996189E-10
    1.921000E+01    1.990024E-10
    1.922000E+01    1.983881E-10
    1.923000E+01    1.977760E-10
    1.924000E+01    1.971660E-10
    1.925000E+01    1.965581E-10
    1.926000E+01    1.959523E-10
    1.927000E+01    1.953487E-10
    1.928000E+01    1.947471E-10
    1.929000E+01    1.941477E-10
    1.930000E+01    1.935504E-10
    1.931000E+01    1.929551E-10
    1.932000E+01    1.923619E-10
    1.933000E+01    1.917707E-10
    1.934000E+01    1.911817E-10
    1.935000E+01    1.905946E-10
    1.936000E+01    1.900096E-10
    1.937000E+01    1.894267E-10
    1.938000E+01    1.888458E-10
    1.939000E+01    1.882668E-10
    1.940000E+01    1.876899E-10
    1.941000E+01    1.871150E-10
    1.942000E+01    1.865421E-10
    1.943000E+01    1.859712E-10
    1.944000E+01    1.854023E-10
    1.945000E+01    1.848353E-10
    1.946000E+01    1.842703E-10
    1.947000E+01    1.837072E-10
    1.948000E+01    1.831461E-10
    1.949000E+01    1.825870E-10
    1.950000E+01    1.820297E-10
    1.951000E+01    1.814744E-10
    1.952000E+01    1.809211E-10
    1.953000E+01    1.803696E-10
    1.954000E+01    1.798200E-10
    1.955000E+01    1.792723E-10
    1.956000E+01    1.787266E-10
    1.957000E+01    1.781827E-10
    1.958000E+01    1.776406E-10
    1.959000E+01    1.771005E-10
    1.960000E+01    1.765622E-10
    1.961000E+01    1.760258E-10
    1.962000E+01    1.754912E-10
    1.963000E+01    1.749584E-10
    1.964000E+01    1.744275E-10
    1.965000E+01    1.738984E-10
    1.966000E+01    1.733711E-10
    1.967000E+01    1.728456E-10
    1.968000E+01    1.723220E-10
    1.969000E+01    1.718001E-10
    1.970000E+01    1.712800E-10
    1.971000E+01    1.707618E-10
    1.972000E+01    1.702453E-10
    1.973000E+01    1.697305E-10
    1.974000E+01    1.692175E-10
    1.975000E+01    1.687063E-10
    1.976000E+01    1.681968E-10
    1.977000E+01    1.676891E-10
    1.978000E+01    1.671831E-10
    1.979000E+01    1.666789E-10
    1.980000E+01    1.661763E-10
    1.981000E+01    1.656755E-10
    1.982000E+01    1.651764E-10
    1.983000E+01    1.646790E-10
    1.984000E+01    1.641833E-10
    1.985000E+01    1.636893E-10
    1.986000E+01    1.631970E-10
    1.987000E+01    1.627063E-10
    1.988000E+01    1.622174E-10
    1.989000E+01    1.617301E-10
    1.990000E+01    1.612444E-10
    1.991000E+01    1.607604E-10
    1.992000E+01    1.602781E-10
    1.993000E+01    1.597974E-10
    1.994000E+01    1.593183E-10
    1.995000E+01    1.588409E-10
    1.996000E+01    1.583650E-10
    1.997000E+01    1.578908E-10
    1.998000E+01    1.574183E-10
    1.999000E+01    1.569473E-10
